0 4 1 0 1
0 5 0 0 0
0 5 0 0 1
0 5 0 1 0
0 5 0 1 1
0 5 1 0 0
0 5 1 0 1
0 5 1 1 0
0 5 1 1 1
0 5 2 0 0
0 5 2 0 1
0 5 2 1 0
0 5 2 1 1
0 5 3 0 0
0 5 3 0 1
0 5 3 1 0
0 5 3 1 1
0 5 4 0 0
0 5 4 0 1
0 5 4 1 0
0 5 4 1 1
0 7 0 0 0
0 7 0 0 1
0 7 0 1 0
0 7 0 1 1
0 7 1 0 0
0 7 1 0 1
0 7 1 1 0
0 7 1 1 1
0 7 2 0 0
0 7 2 0 1
0 7 2 1 0
0 7 2 1 1
0 7 3 0 0
0 7 3 0 1
0 7 3 1 0
0 7 3 1 1
0 7 4 0 0
0 7 4 0 1
0 7 4 1 0
0 7 4 1 1
0 9 0 0 0
0 9 0 0 1
0 9 0 1 0
0 9 0 1 1
0 9 1 0 0
0 9 1 0 1
0 9 1 1 0
0 9 1 1 1
0 9 2 0 0
0 9 2 0 1
0 9 2 1 0
0 9 2 1 1
0 9 3 0 0
0 9 3 0 1
0 9 3 1 0
0 9 3 1 1
0 9 4 0 0
0 9 4 0 1
0 9 4 1 0
0 9 4 1 1
0 13 0 0 0
0 13 0 0 1
0 13 0 1 0
0 13 0 1 1
0 13 1 0 0
0 13 1 0 1
0 13 1 1 0
0 13 1 1 1
0 13 2 0 0
0 13 2 0 1
0 13 2 1 0
0 13 2 1 1
0 13 3 0 0
0 13 3 0 1
0 13 3 1 0
0 13 3 1 1
0 13 4 0 0
0 13 4 0 1
0 13 4 1 0
0 13 4 1 1
0 15 0 0 0
0 15 0 0 1
0 15 0 1 0
0 15 0 1 1
0 15 1 0 0
0 15 1 0 1
0 15 1 1 0
0 15 1 1 1
0 15 2 0 0
0 15 2 0 1
0 15 2 1 0
0 15 2 1 1
0 15 3 0 0
0 15 3 0 1
0 15 3 1 0
0 15 3 1 1
0 15 4 0 0
0 15 4 0 1
0 15 4 1 0
0 15 4 1 1
1 2 0 0 0
1 2 0 0 1
1 2 0 1 0
1 2 0 1 1
1 2 1 0 0
1 2 1 0 1
1 2 1 1 0
1 2 1 1 1
1 2 2 0 0
1 2 2 0 1
1 2 2 1 0
1 2 2 1 1
1 2 3 0 0
1 2 3 0 1
1 2 3 1 0
1 2 3 1 1
1 2 4 0 0
1 2 4 0 1
1 2 4 1 0
1 2 4 1 1
1 2 5 0 0
1 2 5 0 1
1 2 5 1 0
1 2 5 1 1
1 9 4 0 0
1 9 4 0 1
1 9 4 1 0
1 9 4 1 1
1 9 5 0 0
1 9 5 0 1
1 9 5 1 0
1 9 5 1 1
1 10 0 0 0
1 10 0 0 1
1 10 0 1 1
1 10 2 0 0
1 10 2 1 1
1 10 3 0 0
1 10 3 1 1
1 10 4 0 0
1 10 4 1 0
1 10 5 0 0
1 10 5 1 1
1 13 0 0 0
1 13 0 0 1
1 13 0 1 0
1 13 0 1 1
1 13 1 0 0
1 13 1 0 1
1 13 1 1 0
1 13 1 1 1
1 13 2 0 0
1 13 2 0 1
1 13 2 1 0
1 13 2 1 1
1 13 3 0 0
1 13 3 0 1
1 13 3 1 0
1 13 3 1 1
1 13 4 0 0
1 13 4 0 1
1 13 4 1 0
1 13 4 1 1
1 13 5 0 0
1 13 5 0 1
1 13 5 1 0
1 13 5 1 1
1 18 0 0 0
1 18 0 0 1
1 18 0 1 0
1 18 0 1 1
1 18 1 0 0
1 18 1 0 1
1 18 1 1 0
1 18 1 1 1
1 18 2 0 0
1 18 2 0 1
1 18 2 1 0
1 18 2 1 1
1 18 3 0 0
1 18 3 0 1
1 18 3 1 0
1 18 3 1 1
1 18 4 0 0
1 18 4 0 1
1 18 4 1 0
1 18 4 1 1
1 18 5 0 0
1 18 5 0 1
1 18 5 1 0
1 18 5 1 1
1 23 4 0 0
1 23 4 0 1
1 23 4 1 0
1 23 4 1 1
