0	0	346973	349680	0.00117673	0.00154275	0.00135974	3.6602e-05
0	1	346973	349680	0.00121346	0.00161476	0.00141411	4.01303e-05
0	2	346973	346983	0.00101643	0.00179617	0.0014063	7.7974e-05
0	2	346984	347128	0.00107997	0.0013807	0.00123034	3.00725e-05
0	2	347129	349680	0.00126111	0.00161639	0.00143875	3.55289e-05
0	3	346973	349680	0.00104872	0.00139067	0.0012197	3.41952e-05
0	4	346973	349680	0.00106356	0.00145781	0.00126068	3.94256e-05
0	5	346973	349680	0.000629898	0.00178598	0.00120794	0.000115608
0	6	346973	349680	0.00124452	0.00178536	0.00151494	5.40842e-05
0	7	346973	349680	0.00119264	0.00170127	0.00144695	5.08624e-05
1	0	346973	349160	0.00123783	0.00166841	0.00145312	4.30572e-05
1	0	349161	349680	0	0	0	0
1	1	346973	349680	0.00117153	0.00163351	0.00140252	4.61978e-05
1	2	346973	349680	0.0012167	0.00161351	0.00141511	3.96809e-05
1	3	346973	349680	0.00136993	0.00186975	0.00161984	4.99826e-05
1	4	346973	349680	0.000887574	0.00140868	0.00114813	5.21107e-05
1	5	346973	349680	0.00078486	0.00132472	0.00105479	5.39856e-05
1	6	346973	349680	0	0	0	0
1	7	346973	349680	0.000615359	0.000964506	0.000789933	3.49147e-05
2	0	346973	346983	0.00111014	0.00137639	0.00124327	2.66249e-05
2	0	346984	347128	0.000787785	0.00146008	0.00112393	6.72298e-05
2	0	347129	349680	0.00103317	0.00146431	0.00124874	4.3114e-05
2	1	346973	349680	0.00102629	0.00164292	0.0013346	6.16624e-05
2	2	346973	349680	0.000855972	0.00132662	0.0010913	4.70652e-05
2	3	346973	349680	0	0	0	0
2	4	346973	349680	0.000774355	0.00122754	0.00100095	4.53182e-05
2	5	346973	349680	0	0	0	0
2	6	346973	346983	0.00112877	0.00129744	0.0012131	1.6867e-05
2	6	346984	347128	0.00067388	0.00145519	0.00106454	7.81309e-05
2	6	347129	349680	0.000979351	0.00144938	0.00121437	4.70034e-05
2	7	346973	349680	0.000355895	0.000692286	0.000524091	3.36391e-05
3	0	346973	349680	0.00128606	0.00171298	0.00149952	4.26921e-05
3	1	346973	349680	0.00108149	0.00194405	0.00151277	8.62559e-05
3	2	346973	349680	0.00134166	0.00179381	0.00156774	4.52154e-05
3	3	346973	349680	0.000951936	0.00186132	0.00140663	9.09385e-05
3	4	346973	349680	0.00120613	0.00180308	0.00150461	5.96955e-05
3	5	346973	349680	0.000827318	0.00191092	0.00136912	0.00010836
3	6	346973	349680	0.0011807	0.00180887	0.00149478	6.28167e-05
3	7	346973	349680	0.000837314	0.00178662	0.00131197	9.49303e-05
4	0	346973	349680	0.000893787	0.00132704	0.00111041	4.33251e-05
4	1	346973	349680	0.000754226	0.00170164	0.00122793	9.47415e-05
4	2	346973	349680	0.00113207	0.00158245	0.00135726	4.50382e-05
4	3	346973	349680	0.000593475	0.00183897	0.00121622	0.000124549
4	4	346973	349680	0.000644898	0.00163105	0.00113797	9.86147e-05
4	5	346973	349680	0.000543897	0.00186139	0.00120264	0.000131749
4	6	346973	349680	0.000612488	0.00198502	0.00129876	0.000137254
4	7	346973	349680	0.000561123	0.0015208	0.00104096	9.59674e-05
5	0	346973	347070	0.000230793	0.000849832	0.000540312	6.19039e-05
5	0	347071	349680	0.00107393	0.00142079	0.00124736	3.4686e-05
5	1	346973	347070	0.000467984	0.00140581	0.000936898	9.37828e-05
5	1	347071	349680	0.00116258	0.00160342	0.001383	4.40836e-05
5	2	346973	347070	0.00021638	0.000617926	0.000417153	4.01545e-05
5	2	347071	347365	0.000985249	0.00162475	0.001305	6.39501e-05
5	2	347366	349680	0.00126497	0.00172618	0.00149557	4.61216e-05
5	3	346973	347070	0.000482261	0.00142164	0.000951951	9.39379e-05
5	3	347071	347310	0.00116764	0.00166171	0.00141467	4.94065e-05
5	3	347311	349680	0.00108584	0.00156296	0.0013244	4.77114e-05
5	4	346973	347070	0.000290424	0.000577409	0.000433916	2.86985e-05
5	4	347071	347365	0.000883362	0.0014583	0.00117083	5.74943e-05
5	4	347366	349680	0.00115301	0.00154625	0.00134963	3.93245e-05
5	5	346973	347070	0.000391065	0.000676884	0.000533975	2.85819e-05
5	5	347071	349680	0.00101832	0.00137673	0.00119753	3.58414e-05
5	6	346973	347070	0.000357313	0.000702341	0.000529827	3.45028e-05
5	6	347071	349680	0.000952518	0.00132705	0.00113978	3.74531e-05
5	7	346973	347070	0.000448079	0.000879099	0.000663589	4.31019e-05
5	7	347071	349680	0.00111058	0.00148552	0.00129805	3.74936e-05
6	0	346973	349680	0.00118642	0.00165995	0.00142319	4.73531e-05
6	1	346973	349680	0.00123571	0.00182877	0.00153224	5.93057e-05
6	2	346973	349680	0.000810174	0.0012107	0.00101043	4.00522e-05
6	3	346973	349680	0.000979309	0.00147968	0.0012295	5.00373e-05
6	4	346973	349680	0	0	0	0
6	5	346973	347120	0.000171593	0.000779093	0.000475343	6.07499e-05
6	5	347121	347135	0.000911193	0.00146426	0.00118773	5.53067e-05
6	5	347136	349680	0.00112958	0.00147563	0.00130261	3.4605e-05
6	6	346973	347120	0.000312626	0.000975586	0.000644106	6.6296e-05
6	6	347121	347135	0.000852543	0.00148079	0.00116667	6.28247e-05
6	6	347136	349680	0.00114535	0.00151615	0.00133075	3.70797e-05
6	7	346973	347120	0.000514484	0.00109044	0.000802461	5.75955e-05
6	7	347121	347135	0.000815616	0.00140922	0.00111242	5.93604e-05
6	7	347136	349680	0.00107321	0.00137307	0.00122314	2.99865e-05
7	0	346973	349680	0.000885984	0.00130485	0.00109542	4.18864e-05
7	1	346973	349680	0	0	0	0
7	2	346973	349680	0.00144038	0.00205009	0.00174523	6.09709e-05
7	3	346973	349680	0.00114467	0.00161177	0.00137822	4.67105e-05
7	4	346973	349680	0	0	0	0
7	5	346973	349680	0.000780099	0.00124622	0.00101316	4.66122e-05
7	6	346973	346983	0.000832286	0.00134618	0.00108923	5.13894e-05
7	6	346984	347128	0.000716225	0.00117897	0.000947599	4.62747e-05
7	6	347129	349680	0.000863631	0.00131284	0.00108823	4.49205e-05
7	7	346973	349680	0.000782925	0.00120873	0.000995829	4.25808e-05
8	0	346973	349680	0.00118647	0.00162089	0.00140368	4.34417e-05
8	1	346973	349680	0.00121704	0.00169173	0.00145439	4.74686e-05
8	2	346973	349680	0.00146364	0.00193716	0.0017004	4.73521e-05
8	3	346973	349680	0.00122841	0.0016649	0.00144666	4.36485e-05
8	4	346973	349680	0.00113192	0.0015046	0.00131826	3.72673e-05
8	5	346973	349680	0.00128675	0.00167746	0.0014821	3.90711e-05
8	6	346973	349680	0.00110991	0.00151345	0.00131168	4.03542e-05
8	7	346973	349680	0.00103739	0.00139408	0.00121573	3.56683e-05
9	0	346973	349680	0.00101441	0.00142129	0.00121785	4.06875e-05
9	1	346973	349680	0.00109017	0.00165206	0.00137112	5.61891e-05
9	2	346973	349680	0.00136915	0.00193055	0.00164985	5.614e-05
9	3	346973	349680	0.00128818	0.00185947	0.00157383	5.71288e-05
9	4	346973	349680	0.000924588	0.00139983	0.00116221	4.75244e-05
9	5	346973	349680	0.000947512	0.00135876	0.00115314	4.11252e-05
9	6	346973	349680	0.000958514	0.00135591	0.00115721	3.97394e-05
9	7	346973	349680	0.000860311	0.00124119	0.00105075	3.80881e-05
10	0	346973	349680	0.000979979	0.00148998	0.00123498	5.10005e-05
10	1	346973	349680	0.00106819	0.0016933	0.00138075	6.25117e-05
10	2	346973	349680	0.00100826	0.00164201	0.00132513	6.33745e-05
10	3	346973	349680	0.000706055	0.00126326	0.000984656	5.57201e-05
10	4	346973	349680	0.00133232	0.00261971	0.00197602	0.000128739
10	5	346973	349680	0.000491281	0.000880465	0.000685873	3.89184e-05
10	6	346973	349680	0.00108308	0.00173719	0.00141014	6.54115e-05
10	7	346973	349680	0.000969054	0.00155936	0.00126421	5.90302e-05
11	0	346973	347128	0.000146236	0.000284029	0.000215132	1.37793e-05
11	0	347129	349680	0.00110159	0.00155994	0.00133076	4.58348e-05
11	1	346973	347128	0.000115002	0.000245118	0.00018006	1.30116e-05
11	1	347129	349680	0.0010009	0.00142966	0.00121528	4.2876e-05
11	2	346973	347128	0.000176205	0.000306224	0.000241214	1.30018e-05
11	2	347129	349680	0.00100178	0.00144247	0.00122213	4.40697e-05
11	3	346973	347128	0.000266534	0.000625885	0.00044621	3.59351e-05
11	3	347129	349680	0.00124607	0.00167924	0.00146265	4.3317e-05
11	4	346973	347128	2.31178e-05	0.000282679	0.000152898	2.59561e-05
11	4	347129	349680	0.00120219	0.0016577	0.00142994	4.55508e-05
11	5	346973	347128	0.000132078	0.000481103	0.00030659	3.49026e-05
11	5	347129	349680	0.00109201	0.00150175	0.00129688	4.09744e-05
11	6	346973	347128	1.42575e-05	0.000187281	0.000100769	1.73024e-05
11	6	347129	349680	0.00115876	0.00168006	0.00141941	5.21307e-05
11	7	346973	347128	-2.19453e-05	0.000118229	4.81421e-05	1.40175e-05
11	7	347129	349680	0.000995196	0.0014238	0.0012095	4.28606e-05
12	0	346973	347075	0.000761848	0.00128502	0.00102343	5.2317e-05
12	0	347076	347128	0.000864951	0.00138505	0.001125	5.20099e-05
12	0	347129	347350	-5.947e-05	0.00075618	0.000348355	8.1565e-05
12	0	347351	349260	0.00100319	0.0014644	0.0012338	4.61215e-05
12	0	349261	349680	0.000681648	0.00147427	0.00107796	7.92623e-05
12	1	346973	347075	0.000295206	0.000829429	0.000562317	5.34223e-05
12	1	347076	347128	0.00105957	0.00135516	0.00120737	2.95589e-05
12	1	347129	347350	-0.000226275	0.000649334	0.000211529	8.75609e-05
12	1	347351	348990	0.000949662	0.001499	0.00122433	5.49341e-05
12	1	348991	349680	0.000674349	0.00140026	0.00103731	7.25914e-05
12	2	346973	347075	0.000498872	0.000946626	0.000722749	4.47754e-05
12	2	347076	347128	0.00105534	0.00139981	0.00122758	3.44468e-05
12	2	347129	347350	-3.27061e-05	0.000226683	9.69883e-05	2.59389e-05
12	2	347351	349260	0.00105282	0.00150721	0.00128002	4.54386e-05
12	2	349261	349680	0.000624844	0.00161369	0.00111927	9.88847e-05
12	3	346973	347075	0.000627252	0.00127891	0.000953083	6.51662e-05
12	3	347076	347128	0.000998973	0.00133562	0.0011673	3.36646e-05
12	3	347129	347350	-2.0095e-05	7.60135e-05	2.79592e-05	9.61085e-06
12	3	347351	348990	0.00110053	0.00146218	0.00128135	3.61656e-05
12	3	348991	349680	0.000762825	0.00143717	0.0011	6.7435e-05
12	4	346973	347075	0.000425497	0.000666628	0.000546062	2.41131e-05
12	4	347076	349680	0.00103946	0.001383	0.00121123	3.43546e-05
12	5	346973	347075	0.000460794	0.000841965	0.00065138	3.81171e-05
12	5	347076	349680	0.00107591	0.00143271	0.00125431	3.56807e-05
12	6	346973	347075	0.000252467	0.000477903	0.000365185	2.25435e-05
12	6	347076	349680	0.000993432	0.00135033	0.00117188	3.56902e-05
12	7	346973	347075	0.000216709	0.000430696	0.000323702	2.13987e-05
12	7	347076	349680	0.000921426	0.00125696	0.00108919	3.35535e-05
13	0	346973	349680	0.000890711	0.00144211	0.00116641	5.51404e-05
13	1	346973	349680	0.000858357	0.00140535	0.00113186	5.46996e-05
13	2	346973	349680	0.00106165	0.00155627	0.00130896	4.94621e-05
13	3	346973	349680	0.000813348	0.00130984	0.00106159	4.9649e-05
13	4	346973	349680	0.00078835	0.00133191	0.00106013	5.43563e-05
13	5	346973	349680	0.000780693	0.00164492	0.0012128	8.64224e-05
13	6	346973	349680	0.000750454	0.00127331	0.00101188	5.2286e-05
13	7	346973	349680	0.000485414	0.00100182	0.000743616	5.16404e-05
14	0	346973	347760	0.000542205	0.000866601	0.000704403	3.24396e-05
14	0	347761	348030	0.000258127	0.000478123	0.000368125	2.19997e-05
14	0	348031	348158	0.000611942	0.000843884	0.000727913	2.31942e-05
14	0	348159	348245	0.000258765	0.000491269	0.000375017	2.32504e-05
14	0	348246	348279	0.000435376	0.000658534	0.000546955	2.23158e-05
14	0	348280	348284	-2.44645e-05	8.05759e-05	2.80557e-05	1.0504e-05
14	0	348285	349680	0.000607983	0.000829885	0.000718934	2.21901e-05
14	1	346973	347760	0.00086929	0.00135733	0.00111331	4.88038e-05
14	1	347761	348030	0.000550643	0.000803628	0.000677136	2.52985e-05
14	1	348031	348158	0.000965927	0.00134327	0.0011546	3.77346e-05
14	1	348159	348245	0.000531834	0.000822288	0.000677061	2.90455e-05
14	1	348246	348279	0.00078171	0.00104816	0.000914937	2.66454e-05
14	1	348280	348284	6.94243e-05	0.000174464	0.000121944	1.0504e-05
14	1	348285	349680	0.000926973	0.0013385	0.00113274	4.11531e-05
14	2	346973	347760	0.000878333	0.00134499	0.00111166	4.66656e-05
14	2	347761	348030	0.000555631	0.000769369	0.0006625	2.13739e-05
14	2	348031	348158	0.000928443	0.00135064	0.00113954	4.22196e-05
14	2	348159	348245	0.000505456	0.000813972	0.000659714	3.08515e-05
14	2	348246	348279	0.000745326	0.00104685	0.000896087	3.01521e-05
14	2	348280	348284	5.05357e-05	0.000155576	0.000103056	1.0504e-05
14	2	348285	349680	0.000959766	0.00130628	0.00113302	3.46517e-05
14	3	346973	347760	0.000586428	0.000913411	0.000749919	3.26983e-05
14	3	347761	348030	0.000338769	0.000527839	0.000433304	1.8907e-05
14	3	348031	348158	0.000628223	0.000912162	0.000770192	2.83939e-05
14	3	348159	348245	0.000326826	0.000552168	0.000439497	2.25343e-05
14	3	348246	348279	0.000494563	0.000730536	0.00061255	2.35972e-05
14	3	348280	348284	6.1883e-05	7.63532e-05	6.91181e-05	1.44702e-06
14	3	348285	349680	0.000608564	0.000895275	0.00075192	2.86711e-05
14	4	346973	347760	0.000682374	0.00141216	0.00104727	7.29784e-05
14	4	347761	348030	0.000512085	0.000781208	0.000646646	2.69123e-05
14	4	348031	348158	0.000905433	0.00129457	0.0011	3.89135e-05
14	4	348159	348245	0.000532849	0.000765149	0.000648999	2.32301e-05
14	4	348246	348279	0.000737785	0.000972614	0.0008552	2.34829e-05
14	4	348280	348284	4.44243e-05	0.000149464	9.69443e-05	1.0504e-05
14	4	348285	349680	0.000847548	0.00126082	0.00105419	4.13274e-05
14	5	346973	347760	0.00105716	0.00145978	0.00125847	4.02616e-05
14	5	347761	348030	0.000684928	0.000858997	0.000771962	1.74068e-05
14	5	348031	348158	0.0010635	0.00149246	0.00127798	4.28963e-05
14	5	348159	348245	0.000672317	0.000886695	0.000779506	2.14378e-05
14	5	348246	348279	0.000856512	0.00116075	0.00100863	3.04239e-05
14	5	348280	348284	7.4458e-05	0.000163042	0.00011875	8.85841e-06
14	5	348285	349680	0.00108085	0.00142126	0.00125106	3.40411e-05
14	6	346973	349680	0	0	0	0
14	7	346973	347760	0.000926376	0.00132461	0.0011255	3.98239e-05
14	7	347761	348030	0.000574564	0.000751631	0.000663098	1.77067e-05
14	7	348031	348158	0.000964372	0.00131843	0.0011414	3.54059e-05
14	7	348159	348245	0.000569645	0.000766909	0.000668277	1.97264e-05
14	7	348246	348279	0.000772151	0.000988806	0.000880479	2.16655e-05
14	7	348280	348284	9.79953e-05	0.000127005	0.0001125	2.90095e-06
14	7	348285	349680	0.000985883	0.00128034	0.00113311	2.94457e-05
15	0	346973	349680	0	0	0	0
15	1	346973	349680	0	0	0	0
15	2	346973	349680	0	0	0	0
15	3	346973	349680	0	0	0	0
15	4	346973	349680	0	0	0	0
15	5	346973	349680	0	0	0	0
15	6	346973	349680	0	0	0	0
15	7	346973	349680	0	0	0	0
16	0	346973	349680	0	0	0	0
16	1	346973	349680	0	0	0	0
16	2	346973	349680	0	0	0	0
16	3	346973	349680	0	0	0	0
16	4	346973	347075	0.000362918	0.000684453	0.000523685	3.21535e-05
16	4	347076	348388	0.000459079	0.000959243	0.000709161	5.00163e-05
16	4	348389	349680	0.000696477	0.000920776	0.000808627	2.243e-05
16	5	346973	347075	0.000199485	0.000382447	0.000290966	1.82961e-05
16	5	347076	348388	0.000493325	0.000920424	0.000706874	4.271e-05
16	5	348389	349680	0.00068049	0.000945135	0.000812812	2.64645e-05
16	6	346973	347075	0.000417608	0.000789734	0.000603671	3.72126e-05
16	6	347076	347371	0.000725533	0.00103529	0.000880412	3.09759e-05
16	6	347372	348388	0.000514523	0.00097184	0.000743181	4.57317e-05
16	6	348389	349680	0.000752318	0.000980782	0.00086655	2.28464e-05
16	7	346973	347075	0.000224968	0.000451825	0.000338396	2.26857e-05
16	7	347076	348388	0.000485821	0.000903435	0.000694628	4.17614e-05
16	7	348389	349680	0.000705648	0.000929643	0.000817645	2.23995e-05
17	0	346973	349680	0	0	0	0
17	1	346973	347075	0.000234206	0.00062827	0.000431238	3.94065e-05
17	1	347076	347905	0.000646902	0.001039	0.000842953	3.92103e-05
17	1	347906	349680	0.000580536	0.000905252	0.000742894	3.24717e-05
17	2	346973	347075	0.00044228	0.000790743	0.000616512	3.48463e-05
17	2	347076	347905	0.000657876	0.00101233	0.000835102	3.54453e-05
17	2	347906	349680	0.000578369	0.000895259	0.000736814	3.1689e-05
17	3	346973	347075	0.00034245	0.000784306	0.000563378	4.41856e-05
17	3	347076	347905	0.00062174	0.00096929	0.000795515	3.4755e-05
17	3	347906	349680	0.000553605	0.000859254	0.00070643	3.05649e-05
17	4	346973	347905	0.000575201	0.00101688	0.000796038	4.41674e-05
17	4	347906	349680	0.000563118	0.0008904	0.000726759	3.27283e-05
17	5	346973	347905	0.000652852	0.0011079	0.000880375	4.55044e-05
17	5	347906	348409	0.000460896	0.000955703	0.000708299	4.94808e-05
17	5	348410	349680	0.000694416	0.000948095	0.000821255	2.53679e-05
17	6	346973	347075	0.000581156	0.000999314	0.000790235	4.18158e-05
17	6	347076	347905	0.00078674	0.00113212	0.000959431	3.45382e-05
17	6	347906	349680	0.000684057	0.00108469	0.000884374	4.00634e-05
17	7	346973	347075	0.000453656	0.000785253	0.000619454	3.31597e-05
17	7	347076	347905	0.000587459	0.00113489	0.000861175	5.47431e-05
17	7	347906	349680	0.000574506	0.000976942	0.000775724	4.02436e-05
18	0	346973	349680	0	0	0	0
18	1	346973	347880	0.00074291	0.001122	0.000932453	3.79087e-05
18	1	347881	349680	0.00030006	0.000678141	0.0004891	3.78081e-05
18	2	346973	347880	0.000132228	0.00027324	0.000202734	1.41012e-05
18	2	347881	349680	7.14228e-05	0.000170913	0.000121168	9.94901e-06
18	3	346973	346983	0.000859971	0.00103379	0.000946883	1.73824e-05
18	3	346984	347128	0.000427509	0.000699689	0.000563599	2.7218e-05
18	3	347129	347880	0.000590305	0.00109732	0.000843812	5.07015e-05
18	3	347881	349680	0.000327442	0.000680007	0.000503724	3.52565e-05
18	4	346973	347880	0.000168112	0.000418225	0.000293169	2.50114e-05
18	4	347881	349680	9.24051e-05	0.00023795	0.000165177	1.45544e-05
18	5	346973	347880	0.000264191	0.000569163	0.000416677	3.04971e-05
18	5	347881	349680	0.000133801	0.000358452	0.000246127	2.24651e-05
18	6	346973	347880	1.42343e-05	0.000112584	6.34092e-05	9.83498e-06
18	6	347881	349680	1.0951e-05	5.23384e-05	3.16447e-05	4.13875e-06
18	7	346973	347880	1.42248e-05	0.000147834	8.10293e-05	1.33609e-05
18	7	347881	349680	6.68959e-06	3.30488e-05	1.98692e-05	2.63592e-06
19	0	346973	347934	0.000405345	0.000652783	0.000529064	2.47437e-05
19	0	347935	348265	0.000234592	0.000335222	0.000284907	1.00629e-05
19	0	348266	349680	0.00028241	0.000569365	0.000425887	2.86955e-05
19	1	346973	347934	0.000610647	0.00087275	0.000741698	2.62103e-05
19	1	347935	348265	0.000359382	0.000542415	0.000450898	1.83033e-05
19	1	348266	349680	0.000556873	0.000742057	0.000649465	1.85184e-05
19	2	346973	347934	0.000700312	0.00105254	0.000876425	3.52226e-05
19	2	347935	348265	0.000426698	0.000674195	0.000550446	2.47497e-05
19	2	348266	349680	0.000660737	0.000902292	0.000781514	2.41556e-05
19	3	346973	347934	0.0007519	0.00100155	0.000876728	2.49655e-05
19	3	347935	348265	0.000453532	0.000652082	0.000552807	1.9855e-05
19	3	348266	349680	0.000685424	0.00088863	0.000787027	2.03206e-05
19	4	346973	347934	0.000735348	0.00110477	0.000920061	3.69426e-05
19	4	347935	348265	0.000565959	0.000835925	0.000700942	2.69965e-05
19	4	348266	349680	0.000801454	0.00105531	0.000928381	2.53855e-05
19	5	346973	348820	0.000104348	0.000935137	0.000519743	8.30789e-05
19	5	348821	349680	7.16057e-05	0.000830501	0.000451053	7.58895e-05
19	6	346973	347934	0.000707026	0.00112712	0.000917074	4.20095e-05
19	6	347935	348265	0.00048463	0.000799985	0.000642308	3.15355e-05
19	6	348266	349680	0.000722191	0.00101438	0.000868287	2.92191e-05
19	7	346973	349680	0	0	0	0
20	0	346973	348166	0.00030428	0.000440576	0.000372428	1.36296e-05
20	0	348167	349680	0.000299185	0.000400841	0.000350013	1.01656e-05
20	1	346973	348166	0.000365896	0.000510115	0.000438006	1.44219e-05
20	1	348167	349680	0.000356836	0.000477409	0.000417123	1.20573e-05
20	2	346973	348166	0.000266071	0.000367067	0.000316569	1.00996e-05
20	2	348167	349680	0.000250083	0.000343568	0.000296825	9.34853e-06
20	3	346973	348166	0.000223437	0.000344571	0.000284004	1.21134e-05
20	3	348167	349680	0.000200866	0.000318065	0.000259465	1.172e-05
20	4	346973	348166	0.000273512	0.000410187	0.000341849	1.36675e-05
20	4	348167	349680	0.00020637	0.000308893	0.000257632	1.02522e-05
20	5	346973	348166	0.000357345	0.000474583	0.000415964	1.17238e-05
20	5	348167	349680	0.000339373	0.000451805	0.000395589	1.12432e-05
20	6	346973	348166	0.000283603	0.000423199	0.000353401	1.39595e-05
20	6	348167	349680	0.000285543	0.000380162	0.000332852	9.4619e-06
20	7	346973	348166	0.000184322	0.000288368	0.000236345	1.04046e-05
20	7	348167	349680	0.000154779	0.00027224	0.00021351	1.17461e-05
21	0	346973	349680	0.000304156	0.000599955	0.000452056	2.95799e-05
21	1	346973	349680	0.000358695	0.000622377	0.000490536	2.63682e-05
21	2	346973	349680	0.000349128	0.000583793	0.00046646	2.34665e-05
21	3	346973	349680	0.000310267	0.000584777	0.000447522	2.7451e-05
21	4	346973	349680	0.00030967	0.000411893	0.000360782	1.02223e-05
21	5	346973	349680	0.000169337	0.000477843	0.00032359	3.08507e-05
21	6	346973	349680	0.000198562	0.0004729	0.000335731	2.74339e-05
21	7	346973	349680	8.30468e-05	0.000268622	0.000175834	1.85575e-05
22	0	346973	348000	0.000336925	0.000458245	0.000397585	1.2132e-05
22	0	348001	348100	3.37498e-05	4.06968e-05	3.72233e-05	6.94701e-07
22	0	348101	348160	0.0003683	0.000534899	0.0004516	1.66599e-05
22	0	348161	348170	3.37406e-05	4.06626e-05	3.72016e-05	6.92202e-07
22	0	348171	348265	0.000263063	0.000324437	0.00029375	6.13738e-06
22	0	348266	349680	0.000344561	0.000449752	0.000397157	1.05191e-05
22	1	346973	348000	0.000369505	0.00050863	0.000439067	1.39125e-05
22	1	348001	348100	4.63022e-05	5.34022e-05	4.98522e-05	7.09991e-07
22	1	348101	348160	0.000408555	0.00057283	0.000490692	1.64274e-05
22	1	348161	348170	4.62261e-05	5.31729e-05	4.96995e-05	6.94675e-07
22	1	348171	348265	0.000293675	0.000370611	0.000332143	7.69366e-06
22	1	348266	349680	0.00037549	0.000499153	0.000437322	1.23663e-05
22	2	346973	348000	0.000329724	0.000494556	0.00041214	1.64832e-05
22	2	348001	348100	4.43729e-05	6.60438e-05	5.52083e-05	2.16709e-06
22	2	348101	348160	0.00038313	0.00055715	0.00047014	1.74019e-05
22	2	348161	348170	4.34548e-05	6.43808e-05	5.39178e-05	2.0926e-06
22	2	348171	348265	0.000277571	0.000350107	0.000313839	7.25362e-06
22	2	348266	349680	0.000333978	0.000487892	0.000410935	1.53914e-05
22	3	346973	348000	0.000370054	0.000587777	0.000478915	2.17724e-05
22	3	348001	348100	4.94722e-05	5.66821e-05	5.30771e-05	7.20996e-07
22	3	348101	348160	0.00045535	0.00062937	0.00054236	1.74019e-05
22	3	348161	348170	4.34548e-05	6.43808e-05	5.39178e-05	2.0926e-06
22	3	348171	348265	0.000317857	0.00043038	0.000374119	1.12523e-05
22	3	348266	349680	0.000375728	0.000583826	0.000479777	2.08099e-05
22	4	346973	348000	0.000366725	0.000482418	0.000424572	1.15693e-05
22	4	348001	348100	3.40679e-05	3.75319e-05	3.57999e-05	3.46401e-07
22	4	348101	348160	0.000370629	0.00052334	0.000446985	1.5271e-05
22	4	348161	348170	3.08964e-05	3.80195e-05	3.44579e-05	7.12307e-07
22	4	348171	348265	0.000288591	0.000349802	0.000319196	6.12112e-06
22	4	348266	349680	0.000369544	0.000481605	0.000425574	1.12062e-05
22	5	346973	348000	0.000347746	0.000488238	0.000417992	1.40492e-05
22	5	348001	348100	3.68674e-05	4.38271e-05	4.03473e-05	6.95973e-07
22	5	348101	348160	0.000367463	0.000510864	0.000439164	1.43402e-05
22	5	348161	348170	2.8802e-05	4.84654e-05	3.86337e-05	1.96633e-06
22	5	348171	348265	0.000277863	0.00035428	0.000316071	7.64165e-06
22	5	348266	349680	0.000360286	0.000483418	0.000421852	1.23132e-05
22	6	346973	349680	0	0	0	0
22	7	346973	348000	0.000169309	0.000244091	0.0002067	7.47818e-06
22	7	348001	348100	9.32688e-06	1.62176e-05	1.27722e-05	6.89072e-07
22	7	348101	348160	0.000169878	0.000276997	0.000223438	1.07118e-05
22	7	348161	348170	1.40483e-06	2.5931e-05	1.36679e-05	2.45262e-06
22	7	348171	348265	0.000126347	0.000167403	0.000146875	4.10559e-06
22	7	348266	349680	0.000169304	0.000240164	0.000204734	7.08598e-06
23	0	346973	349680	0	0	0	0
23	1	346973	347374	0.000151329	0.00031272	0.000232024	1.61391e-05
23	1	347375	349680	0.00027894	0.00045236	0.00036565	1.7342e-05
23	2	346973	347374	6.14236e-05	0.000186774	0.000124099	1.2535e-05
23	2	347375	349680	0.00035615	0.000458425	0.000407287	1.02275e-05
23	3	346973	347374	0.000198595	0.000372598	0.000285596	1.74002e-05
23	3	347375	349680	0.000403557	0.000523518	0.000463537	1.19961e-05
23	4	346973	347374	0.000121299	0.000297571	0.000209435	1.76272e-05
23	4	347375	349680	0.000471044	0.000626527	0.000548786	1.55483e-05
23	5	346973	349680	0.000345803	0.000599905	0.000472854	2.54102e-05
23	6	346973	349680	0.000392908	0.000612049	0.000502478	2.19141e-05
23	7	346973	349680	0	0	0	0
24	0	346973	349680	0	0	0	0
24	1	346973	349680	0	0	0	0
24	2	346973	349680	7.87359e-06	0.000113121	6.04975e-05	1.05248e-05
24	3	346973	349680	0	0	0	0
24	4	346973	347600	0.000206696	0.000320119	0.000263407	1.13423e-05
24	4	347601	348261	0.000182505	0.000255443	0.000218974	7.29373e-06
24	4	348262	349680	0.000219474	0.000308582	0.000264028	8.91074e-06
24	5	346973	347600	0.000378015	0.000516213	0.000447114	1.38198e-05
24	5	347601	348261	0.000336448	0.000425761	0.000381104	8.93137e-06
24	5	348262	349680	0.000387834	0.000509015	0.000448425	1.21182e-05
24	6	346973	347600	0.000384196	0.000563579	0.000473888	1.79383e-05
24	6	347601	348261	0.000347418	0.00046112	0.000404269	1.13702e-05
24	6	348262	349680	0.000413929	0.000535687	0.000474808	1.21758e-05
24	7	346973	347600	0.0002868	0.000518764	0.000402782	2.31964e-05
24	7	347601	348261	0.00028326	0.000403553	0.000343406	1.20293e-05
24	7	348262	349680	0.000337786	0.000474266	0.000406026	1.36481e-05
25	0	346973	349680	0	0	0	0
25	1	346973	349680	0	0	0	0
25	2	346973	349680	0.000321338	0.00055097	0.000436154	2.29632e-05
25	3	346973	349680	8.76168e-05	0.000399308	0.000243463	3.11691e-05
25	4	346973	349680	0.000319905	0.000535231	0.000427568	2.15325e-05
25	5	346973	349680	0.000260904	0.000494907	0.000377905	2.34003e-05
25	6	346973	349680	0.000296114	0.000543603	0.000419858	2.47489e-05
25	7	346973	349680	0.000313156	0.000581312	0.000447234	2.68157e-05
26	0	346973	349680	0	0	0	0
26	1	346973	349680	0	0	0	0
26	2	346973	349680	0	0	0	0
26	3	346973	349680	0	0	0	0
26	4	346973	349680	0	0	0	0
26	5	346973	347135	2.25897e-06	0.000106112	5.41853e-05	1.03853e-05
26	5	347136	347900	0.000156838	0.000228108	0.000192473	7.12698e-06
26	5	347901	349680	0.000124377	0.000186678	0.000155527	6.23018e-06
26	6	346973	347135	1.88142e-05	0.000130166	7.44903e-05	1.11352e-05
26	6	347136	347900	0.000360793	0.000512673	0.000436733	1.5188e-05
26	6	347901	349680	0.000335667	0.000470301	0.000402984	1.34634e-05
26	7	346973	347135	2.7259e-05	0.000131112	7.91853e-05	1.03853e-05
26	7	347136	347900	0.00016176	0.000226882	0.000194321	6.51216e-06
26	7	347901	349680	0.00013696	0.00019389	0.000165425	5.69294e-06
27	0	346973	349680	0	0	0	0
27	1	346973	349680	0	0	0	0
27	2	346973	349680	0	0	0	0
27	3	346973	349680	0	0	0	0
27	4	346973	349680	0	0	0	0
27	5	346973	349680	0	0	0	0
27	6	346973	349680	0.000379075	0.000658677	0.000518876	2.79602e-05
27	7	346973	349680	0.000110352	0.000212541	0.000161446	1.02189e-05
28	0	346973	348367	0.000266608	0.000420495	0.000343552	1.53887e-05
28	0	348368	348604	0.000147561	0.000271518	0.000209539	1.23957e-05
28	0	348605	349680	0.000213154	0.000278238	0.000245696	6.50839e-06
28	1	346973	348367	0.000362052	0.000547413	0.000454732	1.85362e-05
28	1	348368	348604	0.000206524	0.00036387	0.000285197	1.57346e-05
28	1	348605	349680	0.000294183	0.000372756	0.00033347	7.85733e-06
28	2	346973	348367	0.000341162	0.000537872	0.000439517	1.96709e-05
28	2	348368	348604	0.000182702	0.000354801	0.000268752	1.72099e-05
28	2	348605	349680	0.000275203	0.00035915	0.000317176	8.39466e-06
28	3	346973	347920	0.000330806	0.00044088	0.000385843	1.10074e-05
28	3	347921	348367	0.000374985	0.000481675	0.00042833	1.0669e-05
28	3	348368	348604	0.000178748	0.000315331	0.00024704	1.36583e-05
28	3	348605	349680	0.000250252	0.000330849	0.00029055	8.0597e-06
28	4	346973	349680	0	0	0	0
28	5	346973	347920	0.000336734	0.000464018	0.000400376	1.27283e-05
28	5	347921	348367	0.000391931	0.000493643	0.000442787	1.01713e-05
28	5	348368	348604	0.000182559	0.000365866	0.000274212	1.83306e-05
28	5	348605	349680	0.000287427	0.00036448	0.000325954	7.7053e-06
28	6	346973	348367	0.000400589	0.000548495	0.000474542	1.47906e-05
28	6	348368	348604	0.00019944	0.000400335	0.000299888	2.00896e-05
28	6	348605	349680	0.000311355	0.000403396	0.000357375	9.20405e-06
28	7	346973	348367	0.000251464	0.000372858	0.000312161	1.21394e-05
28	7	348368	348604	0.000132673	0.000251541	0.000192107	1.18869e-05
28	7	348605	349680	0.000193694	0.000259148	0.000226421	6.54543e-06
29	0	346973	347820	0.000314791	0.000665381	0.000490086	3.5059e-05
29	0	347821	347900	6.37934e-05	0.000120843	9.23183e-05	5.70497e-06
29	0	347901	347965	0.000278389	0.000308056	0.000293222	2.96675e-06
29	0	347966	348150	3.30571e-05	5.27192e-05	4.28881e-05	1.96621e-06
29	0	348151	349680	0.000241318	0.000373174	0.000307246	1.31855e-05
29	1	346973	347820	0.000354638	0.00054602	0.000450329	1.91382e-05
29	1	347821	347900	3.7658e-05	5.12275e-05	4.44427e-05	1.35695e-06
29	1	347901	347965	0.000261682	0.000321255	0.000291468	5.95732e-06
29	1	347966	348150	2.9518e-05	4.66238e-05	3.80709e-05	1.71057e-06
29	1	348151	349680	0.000217388	0.00038967	0.000303529	1.72282e-05
29	2	346973	347820	0.00032552	0.000558176	0.000441848	2.32656e-05
29	2	347821	347900	5.06302e-05	7.91864e-05	6.49083e-05	2.85562e-06
29	2	347901	347965	0.000240357	0.000306049	0.000273203	6.56915e-06
29	2	347966	348150	2.60034e-05	4.39619e-05	3.49826e-05	1.79585e-06
29	2	348151	349680	0.000214494	0.000360117	0.000287306	1.45622e-05
29	3	346973	347820	0.000438769	0.000635811	0.00053729	1.97042e-05
29	3	347821	347900	6.20687e-05	7.60861e-05	6.90774e-05	1.40175e-06
29	3	347901	347965	0.000301339	0.000380635	0.000340987	7.92965e-06
29	3	347966	348150	2.82262e-05	4.88331e-05	3.85297e-05	2.06069e-06
29	3	348151	349680	0.000281394	0.00042973	0.000355562	1.48336e-05
29	4	346973	347820	0.000376871	0.000539272	0.000458072	1.62401e-05
29	4	347821	347900	2.52741e-05	3.78372e-05	3.15557e-05	1.25631e-06
29	4	347901	347965	0.000310579	0.000356775	0.000333677	4.61962e-06
29	4	347966	348150	3.11422e-05	4.69828e-05	3.90625e-05	1.58407e-06
29	4	348151	349680	0.000276772	0.000423748	0.00035026	1.46976e-05
29	5	346973	347820	0.000365323	0.000520483	0.000442903	1.55159e-05
29	5	347821	347900	2.33574e-05	3.07526e-05	2.7055e-05	7.39524e-07
29	5	347901	347965	0.000293805	0.000352883	0.000323344	5.90782e-06
29	5	347966	348150	2.84405e-05	4.45917e-05	3.65161e-05	1.61512e-06
29	5	348151	349680	0.000261408	0.000422354	0.000341881	1.60946e-05
29	6	346973	347820	0.000369759	0.000513985	0.000441872	1.44226e-05
29	6	347821	347900	1.98287e-05	2.9967e-05	2.48979e-05	1.01383e-06
29	6	347901	347965	0.00029028	0.000357552	0.000323916	6.7272e-06
29	6	347966	348150	2.53155e-05	4.14667e-05	3.33911e-05	1.61512e-06
29	6	348151	349680	0.000267295	0.0004172	0.000342248	1.49905e-05
29	7	346973	347820	0.000335051	0.000511553	0.000423302	1.76502e-05
29	7	347821	347900	2.31429e-05	3.19115e-05	2.75272e-05	8.7686e-07
29	7	347901	347965	0.00027153	0.000338802	0.000305166	6.7272e-06
29	7	347966	348150	3.07591e-05	3.79177e-05	3.43384e-05	7.15866e-07
29	7	348151	349680	0.000240876	0.000402431	0.000321654	1.61555e-05
30	0	346973	347585	-6.91572e-06	8.26958e-05	3.78901e-05	8.96115e-06
30	0	347586	347900	0	0	0	0
30	0	347901	348320	0.000112936	0.00120171	0.000657322	0.000108877
30	0	348321	348950	-0.000126646	0.00185235	0.000862852	0.000197899
30	0	348951	349680	0	0	0	0
30	1	346973	347585	-5.95527e-05	9.89607e-05	1.9704e-05	1.58513e-05
30	1	347586	347900	0	0	0	0
30	1	347901	348320	0.000152566	0.00141864	0.000785604	0.000126608
30	1	348321	348950	0.000222382	0.00168837	0.000955376	0.000146599
30	1	348951	349680	0	0	0	0
30	2	346973	347585	6.51223e-07	9.99446e-05	5.02979e-05	9.92933e-06
30	2	347586	347900	0	0	0	0
30	2	347901	348320	0.000207083	0.00122509	0.000716086	0.000101801
30	2	348321	348950	0.000182569	0.0015281	0.000855336	0.000134553
30	2	348951	349680	0	0	0	0
30	3	346973	347585	-5.14406e-05	0.000123355	3.59574e-05	1.74796e-05
30	3	347586	347900	0	0	0	0
30	3	347901	348320	0.000180481	0.00131434	0.000747412	0.000113386
30	3	348321	348950	0.000257021	0.00150727	0.000882148	0.000125025
30	3	348951	349680	0	0	0	0
30	4	346973	348925	0.000259112	0.000458803	0.000358957	1.99691e-05
30	4	348926	349680	0	0	0	0
30	5	346973	347126	-5.02237e-05	0.000800224	0.000375	8.50447e-05
30	5	347127	348925	0.000260702	0.000419735	0.000340218	1.59033e-05
30	5	348926	349680	0	0	0	0
30	6	346973	347126	9.34364e-05	0.0005352	0.000314318	4.41764e-05
30	6	347127	348925	0.000253383	0.000376151	0.000314767	1.22768e-05
30	6	348926	349680	0	0	0	0
30	7	346973	348925	0.000116398	0.000243161	0.000179779	1.26763e-05
30	7	348926	349680	0	0	0	0
31	0	346973	349680	0.000160227	0.00041117	0.000285699	2.50943e-05
31	1	346973	349680	0.000209541	0.000509953	0.000359747	3.00412e-05
31	2	346973	349680	0.000285422	0.000567478	0.00042645	2.82056e-05
31	3	346973	349680	0.000124931	0.000395843	0.000260387	2.70911e-05
31	4	346973	349680	2.29375e-05	0.000243979	0.000133458	2.21042e-05
31	5	346973	349680	0.000234594	0.000558658	0.000396626	3.24064e-05
31	6	346973	349680	0.000214649	0.000470194	0.000342421	2.55545e-05
31	7	346973	349680	0.0002489	0.000487083	0.000367992	2.38183e-05
32	0	346973	349680	0.000199315	0.00041022	0.000304767	2.10905e-05
32	1	346973	349680	0.000308287	0.000555884	0.000432085	2.47597e-05
32	2	346973	346983	0.000302526	0.000541451	0.000421989	2.38925e-05
32	2	346984	347128	0.000259469	0.000426818	0.000343144	1.67349e-05
32	2	347129	349680	0.000320726	0.000503606	0.000412166	1.82879e-05
32	3	346973	346983	0.000273538	0.000453483	0.00036351	1.79945e-05
32	3	346984	347128	0.000219222	0.000388966	0.000304094	1.69745e-05
32	3	347129	349680	0.000269975	0.000453716	0.000361845	1.83741e-05
32	4	346973	349680	0.000300634	0.000539312	0.000419973	2.38678e-05
32	5	346973	349680	0.000256652	0.000488463	0.000372557	2.31811e-05
32	6	346973	346983	0.000318968	0.000413327	0.000366147	9.43592e-06
32	6	346984	347128	0.000376077	0.000544259	0.000460168	1.68182e-05
32	6	347129	349680	0.000332639	0.000464984	0.000398812	1.32345e-05
32	7	346973	349680	0	0	0	0
33	0	346973	349680	0.000277709	0.000499917	0.000388813	2.22208e-05
33	1	346973	349680	0.000340057	0.000584227	0.000462142	2.4417e-05
33	2	346973	349680	3.16423e-05	0.000314223	0.000172933	2.82581e-05
33	3	346973	349680	0.000238646	0.000484541	0.000361593	2.45894e-05
33	4	346973	349680	0.000197654	0.000327508	0.000262581	1.29854e-05
33	5	346973	349680	0.000299489	0.000596129	0.000447809	2.9664e-05
33	6	346973	349680	0	0	0	0
33	7	346973	349680	0	0	0	0
34	0	346973	349680	0.000318717	0.000568219	0.000443468	2.49502e-05
34	1	346973	349680	0.000180366	0.000448108	0.000314237	2.67742e-05
34	2	346973	349680	0.000213797	0.000479595	0.000346696	2.65798e-05
34	3	346973	349680	0.000307894	0.000544834	0.000426364	2.3694e-05
34	4	346973	349680	0.000357522	0.000463469	0.000410496	1.05948e-05
34	5	346973	349680	0.000138898	0.000388388	0.000263643	2.49489e-05
34	6	346973	349680	0.000259165	0.000484936	0.00037205	2.25771e-05
34	7	346973	349680	0.000324096	0.000581904	0.000453	2.57808e-05
35	0	346973	347600	3.25764e-05	6.94356e-05	5.1006e-05	3.68592e-06
35	0	347601	348268	2.47572e-05	4.76739e-05	3.62155e-05	2.29167e-06
35	0	348269	349260	2.78273e-05	5.50688e-05	4.1448e-05	2.72415e-06
35	0	349261	349322	2.1059e-05	3.77001e-05	2.93796e-05	1.66411e-06
35	0	349323	349525	5.20748e-07	7.29175e-06	3.90625e-06	6.771e-07
35	0	349526	349680	1.85479e-05	3.64382e-05	2.7493e-05	1.78903e-06
35	1	346973	347600	0.000195319	0.000369937	0.000282628	1.74618e-05
35	1	347601	348268	0.00017213	0.000259551	0.00021584	8.74211e-06
35	1	348269	349260	0.000186138	0.000304777	0.000245457	1.18639e-05
35	1	349261	349322	0.000161748	0.00023882	0.000200284	7.7072e-06
35	1	349323	349525	1.09941e-05	2.47462e-05	1.78702e-05	1.37522e-06
35	1	349526	349680	0.000140839	0.00024737	0.000194105	1.06531e-05
35	2	346973	347600	0.000318067	0.000557898	0.000437983	2.39832e-05
35	2	347601	348268	0.000292976	0.00038854	0.000340758	9.55636e-06
35	2	348269	349260	0.000323084	0.000445372	0.000384228	1.22288e-05
35	2	349261	349322	0.000259472	0.000345641	0.000302557	8.61691e-06
35	2	349323	349525	2.65929e-06	6.07937e-05	3.17265e-05	5.81344e-06
35	2	349526	349680	0.000262347	0.00034425	0.000303299	8.19032e-06
35	3	346973	346982	0.000297838	0.000512549	0.000405194	2.14711e-05
35	3	346983	347128	0.000389736	0.00064892	0.000519328	2.59184e-05
35	3	347129	347600	0.000333403	0.000498582	0.000415993	1.65179e-05
35	3	347601	348268	0.00026136	0.000381831	0.000321595	1.20471e-05
35	3	348269	349260	0.000298687	0.000425153	0.00036192	1.26466e-05
35	3	349261	349322	0.000273189	0.000302585	0.000287887	2.93953e-06
35	3	349323	349525	2.90492e-05	5.39051e-05	4.14772e-05	2.48558e-06
35	3	349526	349680	0.000237184	0.000324782	0.000280983	8.75978e-06
35	4	346973	349680	0	0	0	0
35	5	346973	347600	0.000376958	0.00055137	0.000464164	1.74412e-05
35	5	347601	348268	0.000288905	0.000413285	0.000351095	1.2438e-05
35	5	348269	349260	0.000321214	0.000459842	0.000390528	1.38627e-05
35	5	349261	349322	0.000266102	0.00033333	0.000299716	6.72282e-06
35	5	349323	349525	3.98974e-05	7.32514e-05	5.65744e-05	3.3354e-06
35	5	349526	349680	0.000246447	0.000354227	0.000300337	1.07779e-05
35	6	346973	347600	0.000240151	0.000413907	0.000327029	1.73756e-05
35	6	347601	348268	0.000205189	0.000271811	0.0002385	6.66221e-06
35	6	348269	349260	0.000231877	0.000308137	0.000270007	7.62603e-06
35	6	349261	349322	0.000182775	0.000224617	0.000203696	4.1842e-06
35	6	349323	349525	1.77539e-05	5.861e-05	3.8182e-05	4.08561e-06
35	6	349526	349680	0.000168843	0.00022354	0.000196192	5.46969e-06
35	7	346973	347600	3.55956e-05	0.000108611	7.21033e-05	7.30154e-06
35	7	347601	348268	3.19169e-05	6.76695e-05	4.97932e-05	3.57526e-06
35	7	348269	349260	4.3722e-05	7.57287e-05	5.97253e-05	3.20067e-06
35	7	349261	349322	3.16195e-05	4.65055e-05	3.90625e-05	1.48861e-06
35	7	349323	349525	2.16816e-06	9.77121e-06	5.96969e-06	7.60305e-07
35	7	349526	349680	2.44457e-05	4.67773e-05	3.56115e-05	2.23316e-06
36	0	346973	347080	0.0003626	0.000515613	0.000439106	1.53013e-05
36	0	347081	347371	0.000400518	0.000548742	0.00047463	1.48224e-05
36	0	347372	349100	0.000377014	0.000485486	0.00043125	1.08473e-05
36	0	349101	349680	0.0002395	0.000331148	0.000285324	9.16484e-06
36	1	346973	347080	0.000323339	0.000560469	0.000441904	2.37131e-05
36	1	347081	347371	0.000443818	0.000638361	0.000541089	1.94543e-05
36	1	347372	349100	0.000415516	0.000542031	0.000478773	1.26515e-05
36	1	349101	349680	0.000288657	0.000368501	0.000328579	7.98439e-06
36	2	346973	347080	0.000342597	0.000474905	0.000408751	1.32308e-05
36	2	347081	347371	0.00041811	0.00063417	0.00052614	2.1606e-05
36	2	347372	349100	0.000439701	0.000570715	0.000505208	1.31014e-05
36	2	349101	349680	0.000306795	0.000396306	0.00035155	8.95106e-06
36	3	346973	347080	9.17509e-05	0.000253702	0.000172727	1.61951e-05
36	3	347081	347371	0.000316897	0.00053923	0.000428063	2.22333e-05
36	3	347372	349100	0.000379954	0.000495954	0.000437954	1.16001e-05
36	3	349101	349680	0.000255613	0.000329929	0.000292771	7.43158e-06
36	4	346973	347080	0.000298599	0.0004505	0.000374549	1.51901e-05
36	4	347081	347371	0.000373429	0.000532923	0.000453176	1.59494e-05
36	4	347372	349100	0.000372028	0.000485918	0.000428973	1.1389e-05
36	4	349101	349680	0.000238435	0.000308187	0.000273311	6.97515e-06
36	5	346973	347080	0.000199311	0.000385449	0.00029238	1.86137e-05
36	5	347081	347371	0.000380094	0.000560397	0.000470246	1.80303e-05
36	5	347372	349100	0.000363929	0.000482274	0.000423102	1.18345e-05
36	5	349101	349680	0.00024099	0.000308035	0.000274513	6.70444e-06
36	6	346973	347080	0.000305015	0.00050009	0.000402553	1.95075e-05
36	6	347081	347371	0.000351299	0.000521433	0.000436366	1.70134e-05
36	6	347372	349100	0.000348531	0.00045089	0.00039971	1.0236e-05
36	6	349101	349680	0.000215744	0.000288445	0.000252095	7.2701e-06
36	7	346973	347080	0.000259781	0.00050179	0.000380786	2.42009e-05
36	7	347081	347371	0.000347572	0.000559621	0.000453597	2.12049e-05
36	7	347372	349100	0.00035747	0.000464427	0.000410949	1.06957e-05
36	7	349101	349680	0.000221642	0.000291809	0.000256726	7.01677e-06
37	0	346973	347080	0.000147393	0.000224396	0.000185894	7.70025e-06
37	0	347081	347830	0.00015005	0.000239558	0.000194804	8.95083e-06
37	0	347831	348409	9.17049e-05	0.000226443	0.000159074	1.34738e-05
37	0	348410	349680	0.00016211	0.000246529	0.00020432	8.44195e-06
37	1	346973	347080	0.000250424	0.000393528	0.000321976	1.43104e-05
37	1	347081	347830	0.000228628	0.000338369	0.000283499	1.0974e-05
37	1	347831	348409	0.000148116	0.000320893	0.000234505	1.72777e-05
37	1	348410	349680	0.000256774	0.000341843	0.000299308	8.50685e-06
37	2	346973	347080	0.000204384	0.000348979	0.000276682	1.44595e-05
37	2	347081	347830	0.000222112	0.000341313	0.000281713	1.19201e-05
37	2	347831	348409	0.000144747	0.000324463	0.000234605	1.79716e-05
37	2	348410	349680	0.000246918	0.000351372	0.000299145	1.04454e-05
37	3	346973	347080	0.00018712	0.000329014	0.000258067	1.41894e-05
37	3	347081	347830	0.000206405	0.000319211	0.000262808	1.12806e-05
37	3	347831	348409	0.000127833	0.000302372	0.000215103	1.7454e-05
37	3	348410	349680	0.000226787	0.000330905	0.000278846	1.04118e-05
37	4	346973	347080	0.000200995	0.000337409	0.000269202	1.36414e-05
37	4	347081	347830	0.000165078	0.000304346	0.000234712	1.39268e-05
37	4	347831	348409	0.000116289	0.000256401	0.000186345	1.40112e-05
37	4	348410	349680	0.000201474	0.000278671	0.000240072	7.71974e-06
37	5	346973	347080	3.49444e-05	0.000181211	0.000108078	1.46266e-05
37	5	347081	347830	0.000195131	0.000314124	0.000254628	1.18993e-05
37	5	347831	348409	0.000144666	0.000300076	0.000222371	1.5541e-05
37	5	348410	349680	0.000229375	0.000328958	0.000279166	9.9583e-06
37	6	346973	347080	5.95142e-05	0.000229438	0.000144476	1.69924e-05
37	6	347081	347830	0.000180906	0.000305015	0.00024296	1.2411e-05
37	6	347831	348409	0.000135624	0.000271518	0.000203571	1.35894e-05
37	6	348410	349680	0.000216498	0.000300102	0.0002583	8.36043e-06
37	7	346973	347080	0.000143967	0.000263787	0.000203877	1.1982e-05
37	7	347081	347830	0.000177151	0.000283562	0.000230356	1.06411e-05
37	7	347831	348409	0.000108495	0.000260668	0.000184582	1.52173e-05
37	7	348410	349680	0.000198181	0.00028266	0.000240421	8.44796e-06
38	0	346973	349680	1.37442e-05	0.000534227	0.000273986	5.20483e-05
38	1	346973	349680	0.000318504	0.000537306	0.000427905	2.18802e-05
38	2	346973	349680	0.000366964	0.00058394	0.000475452	2.16977e-05
38	3	346973	349680	0.000326633	0.000509465	0.000418049	1.82833e-05
38	4	346973	349680	9.91933e-05	0.000222525	0.000160859	1.23331e-05
38	5	346973	349680	0.000296106	0.000594461	0.000445283	2.98355e-05
38	6	346973	349680	0.000317036	0.00053964	0.000428338	2.22604e-05
38	7	346973	349680	0.000313621	0.000467524	0.000390572	1.53903e-05
39	0	346973	349100	0.000362221	0.000534954	0.000448588	1.72733e-05
39	0	349101	349630	0.000318655	0.000482287	0.000400471	1.63632e-05
39	0	349631	349680	0.000267722	0.00042074	0.000344231	1.53018e-05
39	1	346973	349100	0.000397498	0.000580892	0.000489195	1.83393e-05
39	1	349101	349630	0.000361838	0.000521371	0.000441604	1.59533e-05
39	1	349631	349680	0.000303725	0.000459775	0.00038175	1.56051e-05
39	2	346973	349100	0.000356004	0.000500088	0.000428046	1.44084e-05
39	2	349101	349630	0.00030692	0.000447777	0.000377349	1.40857e-05
39	2	349631	349680	0.000249526	0.000395667	0.000322596	1.46141e-05
39	3	346973	349100	0.00035655	0.000518344	0.000437447	1.61793e-05
39	3	349101	349630	0.000311836	0.000461147	0.000386492	1.49311e-05
39	3	349631	349680	0.000264058	0.000391711	0.000327885	1.27653e-05
39	4	346973	349100	0.000285711	0.00042806	0.000356886	1.42349e-05
39	4	349101	349630	0.000255249	0.000353599	0.000304424	9.835e-06
39	4	349631	349680	0.000181419	0.000323389	0.000252404	1.4197e-05
39	5	346973	349100	0.000148989	0.000399312	0.00027415	2.50323e-05
39	5	349101	349630	0.00014261	0.00028869	0.00021565	1.4608e-05
39	5	349631	349680	9.39762e-05	0.000253139	0.000173558	1.59163e-05
39	6	346973	349680	-0.000201524	0.000509576	0.000154026	7.11099e-05
39	7	346973	349100	0.000273703	0.000451182	0.000362443	1.7748e-05
39	7	349101	349630	0.000232032	0.000392787	0.000312409	1.60755e-05
39	7	349631	349680	0.000144041	0.000344851	0.000244446	2.0081e-05
40	0	346973	349680	0.00026198	0.000463084	0.000362532	2.01103e-05
40	1	346973	349680	0.000350894	0.000576451	0.000463672	2.25558e-05
40	2	346973	347372	0.000239402	0.000383382	0.000311392	1.4398e-05
40	2	347373	349680	0.000301227	0.000452603	0.000376915	1.51376e-05
40	3	346973	349680	0.000162545	0.000439067	0.000300806	2.76522e-05
40	4	346973	349680	0	0	0	0
40	5	346973	349680	0	0	0	0
40	6	346973	349680	0	0	0	0
40	7	346973	349680	0.000258362	0.000362599	0.000310481	1.04237e-05
41	0	346973	349680	0	0	0	0
41	1	346973	349680	0	0	0	0
41	2	346973	347828	5.69989e-05	0.000318777	0.000187888	2.61778e-05
41	2	347829	348157	-6.71713e-06	5.09742e-05	2.21286e-05	5.76914e-06
41	2	348158	349680	3.86833e-05	0.000162157	0.00010042	1.23473e-05
41	3	346973	349680	0	0	0	0
41	4	346973	349680	0	0	0	0
41	5	346973	349680	0	0	0	0
41	6	346973	349680	0	0	0	0
41	7	346973	348140	0	0	0	0
41	7	348141	349680	0.000148427	0.00021347	0.000180949	6.5043e-06
42	0	346973	347128	2.8903e-05	6.32479e-05	4.60754e-05	3.43449e-06
42	0	347129	347828	0.000300409	0.000453618	0.000377014	1.53209e-05
42	0	347829	349680	0.000132263	0.00025318	0.000192722	1.20917e-05
42	1	346973	347128	0.0001502	0.000195932	0.000173066	4.57328e-06
42	1	347129	347828	0.000276387	0.000509687	0.000393037	2.333e-05
42	1	347829	349680	0.00012941	0.000319743	0.000224577	1.90334e-05
42	2	346973	347128	0.000172618	0.000362255	0.000267436	1.89638e-05
42	2	347129	347828	0.000349488	0.000492092	0.00042079	1.42605e-05
42	2	347829	349680	0.000165721	0.000290061	0.000227891	1.2434e-05
42	3	346973	347128	0.000178417	0.00026069	0.000219553	8.2273e-06
42	3	347129	347828	0.000267341	0.000504828	0.000386085	2.37487e-05
42	3	347829	349680	0.00013563	0.000282398	0.000209014	1.46769e-05
42	4	346973	347128	0.000226279	0.000444309	0.000335294	2.18031e-05
42	4	347129	347828	0.000351546	0.00047453	0.000413038	1.22984e-05
42	4	347829	349680	0.000105846	0.00027947	0.000192658	1.73624e-05
42	5	346973	347128	0.000150119	0.000403557	0.000276838	2.53438e-05
42	5	347129	347828	0.000357334	0.000536722	0.000447028	1.79388e-05
42	5	347829	349680	0.000141163	0.000301878	0.000221521	1.60715e-05
42	6	346973	347128	8.33631e-05	0.000234284	0.000158824	1.50921e-05
42	6	347129	347828	0.000254048	0.000543764	0.000398906	2.89716e-05
42	6	347829	349680	0.000121951	0.000267464	0.000194708	1.45513e-05
42	7	346973	347128	0.000157873	0.000320803	0.000239338	1.6293e-05
42	7	347129	347828	0.000272032	0.000364616	0.000318324	9.25843e-06
42	7	347829	349680	6.90076e-05	0.000180194	0.000124601	1.11187e-05
43	0	346973	346983	8.52664e-05	0.000156721	0.000120994	7.14545e-06
43	0	346984	347120	5.04094e-05	0.000328354	0.000189382	2.77945e-05
43	0	347121	348032	0.000224008	0.000532171	0.00037809	3.08162e-05
43	0	348033	348390	0.000160823	0.000246664	0.000203744	8.58414e-06
43	0	348391	349260	0.0002177	0.000297337	0.000257519	7.96373e-06
43	0	349261	349680	0.000126429	0.00028997	0.0002082	1.63541e-05
43	1	346973	346983	9.86953e-05	0.000166374	0.000132535	6.76789e-06
43	1	346984	347120	7.24901e-05	0.000448733	0.000260611	3.76242e-05
43	1	347121	348032	0.000259832	0.000517411	0.000388621	2.57579e-05
43	1	348033	348390	0.000156585	0.000260891	0.000208738	1.04306e-05
43	1	348391	349260	0.000207846	0.000317218	0.000262532	1.09372e-05
43	1	349261	349680	0.000121893	0.000330821	0.000226357	2.08928e-05
43	2	346973	346983	4.26332e-05	7.83605e-05	6.04968e-05	3.57273e-06
43	2	346984	347120	2.52433e-05	0.000162871	9.40572e-05	1.37628e-05
43	2	347121	347371	0.000197922	0.000325343	0.000261632	1.2742e-05
43	2	347372	348032	0.000349567	0.00048355	0.000416558	1.33983e-05
43	2	348033	348390	0.000114375	0.00033008	0.000222227	2.15705e-05
43	2	348391	349260	0.000217482	0.000334752	0.000276117	1.1727e-05
43	2	349261	349680	0.000157501	0.00032061	0.000239056	1.63109e-05
43	3	346973	346983	9.62769e-05	0.00017979	0.000138033	8.35129e-06
43	3	346984	347120	0.000104173	0.000215157	0.000159665	1.10984e-05
43	3	347121	348032	0.000264727	0.00049302	0.000378874	2.28294e-05
43	3	348033	348390	0.000158022	0.000260769	0.000209395	1.02747e-05
43	3	348391	349308	0.000207633	0.000311021	0.000259327	1.03388e-05
43	3	349309	349680	0.00013439	0.000311978	0.000223184	1.77587e-05
43	4	346973	346983	2.49497e-05	4.89504e-05	3.695e-05	2.40007e-06
43	4	346984	347120	1.37654e-05	5.18596e-05	3.28125e-05	3.80943e-06
43	4	347121	348032	0.000310922	0.000423985	0.000367454	1.13063e-05
43	4	348033	348390	0.000165563	0.000240973	0.000203268	7.541e-06
43	4	348391	349308	0.000207965	0.000303583	0.000255774	9.56184e-06
43	4	349309	349680	0.000142676	0.000303474	0.000223075	1.60798e-05
43	5	346973	346983	8.20276e-05	0.000146186	0.000114107	6.41584e-06
43	5	346984	347120	9.6558e-05	0.000187593	0.000142075	9.10349e-06
43	5	347121	348032	0.000316958	0.000472896	0.000394927	1.55938e-05
43	5	348033	348390	0.00016941	0.000253422	0.000211416	8.40126e-06
43	5	348391	349308	0.000211434	0.000316383	0.000263908	1.04948e-05
43	5	349309	349680	0.00013714	0.000315984	0.000226562	1.78844e-05
43	6	346973	346983	4.3717e-05	7.62035e-05	5.99602e-05	3.24865e-06
43	6	346984	347120	4.31707e-05	8.31123e-05	6.31415e-05	3.99416e-06
43	6	347121	348032	0.000334636	0.000474537	0.000404586	1.39901e-05
43	6	348033	348390	0.000159405	0.000276928	0.000218166	1.17523e-05
43	6	348391	349308	0.000205991	0.000340625	0.000273308	1.34634e-05
43	6	349309	349680	0.000141965	0.000330521	0.000236243	1.88556e-05
43	7	346973	346983	2.12733e-05	3.75165e-05	2.93949e-05	1.62432e-06
43	7	346984	347120	1.98265e-05	4.31599e-05	3.14932e-05	2.33335e-06
43	7	347121	348032	0.000284895	0.000405546	0.000345221	1.20651e-05
43	7	348033	348390	0.000139789	0.000225689	0.000182739	8.58997e-06
43	7	348391	349308	0.000188428	0.000275571	0.000232	8.71427e-06
43	7	349309	349680	0.000135719	0.000264502	0.00020011	1.28783e-05
44	0	346973	347374	0.000170976	0.000309724	0.00024035	1.38749e-05
44	0	347375	347604	0.000225563	0.000311618	0.00026859	8.6055e-06
44	0	347605	348276	0.00017497	0.000221847	0.000198408	4.68769e-06
44	0	348277	349312	0.000183821	0.000269169	0.000226495	8.53484e-06
44	0	349313	349525	0.00012769	0.000165344	0.000146517	3.76533e-06
44	0	349526	349680	0.000150921	0.00020177	0.000176345	5.08492e-06
44	1	346973	347374	0.000218095	0.000366649	0.000292372	1.48554e-05
44	1	347375	347604	0.000364285	0.000464392	0.000414338	1.00107e-05
44	1	347605	348276	0.000280766	0.000349	0.000314883	6.8234e-06
44	1	348277	349312	0.000298011	0.000410522	0.000354266	1.12511e-05
44	1	349313	349525	0.0002129	0.000279754	0.000246327	6.68531e-06
44	1	349526	349680	0.000263232	0.000318626	0.000290929	5.53934e-06
44	2	346973	347604	0.000342702	0.000486392	0.000414547	1.4369e-05
44	2	347605	348276	0.000269653	0.000357162	0.000313407	8.75085e-06
44	2	348277	349312	0.000298155	0.000405099	0.000351627	1.06944e-05
44	2	349313	349525	0.000211546	0.000273958	0.000242752	6.24115e-06
44	2	349526	349680	0.000257736	0.00031425	0.000285993	5.6514e-06
44	3	346973	347374	0.000186727	0.000346516	0.000266622	1.59789e-05
44	3	347375	347604	0.000289144	0.000485198	0.000387171	1.96054e-05
44	3	347605	348276	0.000259366	0.000336471	0.000297919	7.71054e-06
44	3	348277	349312	0.000289866	0.000391119	0.000340492	1.01254e-05
44	3	349313	349525	0.000201018	0.00025872	0.000229869	5.77019e-06
44	3	349526	349680	0.000244273	0.000302959	0.000273616	5.86859e-06
44	4	346973	347374	0.00023166	0.000377839	0.000304749	1.46179e-05
44	4	347375	347604	0.000362001	0.000457482	0.000409742	9.54808e-06
44	4	347605	348276	0.000280712	0.000360259	0.000320485	7.95472e-06
44	4	348277	349312	0.000304992	0.000419763	0.000362378	1.14771e-05
44	4	349313	349525	0.000201236	0.000288788	0.000245012	8.75515e-06
44	4	349526	349680	0.000255626	0.000331403	0.000293515	7.57774e-06
44	5	346973	347374	0.000235784	0.000433798	0.000334791	1.98014e-05
44	5	347375	347604	0.000332262	0.000438238	0.00038525	1.05977e-05
44	5	347605	348276	0.000259851	0.000334498	0.000297175	7.46465e-06
44	5	348277	349312	0.000278309	0.00039331	0.000335809	1.15001e-05
44	5	349313	349525	0.000176825	0.000264732	0.000220779	8.79069e-06
44	5	349526	349680	0.000233945	0.00030525	0.000269597	7.13047e-06
44	6	346973	347374	0.000179499	0.000316969	0.000248234	1.3747e-05
44	6	347375	347604	0.000334987	0.000455019	0.000395003	1.20032e-05
44	6	347605	348276	0.000263865	0.000344878	0.000304371	8.10128e-06
44	6	348277	349312	0.000294976	0.000396475	0.000345726	1.01499e-05
44	6	349313	349525	0.000195594	0.000267675	0.000231635	7.2081e-06
44	6	349526	349680	0.000244699	0.000311051	0.000277875	6.63514e-06
44	7	346973	347374	8.05301e-05	0.000182424	0.000131477	1.01894e-05
44	7	347375	347604	0.00024072	0.000308537	0.000274629	6.78164e-06
44	7	347605	348276	0.000159158	0.000232009	0.000195583	7.28512e-06
44	7	348277	349312	0.000175935	0.00028367	0.000229803	1.07736e-05
44	7	349313	349525	7.61948e-05	0.000170516	0.000123355	9.43211e-06
44	7	349526	349680	0.000144451	0.000183533	0.000163992	3.90817e-06
45	0	346973	349680	0.000140472	0.000364506	0.000252489	2.24034e-05
45	1	346973	347900	0.000247128	0.000417682	0.000332405	1.70554e-05
45	1	347901	348930	0.000294926	0.000484539	0.000389733	1.89613e-05
45	1	348931	349180	-2.98542e-05	9.06333e-05	3.03895e-05	1.20487e-05
45	1	349181	349215	0	0	0	0
45	1	349216	349680	0.000367059	0.000475322	0.00042119	1.08264e-05
45	2	346973	349680	0.000190369	0.000441031	0.0003157	2.50662e-05
45	3	346973	347900	0.000194867	0.000380824	0.000287845	1.85957e-05
45	3	347901	348930	0.000250577	0.000450991	0.000350784	2.00414e-05
45	3	348931	349180	0.000184167	0.000419988	0.000302078	2.3582e-05
45	3	349181	349215	0	0	0	0
45	3	349216	349680	0.000300453	0.000411599	0.000356026	1.11146e-05
45	4	346973	349680	0.000104363	0.000216943	0.000160653	1.12581e-05
45	5	346973	349680	0.00016039	0.000395387	0.000277888	2.34998e-05
45	6	346973	349680	0.000281097	0.000556911	0.000419004	2.75815e-05
45	7	346973	349130	0.000245892	0.000450771	0.000348332	2.04879e-05
45	7	349131	349680	0.000300885	0.000451837	0.000376361	1.50952e-05
46	0	346973	347937	6.4516e-05	0.000161937	0.000113227	9.74214e-06
46	0	347938	348143	-3.801e-06	2.17148e-05	8.95692e-06	2.55158e-06
46	0	348144	348240	3.56524e-05	6.92583e-05	5.24554e-05	3.36058e-06
46	0	348241	348320	1.27387e-05	0.000136335	7.4537e-05	1.23597e-05
46	0	348321	349680	6.21862e-05	0.000125833	9.40096e-05	6.36469e-06
46	1	346973	347937	0.000360569	0.000511461	0.000436015	1.50891e-05
46	1	347938	348143	-2.5063e-05	0.000113884	4.44107e-05	1.38947e-05
46	1	348144	348240	0.00016888	0.000276466	0.000222673	1.07586e-05
46	1	348241	348320	0.000159305	0.000457855	0.00030858	2.9855e-05
46	1	348321	349680	0.00031015	0.000438215	0.000374183	1.28065e-05
46	2	346973	347937	0.000303225	0.00043195	0.000367588	1.28726e-05
46	2	347938	348143	5.31058e-06	7.33868e-05	3.93487e-05	6.80762e-06
46	2	348144	348240	0.000149254	0.000219434	0.000184344	7.018e-06
46	2	348241	348320	7.8994e-05	0.000412273	0.000245633	3.33279e-05
46	2	348321	349680	0.000236961	0.000390438	0.0003137	1.53477e-05
46	3	346973	347937	0.000200375	0.000338963	0.000269669	1.38589e-05
46	3	347938	348143	2.76882e-06	5.74115e-05	3.00901e-05	5.46427e-06
46	3	348144	348240	0.00010351	0.000161996	0.000132753	5.84866e-06
46	3	348241	348320	1.26358e-05	0.000369223	0.000190929	3.56587e-05
46	3	348321	349680	0.000162027	0.000290246	0.000226136	1.28218e-05
46	4	346973	347937	0.000197702	0.000331832	0.000264767	1.34131e-05
46	4	347938	348143	-7.37958e-06	2.1834e-05	7.22722e-06	2.92136e-06
46	4	348144	348240	9.30799e-05	0.000163106	0.000128093	7.00264e-06
46	4	348241	348320	2.67577e-05	0.000367428	0.000197093	3.4067e-05
46	4	348321	349680	0.000182186	0.00027439	0.000228288	9.2204e-06
46	5	346973	347937	0.000175201	0.000316717	0.000245959	1.41516e-05
46	5	347938	348143	5.07119e-06	4.88796e-05	2.69754e-05	4.38084e-06
46	5	348144	348240	8.65344e-05	0.000152341	0.000119438	6.58067e-06
46	5	348241	348320	-1.34169e-06	0.000327571	0.000163115	3.28913e-05
46	5	348321	349680	0.000151438	0.000267738	0.000209588	1.163e-05
46	6	346973	347565	0.000370423	0.000599464	0.000484943	2.29041e-05
46	6	347566	349680	0	0	0	0
46	7	346973	346983	0.000291018	0.000356899	0.000323958	6.58809e-06
46	7	346984	347128	0.000193372	0.000344128	0.00026875	1.50756e-05
46	7	347129	347937	0.000247104	0.000415566	0.000331335	1.68462e-05
46	7	347938	348143	2.44577e-05	9.04578e-05	5.74577e-05	6.60002e-06
46	7	348144	348240	7.97791e-05	0.000207721	0.00014375	1.27942e-05
46	7	348241	348320	4.77089e-05	0.000387815	0.000217762	3.40106e-05
46	7	348321	349680	0.000187213	0.000379824	0.000283518	1.92611e-05
47	0	346973	349680	0	0	0	0
47	1	346973	348140	0.000268242	0.000450011	0.000359127	1.81768e-05
47	1	348141	348250	0.000150325	0.000267524	0.000208924	1.17199e-05
47	1	348251	349680	0.000215302	0.000389409	0.000302356	1.74108e-05
47	2	346973	347050	0.000101774	0.000248689	0.000175232	1.46915e-05
47	2	347051	347430	6.36153e-05	0.000122267	9.29412e-05	5.86518e-06
47	2	347431	348145	0.000118152	0.000214999	0.000166576	9.68477e-06
47	2	348146	348222	6.17702e-05	0.00014241	0.00010209	8.06398e-06
47	2	348223	349680	0	0	0	0
47	3	346973	349680	0	0	0	0
47	4	346973	346983	0.000164731	0.000285269	0.000225	1.20539e-05
47	4	346984	347128	0.000126058	0.000228487	0.000177273	1.02429e-05
47	4	347129	348140	0.000163097	0.000252808	0.000207953	8.97114e-06
47	4	348141	348250	7.74811e-05	0.000153453	0.000115467	7.59719e-06
47	4	348251	349680	0.000104576	0.000239949	0.000172263	1.35373e-05
47	5	346973	348140	9.74967e-05	0.000200782	0.000149139	1.03285e-05
47	5	348141	348250	4.70422e-05	0.000113042	8.00423e-05	6.60002e-06
47	5	348251	349680	7.26008e-05	0.000171402	0.000122002	9.88017e-06
47	6	346973	348140	0.000140724	0.000235478	0.000188101	9.47542e-06
47	6	348141	348250	6.35343e-05	0.000141338	0.000102436	7.78032e-06
47	6	348251	349680	9.3226e-05	0.000220369	0.000156797	1.27143e-05
47	7	346973	349680	0	0	0	0
48	0	346973	349680	0	0	0	0
48	1	346973	346983	0.000449664	0.000477568	0.000463616	2.79039e-06
48	1	346984	347128	0.000371903	0.000526947	0.000449425	1.55045e-05
48	1	347129	349680	0.000447172	0.000606572	0.000526872	1.59401e-05
48	2	346973	349680	0.000386004	0.000622864	0.000504434	2.3686e-05
48	3	346973	349680	0.000317225	0.000535162	0.000426194	2.17937e-05
48	4	346973	346983	0.00015265	0.000261995	0.000207322	1.09345e-05
48	4	346984	347100	0.000113679	0.00021369	0.000163684	1.00011e-05
48	4	347101	347128	0.000269473	0.000363024	0.000316249	9.35515e-06
48	4	347129	349680	0.00033025	0.000458161	0.000394206	1.2791e-05
48	5	346973	349680	0	0	0	0
48	6	346973	349680	0	0	0	0
48	7	346973	349680	0	0	0	0
49	0	346973	346983	0.000372522	0.000400108	0.000386315	2.75863e-06
49	0	346984	347128	0.000324344	0.000394352	0.000359348	7.0008e-06
49	0	347129	349680	0.000347085	0.000518747	0.000432916	1.71661e-05
49	1	346973	349680	0.000392268	0.000637966	0.000515117	2.45698e-05
49	2	346973	349680	0.000308339	0.000564844	0.000436591	2.56505e-05
49	3	346973	349680	0.000273411	0.000520607	0.000397009	2.47196e-05
49	4	346973	349680	0	0	0	0
49	5	346973	349680	0.000323915	0.000550444	0.000437179	2.26529e-05
49	6	346973	346983	0.000346649	0.000415908	0.000381279	6.92598e-06
49	6	346984	347128	0.000402855	0.000673401	0.000538128	2.70545e-05
49	6	347129	349680	0.000375119	0.000509584	0.000442352	1.34465e-05
49	7	346973	349680	0.000262506	0.000481279	0.000371892	2.18773e-05
50	0	346973	349680	6.27374e-05	0.000133779	9.82582e-05	7.10417e-06
50	1	346973	349680	0.000157118	0.000364406	0.000260762	2.07288e-05
50	2	346973	349680	0.000154889	0.000359468	0.000257179	2.04579e-05
50	3	346973	349680	5.95698e-05	0.000161916	0.000110743	1.02346e-05
50	4	346973	349680	0.000931233	0.00165809	0.00129466	7.26861e-05
50	5	346973	349680	0.000159015	0.000380697	0.000269856	2.21682e-05
50	6	346973	349680	0.00020786	0.000431182	0.000319521	2.23323e-05
50	7	346973	349680	5.08888e-05	0.000169659	0.000110274	1.18771e-05
51	0	346973	349680	0	0	0	0
51	1	346973	349680	8.01913e-05	0.000290636	0.000185414	2.10444e-05
51	2	346973	349680	0.00026442	0.00052974	0.00039708	2.6532e-05
51	3	346973	349680	0.000211021	0.000407784	0.000309403	1.96763e-05
51	4	346973	349680	-0.000133144	0.000980675	0.000423766	0.000111382
51	5	346973	349680	-0.000178034	0.00100324	0.000412605	0.000118128
51	6	346973	349680	0.00010681	0.000304115	0.000205463	1.97305e-05
51	7	346973	349680	0	0	0	0
52	0	346973	346983	0.000386412	0.000401292	0.000393852	1.48798e-06
52	0	346984	347128	0.000239439	0.000464543	0.000351991	2.25103e-05
52	0	347129	349680	0.000329851	0.000473624	0.000401737	1.43774e-05
52	1	346973	347372	0.000151415	0.000412393	0.000281904	2.60978e-05
52	1	347373	349680	0.000323529	0.000448542	0.000386036	1.25013e-05
52	2	346973	346983	0.000367662	0.000382542	0.000375102	1.48797e-06
52	2	346984	347128	0.000245543	0.000434145	0.000339844	1.88602e-05
52	2	347129	349680	0.000334946	0.000470649	0.000402798	1.35703e-05
52	3	346973	349680	0.000296337	0.000513295	0.000404816	2.16958e-05
52	4	346973	349680	0.0002867	0.000549101	0.000417901	2.62401e-05
52	5	346973	346983	0.00032377	0.000340104	0.000331937	1.63342e-06
52	5	346984	347128	0.000215348	0.000379657	0.000297502	1.64309e-05
52	5	347129	347372	0.000275748	0.00044651	0.000361129	1.70762e-05
52	5	347373	349680	0.00034207	0.000547604	0.000444837	2.05535e-05
52	6	346973	349680	0.000234285	0.000533712	0.000383999	2.99427e-05
52	7	346973	349680	0	0	0	0
53	0	346973	349680	0.000246586	0.00047953	0.000363058	2.32944e-05
53	1	346973	347128	0.000235907	0.000409665	0.000322786	1.73758e-05
53	1	347129	349680	0.000312743	0.000467108	0.000389926	1.54365e-05
53	2	346973	347128	0.000145537	0.000255942	0.000200739	1.10405e-05
53	2	347129	349680	0.000307287	0.000457917	0.000382602	1.5063e-05
53	3	346973	347128	0.0001726	0.000309836	0.000241218	1.37236e-05
53	3	347129	349680	0.000296623	0.000443394	0.000370008	1.4677e-05
53	4	346973	347128	0.000153545	0.000331056	0.0002423	1.77512e-05
53	4	347129	349680	0.000296635	0.000454522	0.000375579	1.57887e-05
53	5	346973	347128	0.000128473	0.000380711	0.000254592	2.52238e-05
53	5	347129	349680	0.000320437	0.00045694	0.000388688	1.36503e-05
53	6	346973	347128	0.000156848	0.000310075	0.000233462	1.53227e-05
53	6	347129	349350	0.00031032	0.000440716	0.000375518	1.30396e-05
53	6	349351	349665	-8.84722e-05	0.000507376	0.000209452	5.95849e-05
53	6	349666	349680	0.000229058	0.000448428	0.000338743	2.1937e-05
53	7	346973	347128	9.33238e-05	0.000222877	0.0001581	1.29553e-05
53	7	347129	349350	0.000273578	0.000404296	0.000338937	1.30718e-05
53	7	349351	349665	-0.000122173	0.000261563	6.96952e-05	3.83735e-05
53	7	349666	349680	4.20759e-05	0.000365221	0.000203648	3.23145e-05
54	0	346973	349680	0	0	0	0
54	1	346973	349680	0	0	0	0
54	2	346973	349680	0	0	0	0
54	3	346973	349680	0	0	0	0
54	4	346973	349680	0	0	0	0
54	5	346973	349680	0	0	0	0
54	6	346973	349680	0	0	0	0
54	7	346973	349680	0	0	0	0
55	0	346973	349680	4.72528e-05	0.000173489	0.000110371	1.26236e-05
55	1	346973	349680	-1.80531e-05	0.000173796	7.78715e-05	1.91849e-05
55	2	346973	346983	5.72031e-05	0.000825583	0.000441393	7.6838e-05
55	2	346984	347128	0.00014154	0.000257911	0.000199726	1.16372e-05
55	2	347129	349680	2.23804e-05	0.00101447	0.000518426	9.92091e-05
55	3	346973	349680	9.70145e-05	0.000374392	0.000235704	2.77378e-05
55	4	346973	349680	0.000108202	0.000212817	0.000160509	1.04615e-05
55	5	346973	349680	0.000207284	0.000313716	0.0002605	1.06431e-05
55	6	346973	349680	7.08776e-05	0.000301544	0.000186211	2.30666e-05
55	7	346973	349680	5.05855e-07	0.000122159	6.13324e-05	1.21653e-05
56	0	346973	346983	0.00017667	0.00026473	0.0002207	8.80607e-06
56	0	346984	347128	0.000127991	0.000210731	0.000169361	8.27401e-06
56	0	347129	347603	0.000179841	0.000275691	0.000227766	9.585e-06
56	0	347604	347770	7.64727e-05	0.000236027	0.00015625	1.59555e-05
56	0	347771	347900	0.00019156	0.000269846	0.000230703	7.82863e-06
56	0	347901	348517	7.31179e-05	0.000225079	0.000149099	1.51961e-05
56	0	348518	348645	0.000160872	0.000297604	0.000229238	1.36732e-05
56	0	348646	348862	8.06532e-05	0.000163696	0.000122175	8.30431e-06
56	0	348863	349330	0.000178876	0.000285798	0.000232337	1.06922e-05
56	0	349331	349680	8.31695e-05	0.000216831	0.00015	1.33661e-05
56	1	346973	349680	0	0	0	0
56	2	346973	349680	0	0	0	0
56	3	346973	349680	0	0	0	0
56	4	346973	349680	0	0	0	0
56	5	346973	349680	0	0	0	0
56	6	346973	349680	0	0	0	0
56	7	346973	349680	0	0	0	0
57	0	346973	347810	0.000193522	0.000458464	0.000325993	2.64942e-05
57	0	347811	347900	5.13274e-05	7.05476e-05	6.09375e-05	1.92203e-06
57	0	347901	348000	8.64706e-05	0.000166955	0.000126713	8.0484e-06
57	0	348001	349630	0.000275669	0.000395311	0.00033549	1.19643e-05
57	0	349631	349680	4.06305e-05	9.43346e-05	6.74826e-05	5.37041e-06
57	1	346973	347810	0.000206496	0.000427265	0.000316881	2.20769e-05
57	1	347811	348100	0	0	0	0
57	1	348101	349630	0.000260309	0.000387807	0.000324058	1.27498e-05
57	1	349631	349680	3.56324e-05	0.000100863	6.82475e-05	6.52302e-06
57	2	346973	347810	0.000169498	0.000376955	0.000273227	2.07456e-05
57	2	347811	347900	3.20398e-05	6.04774e-05	4.62586e-05	2.84376e-06
57	2	347901	348000	3.2217e-05	0.000208954	0.000120585	1.76737e-05
57	2	348001	349630	0.000225672	0.000331445	0.000278559	1.05773e-05
57	2	349631	349680	1.89016e-05	9.66739e-05	5.77878e-05	7.77723e-06
57	3	346973	347810	0.000130085	0.000267515	0.0001988	1.37431e-05
57	3	347811	348100	-8.99269e-06	0.000141718	6.63627e-05	1.50711e-05
57	3	348101	349630	0.000142574	0.000231007	0.00018679	8.84328e-06
57	3	349631	349680	3.39817e-06	6.02491e-05	3.18236e-05	5.68509e-06
57	4	346973	347810	8.00744e-05	0.000274695	0.000177385	1.94621e-05
57	4	347811	348100	1.67895e-05	5.19932e-05	3.43913e-05	3.52036e-06
57	4	348101	349630	9.09708e-05	0.000270143	0.000180557	1.79172e-05
57	4	349631	349680	1.50113e-05	7.31185e-05	4.40649e-05	5.81072e-06
57	5	346973	347080	0.000193674	0.000445642	0.000319658	2.51967e-05
57	5	347081	347810	0.000298426	0.000513195	0.000405811	2.1477e-05
57	5	347811	347900	7.55227e-05	0.000103427	8.94749e-05	2.79043e-06
57	5	347901	348000	0.000145066	0.000244733	0.0001949	9.9667e-06
57	5	348001	349630	0.000299973	0.0005095	0.000404737	2.09527e-05
57	5	349631	349680	7.01306e-05	0.00013446	0.000102295	6.43289e-06
57	6	346973	347810	9.65777e-05	0.000310374	0.000203476	2.13796e-05
57	6	347811	348000	7.64395e-06	7.78379e-05	4.27409e-05	7.0194e-06
57	6	348001	349630	0.000150506	0.000271848	0.000211177	1.21342e-05
57	6	349631	349680	3.73711e-05	7.15047e-05	5.44379e-05	3.41336e-06
57	7	346973	349680	0	0	0	0
58	0	346973	349680	0.00015764	0.00026335	0.000210495	1.0571e-05
58	1	346973	347080	5.77029e-06	1.29119e-05	9.34111e-06	7.14165e-07
58	1	347081	349680	9.70844e-05	0.000229981	0.000163533	1.32896e-05
58	2	346973	349680	0	0	0	0
58	3	346973	349680	0	0	0	0
58	4	346973	349680	0	0	0	0
58	5	346973	349680	0	0	0	0
58	6	346973	349680	0	0	0	0
58	7	346973	349680	0	0	0	0
59	0	346973	347256	0.187732	0.187987	0.187859	2.55626e-05
59	0	347257	347759	0.218951	0.219234	0.219093	2.8293e-05
59	0	347760	347904	0.186539	0.188215	0.187377	0.00016757
59	0	347905	349680	0.218955	0.2192	0.219078	2.44931e-05
59	1	346973	349680	0	0	0	0
59	2	346973	349680	0	0	0	0
59	3	346973	349680	0	0	0	0
59	4	346973	349680	0	0	0	0
59	5	346973	349680	0	0	0	0
59	6	346973	349680	0	0	0	0
59	7	346973	349680	0	0	0	0
