     3 |        0 |               1 |  40.8314 |  -111.111 |    158.749 |  40.8258 | -110.994 |   95.9916 |  70.8192 | -94.7381 |   96.0215 |  70.8182 | -94.8558 |    158.777
     3 |        0 |               2 |  40.8403 |  -111.003 |    95.0296 |  40.7851 | -110.919 |   32.4384 |  70.8193 | -94.6146 |   32.3027 |  70.8194 |  -94.726 |    95.0575
     3 |        0 |               3 |  40.7976 |  -110.806 |    31.3119 |  40.8443 |  -110.78 |   -31.443 |  70.8501 | -94.5535 |  -31.4142 |   70.797 | -94.5675 |    31.3407
     3 |        0 |               4 |  40.8467 |  -110.797 |   -32.4161 |  40.9496 | -110.862 |  -95.1731 |   70.896 | -94.5264 |  -95.1392 |  70.7944 | -94.4683 |   -32.3812
     3 |        0 |               5 |  40.9565 |  -110.887 |   -96.1291 |  40.9845 | -110.821 |  -158.883 |   70.968 |  -94.543 |  -158.853 |  70.9302 | -94.6016 |   -96.0963
     3 |        1 |               1 |  63.0799 |  -83.3941 |    158.747 |  62.9943 | -83.2778 |   95.9922 |  86.4735 | -58.5344 |   96.0101 |    86.53 | -58.6328 |    158.767
     3 |        1 |               2 |  62.9971 |  -83.2819 |    95.0262 |  62.9233 | -83.1742 |   32.2727 |  86.3872 | -58.4149 |   32.2909 |  86.4395 | -58.5053 |    95.0451
     3 |        1 |               3 |  62.8325 |  -83.0887 |    31.3028 |  62.8548 |   -83.07 |  -31.4462 |  86.3715 | -58.3605 |   -31.422 |  86.3572 | -58.3868 |    31.3269
     3 |        1 |               4 |  62.8826 |  -83.0936 |   -32.4082 |  62.9111 | -83.0821 |  -95.1642 |  86.3634 | -58.3134 |   -95.148 |  86.3244 | -58.3163 |    -32.392
     3 |        1 |               5 |  62.9787 |  -83.1458 |   -96.1344 |  62.8666 | -82.9978 |  -158.891 |  86.2974 | -58.2103 |  -158.875 |  86.4099 | -58.3572 |   -96.1181
     3 |        2 |               1 |  110.879 |  -73.0279 |     158.62 |  110.814 | -73.2602 |   95.8632 |  126.309 | -42.8708 |    95.736 |  126.395 | -42.6444 |    158.491
     3 |        2 |               2 |  110.817 |  -73.2801 |    94.9082 |  110.614 | -73.5272 |   32.3167 |  126.154 | -43.0894 |   32.0173 |  126.305 | -42.8896 |    94.7741
     3 |        2 |               3 |  110.528 |  -73.4279 |    31.1828 |   110.47 | -73.6784 |  -31.5716 |  126.034 | -43.3247 |  -31.7092 |  126.094 | -43.0675 |    31.0442
     3 |        2 |               4 |  110.442 |  -73.6774 |   -32.5376 |  110.386 | -73.9275 |   -95.297 |        0 |        0 |         0 |   125.93 | -43.2786 |   -32.6772
     3 |        2 |               5 |  110.456 |   -73.967 |    -96.265 |  110.223 | -74.1296 |  -159.019 |  125.718 | -43.7481 |  -159.153 |  125.946 | -43.5749 |   -96.4016
     3 |        3 |               1 |  112.194 |  -37.4317 |    158.645 |   112.11 | -37.3723 |   95.8918 |  118.043 | -3.77817 |   95.9182 |  118.142 | -3.84932 |    158.675
     3 |        3 |               2 |  112.128 |  -37.3642 |    94.9309 |  111.985 | -37.3688 |   32.3385 |  117.961 | -3.72106 |   32.1897 |  118.098 | -3.77882 |    94.9451
     3 |        3 |               3 |  111.879 |  -37.2745 |       31.2 |  111.884 |  -37.234 |   -31.554 |   117.93 | -3.65992 |  -31.5313 |  117.918 | -3.70117 |    31.2228
     3 |        3 |               4 |    111.9 |  -37.2347 |   -32.5131 |  111.869 | -37.1981 |  -95.2702 |  117.791 | -3.60504 |  -95.2503 |  117.799 | -3.64072 |   -32.4932
     3 |        3 |               5 |  111.954 |  -37.2151 |   -96.2353 |  111.802 | -37.1386 |  -158.991 |  117.774 | -3.55235 |  -158.963 |  117.916 | -3.63225 |   -96.2065
     3 |        4 |               1 |  103.792 | -0.574553 |    158.505 |  103.253 |  1.36888 |   95.7813 |  100.054 |  35.3165 |   96.8607 |  100.585 |  33.3683 |    159.586
     3 |        4 |               2 |  103.289 |   1.40227 |    94.8267 |  102.868 |  3.27485 |   32.2622 |  99.6944 |  37.2955 |   33.1709 |  100.116 |  35.3517 |    95.8968
     3 |        4 |               3 |  102.738 |   3.35566 |    31.1372 |  102.413 |  5.29975 |  -31.5888 |  99.3164 |  39.2567 |  -30.5219 |  99.6401 |  37.3075 |     32.205
     3 |        4 |               4 |  102.392 |   5.32519 |   -32.5594 |  102.065 |  7.29616 |  -95.2835 |  98.9029 |  41.2441 |  -94.1974 |  99.2128 |  39.2655 |   -31.4715
     3 |        4 |               5 |  102.164 |   7.32686 |   -96.2467 |  101.769 |  9.26902 |  -158.969 |  98.5316 |  43.2091 |  -157.895 |  98.9439 |  41.2676 |   -95.1715
     3 |        5 |               1 |  126.478 |   41.4757 |    158.771 |  126.598 |  41.2814 |   96.0133 |   112.25 |   72.229 |   95.8888 |  112.126 |  72.4271 |    158.644
     3 |        5 |               2 |  126.629 |   41.2796 |    95.0504 |  126.674 |   40.977 |   32.4614 |   112.28 |  71.9709 |   32.1648 |  112.262 |  72.2227 |    94.9209
     3 |        5 |               3 |  126.594 |    40.992 |    31.3255 |  126.656 |  40.7659 |  -31.4339 |  112.332 |  71.7229 |  -31.5616 |  112.279 |  71.9543 |    31.1988
     3 |        5 |               4 |  126.715 |   40.7809 |    -32.394 |  126.784 |  40.5482 |  -95.1505 |  112.368 |  71.4698 |  -95.2811 |  112.296 |  71.6986 |   -32.5236
     3 |        5 |               5 |  126.829 |    40.565 |   -96.1175 |  126.896 |  40.3327 |   -158.87 |  112.453 |  71.2326 |  -158.996 |  112.397 |  71.4712 |   -96.2432
     3 |        6 |               1 |  99.3551 |   64.1448 |    158.706 |  99.2519 |  64.1668 |   95.9535 |   76.746 |  89.7986 |   96.0046 |  76.8612 |  89.7833 |    158.758
     3 |        6 |               2 |  99.2614 |   64.1752 |    94.9826 |  99.0948 |  64.1384 |   32.2319 |  76.6181 |   89.796 |   32.2812 |   76.786 |  89.8328 |    95.0325
     3 |        6 |               3 |  99.0496 |   64.0998 |    31.2668 |  99.0559 |  64.2186 |   -31.488 |  76.6048 |  89.8977 |  -31.4437 |  76.6209 |  89.8013 |    31.3102
     3 |        6 |               4 |  99.1081 |   64.2662 |    -32.447 |  99.1283 |  64.3947 |  -95.2049 |  76.6067 |   90.014 |  -95.1605 |  76.5784 |  89.8757 |   -32.4027
     3 |        6 |               5 |  99.1595 |   64.4238 |   -96.1769 |  99.0779 |   64.466 |  -158.929 |  76.5688 |  90.0938 |  -158.877 |  76.6442 |  90.0473 |   -96.1256
     3 |        7 |               1 |  67.1259 |   79.6709 |    158.624 |  67.1191 |  79.7355 |   95.8694 |  37.8727 |  97.2897 |   95.8924 |  37.8861 |  97.2305 |    158.647
     3 |        7 |               2 |  67.1158 |   79.7271 |    94.8994 |  67.0475 |   79.702 |   32.1457 |  37.8141 |  97.2741 |   32.1738 |  37.8622 |  97.2692 |    94.9264
     3 |        7 |               3 |  66.9925 |   79.5928 |    31.1815 |  67.0192 |  79.7137 |  -31.5693 |  37.8042 |  97.3208 |  -31.5451 |  37.7781 |   97.203 |    31.2067
     3 |        7 |               4 |    67.06 |   79.7832 |   -32.5342 |  67.1372 |  79.9869 |   -95.287 |   37.877 |  97.5376 |  -95.2658 |  37.8087 |  97.3275 |   -32.5051
     3 |        7 |               5 |  67.1527 |   80.0121 |   -96.2609 |  67.1589 |  80.1161 |  -159.015 |  37.9056 |  97.6411 |  -158.982 |  37.8827 |  97.5285 |   -96.2329
     3 |        8 |               1 | -67.4194 |   79.8952 |   -158.304 | -67.3681 |  79.8807 |  -95.5473 | -38.0276 |  97.2656 |   -95.565 |  -38.053 |  97.2478 |    -158.32
     3 |        8 |               2 |  -67.383 |   79.8792 |   -94.5873 | -67.3289 |  79.8622 |  -31.8287 | -37.9729 |  97.2383 |  -31.8434 | -38.0017 |  97.2342 |    -94.598
     3 |        8 |               3 | -67.3814 |   79.9186 |   -30.8716 | -67.3397 |  79.8933 |   31.8814 | -37.9766 |  97.2631 |   31.8686 | -38.0485 |  97.3304 |   -30.8873
     3 |        8 |               4 | -67.3095 |   79.8759 |    32.8463 | -67.3588 |  79.9856 |   95.6013 | -37.9881 |  97.3447 |   95.5905 |        0 |        0 |          0
     3 |        8 |               5 | -67.4079 |    80.066 |    96.5683 | -67.3509 |  80.0044 |   159.321 | -37.9683 |  97.3294 |   159.309 | -38.0204 |  97.4003 |    96.5595
     3 |        9 |               1 | -99.0322 |   63.8499 |    -158.35 | -99.0975 |   63.984 |  -95.5938 | -76.6349 |  89.6535 |  -95.6246 | -76.5765 |  89.5244 |   -158.381
     3 |        9 |               2 | -99.0963 |   63.9812 |   -94.6308 | -99.1021 |  64.0602 |  -31.8782 |  -76.639 |   89.728 |  -31.9082 |  -76.652 |  89.6669 |   -94.6626
     3 |        9 |               3 | -99.0673 |   64.0305 |   -30.9041 | -99.1301 |  64.1583 |   31.8497 | -76.6904 |  89.8481 |   31.8176 | -76.6447 |   89.734 |   -30.9362
     3 |        9 |               4 |   -99.14 |   64.1694 |    32.8127 | -99.2201 |  64.3124 |   95.5685 | -76.6992 |  89.9293 |   95.5385 | -76.6299 |  89.7945 |    32.7827
     3 |        9 |               5 | -99.2492 |   64.3387 |    96.5314 | -99.2546 |  64.4176 |   159.286 | -76.7645 |  90.0616 |   159.257 | -76.7504 |  89.9752 |    96.5005
     3 |       10 |               1 | -126.465 |   41.4501 |   -158.506 |        0 |        0 |         0 |  -112.06 |  72.0708 |  -95.6064 | -112.023 |  72.3509 |   -158.362
     3 |       10 |               2 | -126.614 |   41.2297 |   -94.7716 | -126.646 |  40.9592 |  -32.0161 | -112.179 |  71.8512 |   -31.875 | -112.125 |  72.1138 |   -94.6294
     3 |       10 |               3 | -126.591 |   40.9317 |    -31.051 | -126.705 |  40.7009 |   31.7024 |  -112.32 |  71.6283 |   31.8394 | -112.194 |  71.8554 |    -30.914
     3 |       10 |               4 | -126.737 |   40.7065 |    32.6654 | -126.938 |  40.5065 |   95.4208 | -112.461 |  71.3929 |   95.5628 | -112.262 |  71.5889 |    32.8065
     3 |       10 |               5 | -126.976 |    40.525 |    96.3887 | -127.131 |  40.3112 |   159.143 | -112.695 |  71.2121 |   159.281 | -112.539 |  71.4307 |    96.5278
     3 |       11 |               1 | -104.362 |  -2.80212 |   -158.469 | -104.345 | -2.74504 |  -95.7145 | -99.6595 |  31.0479 |  -95.7473 |  -99.691 |  30.9878 |   -158.503
     3 |       11 |               2 | -104.357 |  -2.74661 |   -94.7525 |        0 |        0 |         0 |  -99.628 |  31.1118 |  -32.0279 | -99.6971 |    31.05 |   -94.7853
     3 |       11 |               3 | -104.231 |   -2.6961 |   -31.0287 | -104.244 | -2.62765 |   31.7271 | -99.6424 |  31.1722 |    31.692 | -99.6397 |  31.1042 |   -31.0648
     3 |       11 |               4 | -104.267 |  -2.63369 |    32.6882 | -104.449 | -2.54627 |    95.444 | -99.7145 |  31.2397 |   95.4099 | -99.5678 |  31.1543 |    32.6531
     3 |       11 |               5 | -104.519 |  -2.53848 |     96.407 | -104.555 | -2.47501 |    159.16 | -99.8404 |  31.3149 |   159.129 | -99.7662 |  31.2418 |     96.374
     3 |       12 |               1 | -111.847 |   -37.494 |   -158.421 | -111.953 | -37.4163 |  -95.6639 |   -117.9 | -3.82864 |  -95.7139 | -117.791 | -3.90683 |   -158.473
     3 |       12 |               2 | -111.932 |  -37.4091 |   -94.7049 | -111.953 | -37.3981 |  -32.1024 | -117.932 | -3.74574 |  -31.9872 | -117.855 |  -3.8163 |   -94.7569
     3 |       12 |               3 | -111.829 |  -37.3017 |   -30.9708 | -111.965 | -37.2323 |    31.786 | -117.995 | -3.65922 |   31.7386 | -117.868 | -3.73001 |   -31.0192
     3 |       12 |               4 |  -112.01 |  -37.2387 |      32.75 | -112.055 | -37.1555 |   95.5078 | -117.999 |  -3.5662 |   95.4565 | -117.931 | -3.64744 |    32.6997
     3 |       12 |               5 | -112.088 |  -37.1607 |    96.4718 | -112.016 | -37.0438 |   159.229 | -118.006 | -3.46267 |   159.175 | -118.057 | -3.57487 |    96.4185
     3 |       13 |               1 | -111.031 |  -73.0787 |   -158.608 |  -110.82 | -73.2595 |  -95.8544 | -126.312 | -42.8654 |  -95.7176 | -126.522 | -42.6884 |   -158.472
     3 |       13 |               2 | -110.846 |  -73.2709 |   -94.8993 |  -110.63 |  -73.455 |   -32.143 | -126.105 | -43.0541 |  -31.9988 | -126.325 | -42.8723 |   -94.7546
     3 |       13 |               3 |  -110.51 |  -73.3952 |   -31.1861 | -110.426 | -73.6496 |   31.5724 | -125.909 | -43.2519 |   31.7176 | -126.027 |  -43.017 |   -31.0378
     3 |       13 |               4 | -110.484 |  -73.6804 |    32.5364 | -110.411 | -73.9381 |   95.2918 |  -125.83 | -43.5068 |    95.435 | -125.922 | -43.2576 |    32.6786
     3 |       13 |               5 | -110.454 |  -73.9714 |    96.2559 | -110.314 | -74.1893 |    159.01 | -125.718 | -43.7481 |   159.153 | -125.868 | -43.5351 |    96.3991
     3 |       14 |               1 |  -63.103 |  -83.3783 |   -158.455 | -63.1098 | -83.2898 |  -95.6998 | -86.3491 | -58.3253 |  -95.7402 | -86.3228 | -58.4327 |   -158.507
     3 |       14 |               2 | -63.0922 |  -83.2772 |   -94.7277 | -63.1249 | -83.1908 |  -31.9724 | -86.4075 | -58.2584 |  -32.0186 |  -86.338 | -58.3557 |   -94.7902
     3 |       14 |               3 | -63.0278 |  -83.1426 |   -31.0271 | -63.1467 | -83.0994 |   31.7445 | -86.4772 | -58.2101 |   31.6993 |        0 |        0 |          0
     3 |       14 |               4 | -63.1487 |  -83.1076 |    32.7176 | -63.2473 | -83.0949 |   95.4735 | -86.4872 | -58.1269 |   95.4283 | -86.4147 |  -58.168 |    32.6714
     3 |       14 |               5 | -63.3061 |  -83.1464 |    96.4305 | -63.3571 | -83.0689 |   159.189 | -86.6178 | -58.1189 |   159.144 |  -86.585 | -58.1929 |    96.3902
     3 |       15 |               1 | -40.7527 |  -111.001 |   -158.479 | -40.8557 | -110.976 |  -95.7246 | -70.8016 | -94.6331 |  -95.7832 | -70.7035 |   -94.68 |    -158.54
     3 |       15 |               2 | -40.8567 |  -110.979 |   -94.7656 | -40.8568 | -110.891 |  -32.1729 | -70.8705 | -94.5424 |  -32.0684 | -70.8174 | -94.6753 |   -94.8271
     3 |       15 |               3 | -40.9321 |  -110.891 |   -31.0444 | -41.0303 | -110.853 |   31.7104 | -70.9687 |  -94.507 |   31.6514 | -70.8698 | -94.5503 |   -31.1033
     3 |       15 |               4 | -41.0237 |  -110.848 |    32.6764 |  -41.123 |  -110.82 |   95.4322 | -71.0531 | -94.4506 |   95.3752 | -70.9674 | -94.5118 |    32.6184
     3 |       15 |               5 | -41.1399 |  -110.846 |    96.3932 | -41.1144 | -110.584 |   159.148 | -71.0704 | -94.2639 |   159.093 |  -71.102 | -94.5322 |    96.3382
     4 |        0 |               1 |   79.525 |  -132.215 |   -191.161 |  79.8142 | -132.399 |  -128.404 |  48.9319 | -146.885 |  -128.307 |  48.6398 | -146.697 |   -191.062
     4 |        0 |               2 |  79.8038 |  -132.408 |   -127.425 |  80.0986 | -132.592 |    -64.67 |  49.2134 | -147.061 |   -64.573 |  48.9177 | -146.871 |   -127.328
     4 |        0 |               3 |  80.1075 |  -132.603 |    -63.715 |  80.4134 | -132.844 | -0.958227 |   49.542 | -147.351 | -0.863514 |  49.2381 | -147.112 |   -63.6203
     4 |        0 |               4 |  80.3991 |  -132.846 |  0.0148534 |  80.7124 | -133.097 |   62.7686 |  49.8303 | -147.588 |   62.8634 |  49.5116 | -147.334 |   0.110721
     4 |        0 |               5 |  80.7683 |  -133.196 |    63.7239 |  81.0816 | -133.428 |    126.48 |  50.1909 | -147.881 |   126.575 |  49.8742 | -147.651 |     63.821
     4 |        0 |               6 |  81.0906 |  -133.459 |    127.446 |  81.3931 | -133.687 |   190.198 |  50.5035 | -148.154 |    190.29 |  50.1901 | -147.905 |    127.538
     4 |        1 |               1 |  113.903 |  -120.984 |   -191.217 |  114.351 | -121.019 |  -128.459 |  87.4415 | -141.984 |  -128.276 |  87.0445 | -142.019 |   -191.034
     4 |        1 |               2 |  114.355 |      -121 |   -127.498 |  114.757 | -120.968 |  -64.7427 |  87.8376 | -141.921 |  -64.5594 |   87.456 | -141.978 |   -127.316
     4 |        1 |               3 |  114.748 |  -120.945 |   -63.7747 |  115.077 | -120.807 |  -1.01867 |  88.1412 | -141.735 | -0.830367 |  87.8269 | -141.896 |   -63.5854
     4 |        1 |               4 |  115.118 |  -120.851 | -0.0558029 |  115.433 | -120.703 |   62.6983 |  88.5005 | -141.634 |   62.8805 |  88.1922 | -141.791 |    0.12646
     4 |        1 |               5 |  115.447 |  -120.711 |    63.6592 |  115.808 | -120.625 |   126.418 |  88.8422 | -141.512 |   126.603 |  88.4922 | -141.627 |    63.8476
     4 |        1 |               6 |   115.82 |  -120.628 |    127.375 |  116.072 | -120.402 |   190.131 |  89.1272 | -141.317 |   190.314 |  88.8909 | -141.565 |    127.558
     4 |        2 |               1 |  148.988 |  -107.506 |   -191.404 |  148.993 | -107.323 |  -128.647 |  126.657 | -133.103 |   -128.57 |  126.646 | -133.291 |   -191.323
     4 |        2 |               2 |      149 |  -107.317 |   -127.682 |  149.019 |  -107.14 |  -64.9263 |  126.671 | -132.917 |   -64.846 |  126.655 | -133.099 |   -127.603
     4 |        2 |               3 |  149.009 |  -107.123 |   -63.9663 |  149.102 | -107.008 |  -1.21047 |  126.738 | -132.765 |  -1.12922 |  126.653 | -132.898 |    -63.882
     4 |        2 |               4 |  149.123 |  -107.032 |  -0.245437 |  149.181 | -106.886 |   62.5094 |  126.834 | -132.659 |   62.5886 |  126.786 | -132.815 |  -0.165153
     4 |        2 |               5 |   149.19 |  -106.882 |    63.4804 |  149.189 | -106.693 |   126.238 |  126.813 | -132.433 |   126.315 |  126.817 | -132.626 |    63.5576
     4 |        2 |               6 |  149.264 |  -106.756 |    127.199 |  149.265 | -106.564 |   189.954 |  126.894 | -132.314 |    190.03 |  126.921 | -132.529 |    127.275
     4 |        3 |               1 |  142.463 |  -59.8939 |   -191.328 |  142.618 | -59.9981 |  -128.538 |   125.91 | -89.7368 |  -128.533 |  125.772 | -89.6551 |   -191.292
     4 |        3 |               2 |  142.542 |  -59.9478 |   -127.607 |  142.777 | -60.0946 |  -64.8597 |   126.09 | -89.8476 |  -64.8693 |  125.847 |  -89.697 |   -127.616
     4 |        3 |               3 |   142.81 |  -60.1008 |   -63.8869 |  143.026 | -60.2531 |  -1.13941 |  126.354 | -90.0131 |  -1.15003 |  126.138 | -89.8606 |   -63.8955
     4 |        3 |               4 |  143.104 |  -60.2867 |  -0.166739 |  143.356 | -60.4109 |   62.6217 |  126.615 | -90.1638 |   62.5703 |  126.398 | -90.0315 |  -0.176207
     4 |        3 |               5 |  143.365 |   -60.413 |    63.5876 |  143.557 |  -60.524 |   126.344 |  126.808 | -90.2234 |   126.364 |  126.606 | -90.1256 |    63.5854
     4 |        3 |               6 |  143.634 |  -60.5502 |    127.338 |  143.826 | -60.6762 |   190.064 |  127.104 |  -90.406 |   190.063 |  126.898 | -90.2889 |    127.307
     4 |        4 |               1 |  164.279 |  -30.9662 |   -191.314 |   164.24 | -30.8272 |  -128.553 |  154.632 |  -63.554 |  -128.483 |  154.669 | -63.7033 |    -191.24
     4 |        4 |               2 |  164.237 |  -30.8266 |   -127.584 |  164.202 | -30.6847 |  -64.8278 |  154.575 | -63.4079 |  -64.7603 |  154.641 | -63.5604 |   -127.517
     4 |        4 |               3 |  164.223 |  -30.6883 |   -63.8578 |   164.18 | -30.5482 |  -1.09996 |  154.568 | -63.2775 |   -1.0314 |  154.617 |  -63.418 |   -63.7892
     4 |        4 |               4 |  164.246 |   -30.572 |  -0.144892 |        0 |        0 |         0 |  154.556 | -63.1422 |   62.6785 |  154.628 | -63.2965 | -0.0763427
     4 |        4 |               5 |  164.212 |  -30.4222 |    63.5849 |   164.09 | -30.2577 |   126.341 |  154.424 |  -62.973 |   126.406 |  154.569 | -63.1425 |    63.6495
     4 |        4 |               6 |  164.136 |  -30.2703 |    127.307 |   164.04 | -30.1186 |   190.064 |  154.379 | -62.8319 |   190.129 |  154.505 | -62.9937 |    127.373
     4 |        5 |               1 |  183.371 |   1.02946 |   -191.152 |  183.301 |  1.17398 |  -128.374 |  180.853 | -32.8484 |   -128.28 |  180.909 | -33.0211 |   -191.038
     4 |        5 |               2 |  183.353 |   1.17408 |   -127.414 |   183.23 |  1.35733 |  -64.6557 |  180.766 | -32.6635 |  -64.5586 |  180.902 |  -32.847 |   -127.318
     4 |        5 |               3 |  183.226 |   1.36083 |   -63.6957 |   183.24 |  1.53335 | -0.938974 |  180.788 | -32.4889 | -0.844829 |  180.759 | -32.6512 |   -63.6036
     4 |        5 |               4 |  183.282 |   1.53261 |  0.0310273 |  183.263 |  1.72377 |   62.7827 |  180.804 | -32.3021 |   62.8809 |  180.846 | -32.4899 |   0.128172
     4 |        5 |               5 |  183.257 |    1.7179 |    63.7498 |  183.286 |   1.8925 |   126.505 |  180.797 | -32.1311 |   126.598 |   180.76 | -32.3036 |    63.8429
     4 |        5 |               6 |   183.37 |    1.8907 |     127.47 |        0 |        0 |         0 |  180.959 |  -31.972 |   190.314 |  180.905 | -32.1311 |    127.559
     4 |        6 |               1 |  150.796 |   36.0001 |   -191.217 |  150.765 |  35.8497 |   -128.46 |  154.949 |  2.00849 |  -128.542 |  154.984 |  2.15081 |   -191.296
     4 |        6 |               2 |  150.764 |   35.8503 |   -127.495 |  150.791 |  35.7296 |  -64.7394 |        0 |        0 |         0 |   154.94 |  2.00044 |   -127.567
     4 |        6 |               3 |  150.748 |   35.7227 |   -63.7783 |  150.923 |  35.6088 |   -1.0226 |   155.07 |  1.75171 |  -1.09675 |   154.91 |  1.86742 |   -63.8525
     4 |        6 |               4 |  150.961 |   35.6116 | -0.0626456 |  151.004 |  35.4826 |   62.6922 |  155.183 |  1.62933 |    62.619 |  155.154 |  1.76046 |  -0.136834
     4 |        6 |               5 |  151.052 |   35.4881 |    63.6622 |  151.089 |  35.3559 |    126.42 |  155.247 |   1.5006 |   126.343 |  155.227 |   1.6334 |     63.586
     4 |        6 |               6 |  151.134 |   35.3604 |    127.378 |  151.161 |  35.2331 |   190.132 |  155.359 |  1.37697 |   190.061 |  155.286 |   1.5034 |    127.306
     4 |        7 |               1 |  150.394 |   71.8112 |   -191.152 |  150.043 |  71.7917 |  -128.394 |  161.576 |  39.6894 |   -128.34 |  161.834 |  39.6812 |   -191.106
     4 |        7 |               2 |  150.064 |   71.8128 |   -127.429 |  149.837 |  71.8291 |  -64.6713 |  161.329 |  39.7133 |  -64.6218 |  161.513 |  39.6824 |   -127.379
     4 |        7 |               3 |  149.811 |   71.8219 |   -63.7194 |  149.689 |  71.8852 | -0.962532 |  161.188 |  39.7713 |  -0.90702 |  161.291 |  39.7012 |   -63.6649
     4 |        7 |               4 |  149.723 |   71.8987 | 0.00855733 |  149.534 |  71.9385 |   62.7623 |  161.062 |  39.8353 |   62.8158 |  161.243 |  39.7932 |  0.0611215
     4 |        7 |               5 |   149.58 |   71.9569 |    63.7194 |  149.376 |  71.9864 |   126.478 |  160.851 |  39.8619 |   126.531 |  161.052 |  39.8281 |    63.7738
     4 |        7 |               6 |  149.489 |   72.0346 |    127.446 |   149.26 |  72.0573 |   190.201 |  160.729 |  39.9337 |   190.254 |  160.943 |  39.9039 |    127.499
     4 |        8 |               1 |  147.353 |   108.819 |   -190.836 |  147.216 |  108.932 |   -128.08 |  165.312 |  80.0141 |  -127.992 |  165.446 |  79.9059 |   -190.749
     4 |        8 |               2 |   147.28 |   108.975 |   -127.116 |    147.2 |   109.11 |  -64.3584 |  165.261 |  80.1734 |  -64.2754 |   165.35 |  80.0416 |   -127.032
     4 |        8 |               3 |  147.158 |   109.082 |   -63.3924 |   147.18 |   109.29 | -0.637685 |  165.292 |  80.3829 | -0.550616 |  165.265 |  80.1741 |   -63.3063
     4 |        8 |               4 |  147.204 |    109.31 |   0.335293 |  147.096 |  109.425 |   63.0911 |  165.174 |  80.4978 |   63.1742 |  165.283 |  80.3844 |   0.418376
     4 |        8 |               5 |  147.114 |   109.442 |    64.0521 |  146.982 |  109.545 |   126.811 |  165.011 |  80.5875 |   126.893 |  165.157 |  80.4897 |    64.1362
     4 |        8 |               6 |  147.049 |   109.589 |    127.771 |  146.871 |  109.655 |   190.526 |  164.927 |  80.7136 |   190.606 |  165.098 |  80.6424 |    127.851
     4 |        9 |               1 |  100.807 |   118.064 |   -191.031 |  100.795 |  117.873 |  -128.273 |  124.126 |   92.992 |  -128.342 |  124.139 |  93.1851 |     -191.1
     4 |        9 |               2 |  100.817 |   117.911 |   -127.311 |  100.854 |  117.785 |  -64.5533 |  124.161 |  92.8795 |  -64.6194 |  124.147 |   93.015 |   -127.373
     4 |        9 |               3 |  100.842 |   117.772 |   -63.5883 |  100.848 |  117.614 | -0.832525 |  124.175 |  92.7173 | -0.895618 |  124.181 |  92.8922 |   -63.6534
     4 |        9 |               4 |  100.895 |   117.657 |   0.134627 |  100.808 |  117.406 |   62.8911 |  124.129 |  92.5118 |    62.824 |  124.228 |  92.7744 |  0.0675801
     4 |        9 |               5 |  100.798 |   117.403 |    63.8531 |  100.725 |  117.172 |    126.61 |  124.049 |  92.2825 |   126.545 |        0 |        0 |          0
     4 |        9 |               6 |  100.734 |    117.18 |    127.585 |  100.491 |  116.787 |   190.338 |  123.795 |  91.8805 |   190.268 |  124.076 |  92.3065 |    127.517
     4 |       10 |               1 |  80.0219 |   147.207 |   -191.012 |    79.77 |  147.221 |  -128.258 |  107.927 |  127.967 |  -128.141 |  108.193 |  127.966 |   -190.894
     4 |       10 |               2 |  79.7869 |   147.254 |   -127.299 |  79.5827 |  147.335 |  -64.5417 |  107.698 |  128.026 |  -64.4245 |  107.927 |  127.978 |   -127.181
     4 |       10 |               3 |  79.5878 |   147.353 |   -63.5747 |  79.3474 |  147.384 | -0.819144 |  107.466 |  128.075 |  -0.70193 |   107.73 |  128.078 |   -63.4564
     4 |       10 |               4 |  79.3958 |    147.46 |   0.145015 |  79.0922 |  147.402 |   62.8983 |  107.221 |  128.109 |   63.0166 |  107.549 |  128.203 |    0.26234
     4 |       10 |               5 |  79.1155 |   147.441 |    63.8664 |  78.8007 |  147.363 |   126.623 |  106.887 |  128.015 |   126.737 |  107.212 |  128.101 |    63.9826
     4 |       10 |               6 |  78.8365 |   147.426 |    127.585 |  78.5206 |  147.343 |   190.339 |  106.631 |  128.024 |   190.455 |  106.951 |  128.108 |    127.701
     4 |       11 |               1 |  54.1909 |    170.34 |   -191.426 |  54.1323 |  170.408 |  -128.668 |  85.5919 |  157.223 |  -128.624 |  85.6519 |  157.171 |   -191.384
     4 |       11 |               2 |  54.2039 |   170.562 |   -127.706 |  54.1189 |  170.589 |  -64.9519 |   85.589 |  157.431 |  -64.9078 |  85.6774 |  157.417 |   -127.662
     4 |       11 |               3 |  54.1218 |   170.597 |   -63.9849 |   54.075 |  170.662 |  -1.22688 |  85.5514 |  157.526 |  -1.18578 |  85.6045 |  157.455 |   -63.9408
     4 |       11 |               4 |  54.0817 |   170.714 |  -0.261866 |  53.9737 |  170.666 |    62.492 |  85.4513 |  157.511 |   62.5351 |  85.5581 |  157.572 |  -0.219766
     4 |       11 |               5 |   53.983 |   170.694 |    63.4571 |    53.85 |  170.549 |   126.216 |  85.3097 |   157.37 |   126.254 |        0 |        0 |          0
     4 |       11 |               6 |  53.8905 |   170.657 |    127.179 |  53.7396 |  170.519 |   189.932 |  85.2009 |  157.327 |   189.976 |   85.351 |  157.476 |    127.222
     4 |       12 |               1 | -54.1862 |   170.342 |    191.429 |  -54.194 |  170.533 |   128.671 | -85.5919 |  157.223 |   128.635 | -85.6068 |  157.058 |    191.391
     4 |       12 |               2 | -54.1749 |    170.51 |    127.711 | -54.1362 |  170.606 |    64.953 | -85.5389 |  157.279 |    64.912 | -85.5727 |  157.174 |     127.67
     4 |       12 |               3 | -54.1276 |   170.601 |     63.988 | -54.0988 |  170.737 |   1.23307 | -85.5153 |  157.433 |   1.18918 | -85.5487 |  157.325 |    63.9461
     4 |       12 |               4 | -54.1339 |   170.795 |   0.263119 | -54.0388 |  170.798 |  -62.4889 | -85.4484 |  157.474 |  -62.5348 | -85.5383 |  157.478 |   0.219217
     4 |       12 |               5 | -54.0459 |   170.804 |   -63.4599 | -53.9325 |  170.746 |  -126.214 | -85.3097 |   157.37 |  -126.254 | -85.4244 |  157.427 |   -63.4998
     4 |       12 |               6 | -53.9446 |   170.786 |    -127.18 | -53.8423 |  170.733 |  -189.936 | -85.2444 |  157.415 |  -189.975 | -85.3524 |  157.477 |    -127.22
     4 |       13 |               1 | -79.9987 |   146.292 |    191.172 | -79.9974 |  146.255 |   128.414 | -108.082 |  126.894 |   128.425 |  -108.09 |  126.923 |    191.179
     4 |       13 |               2 | -80.0252 |   146.295 |    127.448 | -80.0178 |   146.24 |   64.6902 | -108.095 |  126.855 |   64.7014 |  -108.09 |  126.891 |     127.46
     4 |       13 |               3 |   -79.99 |   146.259 |    63.7482 | -80.0102 |  146.185 |  0.970192 | -108.131 |  126.876 |  0.981388 | -108.133 |   126.92 |    63.7404
     4 |       13 |               4 | -80.0563 |   146.239 | 0.00618964 | -80.0424 |  146.189 |  -62.7488 | -108.138 |  126.844 |  -62.7376 | -108.175 |  126.922 |  0.0153869
     4 |       13 |               5 | -80.0643 |   146.204 |   -63.7128 | -80.0364 |  146.125 |  -126.468 | -108.104 |  126.731 |  -126.454 | -108.133 |  126.825 |   -63.6956
     4 |       13 |               6 | -80.0413 |   146.176 |   -127.423 | -80.0441 |  146.072 |  -190.196 |        0 |        0 |         0 | -108.163 |  126.819 |   -127.422
     4 |       14 |               1 | -101.056 |   117.394 |    191.289 | -101.026 |  117.371 |   128.535 | -124.344 |  92.4744 |   128.533 | -124.368 |  92.4981 |    191.289
     4 |       14 |               2 | -101.045 |   117.406 |    127.564 | -101.015 |  117.368 |   64.8071 | -124.303 |  92.4443 |   64.8108 |  -124.35 |  92.4968 |    127.567
     4 |       14 |               3 | -101.018 |    117.37 |    63.8491 | -101.002 |   117.36 |   1.09412 | -124.322 |  92.4662 |   1.09177 | -124.338 |  92.4766 |    63.8468
     4 |       14 |               4 | -101.032 |   117.389 |   0.124093 | -100.953 |  117.319 |  -62.6299 | -124.252 |  92.4078 |  -62.6292 |  -124.34 |  92.4843 |   0.123761
     4 |       14 |               5 | -100.957 |   117.325 |   -63.5939 |  -100.84 |   117.22 |  -126.349 | -124.103 |  92.2741 |  -126.348 | -124.226 |  92.3836 |   -63.5932
     4 |       14 |               6 | -100.925 |   117.302 |   -127.315 | -100.791 |  117.179 |  -190.071 | -124.074 |  92.2504 |  -190.071 | -124.223 |   92.386 |   -127.316
     4 |       15 |               1 |  -147.86 |   109.888 |    191.388 | -147.844 |  109.747 |   128.629 | -165.435 |    80.53 |   128.691 | -165.476 |  80.6737 |    191.446
     4 |       15 |               2 | -147.892 |   109.771 |    127.741 | -147.875 |  109.639 |   64.9854 | -165.481 |  80.4113 |   65.0443 | -165.476 |   80.546 |    127.802
     4 |       15 |               3 | -147.862 |   109.598 |    64.0135 | -147.848 |  109.457 |   1.25767 | -165.464 |  80.2482 |   1.32145 | -165.479 |  80.3893 |    64.0773
     4 |       15 |               4 | -147.896 |   109.484 |   0.292562 |  -147.86 |  109.337 |  -62.4623 | -165.486 |  80.1329 |  -62.4015 | -165.528 |  80.2852 |   0.353301
     4 |       15 |               5 | -147.905 |   109.341 |   -63.4223 | -147.796 |  109.119 |   -126.18 | -165.367 |  79.8879 |  -126.105 | -165.487 |  80.1124 |   -63.3485
     4 |       15 |               6 | -147.778 |   109.134 |   -127.146 | -147.472 |  108.805 |  -189.899 | -165.073 |   79.581 |  -189.829 | -165.386 |  79.9318 |   -127.072
     4 |       16 |               1 | -151.293 |   71.2782 |    191.046 | -151.378 |   71.287 |   128.288 | -162.687 |  39.1073 |     128.3 |   -162.6 |  39.0917 |    191.055
     4 |       16 |               2 | -151.314 |   71.2769 |     127.31 | -151.223 |  71.1936 |   64.5557 | -162.523 |  39.0049 |   64.5848 | -162.596 |  39.0888 |    127.343
     4 |       16 |               3 | -151.259 |   71.2117 |    63.5847 | -151.113 |   71.093 |  0.828871 | -162.377 |  38.8955 |  0.864928 | -162.498 |  39.0085 |    63.6208
     4 |       16 |               4 | -151.258 |    71.126 |  -0.150291 | -151.224 |  71.0802 |  -62.9053 | -162.558 |  38.9073 |  -62.8873 |  -162.57 |  38.9406 |  -0.134289
     4 |       16 |               5 | -151.245 |   71.1149 |   -63.9053 | -151.089 |  71.0037 |  -126.665 | -162.371 |   38.814 |  -126.638 | -162.506 |  38.9129 |   -63.8803
     4 |       16 |               6 | -151.252 |   71.0775 |   -127.587 | -151.051 |  70.9668 |  -190.342 |  -162.39 |  38.7909 |  -190.322 | -162.574 |  38.9043 |   -127.564
     4 |       17 |               1 | -151.046 |   35.4651 |    190.849 | -151.051 |  35.4318 |   128.093 | -155.352 |  1.59168 |   128.115 | -155.338 |  1.62967 |    190.872
     4 |       17 |               2 |  -151.09 |   35.4324 |    127.126 | -151.004 |  35.3944 |   64.3697 |  -155.26 |  1.55039 |   64.3856 | -155.383 |  1.59444 |    127.142
     4 |       17 |               3 | -150.991 |   35.3907 |    63.4107 | -150.871 |   35.345 |  0.656846 | -155.104 |  1.49799 |  0.676764 | -155.261 |  1.55066 |    63.4306
     4 |       17 |               4 | -150.924 |   35.3509 |  -0.309218 | -150.837 |   35.308 |  -63.0641 | -155.066 |  1.46056 |  -63.0472 | -155.186 |  1.50837 |  -0.291335
     4 |       17 |               5 | -150.835 |   35.3136 |   -64.0281 | -150.804 |  35.2697 |  -126.785 | -154.995 |  1.42003 |  -126.761 | -155.079 |  1.46355 |   -64.0072
     4 |       17 |               6 | -150.886 |    35.281 |   -127.749 |  -150.52 |  35.2009 |  -190.502 | -154.758 |  1.35549 |   -190.48 | -155.083 |  1.42923 |   -127.726
     4 |       18 |               1 | -184.397 |   1.91962 |    190.777 | -184.248 |  1.77006 |   128.022 | -181.238 | -32.2057 |   128.111 |  -181.38 |  -32.053 |    190.869
     4 |       18 |               2 | -184.289 |   1.76641 |     127.06 | -184.107 |  1.62153 |   64.3027 | -181.066 | -32.3521 |   64.3918 | -181.248 | -32.2071 |    127.148
     4 |       18 |               3 | -184.057 |   1.62444 |    63.3337 | -184.003 |  1.46806 |   0.57793 | -180.989 | -32.5092 |  0.666065 | -181.054 | -32.3532 |    63.4208
     4 |       18 |               4 | -184.076 |   1.45888 |   -0.38715 | -183.958 |  1.30909 |  -63.1399 | -180.943 |  -32.668 |  -63.0517 | -181.076 | -32.5186 |  -0.298033
     4 |       18 |               5 | -184.013 |   1.33675 |    -64.086 | -183.887 |  1.15127 |   -126.86 | -180.859 |  -32.824 |   -126.77 |  -180.99 | -32.6738 |   -64.0138
     4 |       18 |               6 | -183.924 |   1.14838 |   -127.822 | -183.841 | 0.990852 |  -190.578 | -180.817 | -32.9844 |  -190.492 | -180.908 | -32.8306 |   -127.737
     4 |       19 |               1 | -165.018 |  -31.4591 |    190.592 | -165.179 | -31.4971 |   127.833 | -162.231 | -65.4815 |   127.847 | -162.066 | -65.4436 |    190.604
     4 |       19 |               2 | -165.227 |  -31.4964 |    126.879 | -165.405 | -31.5391 |   64.1211 |  -162.42 | -65.5205 |    64.135 | -162.254 | -65.4801 |    126.893
     4 |       19 |               3 | -165.404 |  -31.5383 |    63.1641 | -165.613 | -31.5737 |  0.404431 | -162.627 | -65.5569 |  0.413321 | -162.421 | -65.5202 |      63.17
     4 |       19 |               4 | -165.668 |  -31.5782 |  -0.557422 | -165.831 | -31.6164 |  -63.3132 | -162.818 | -65.5932 |  -63.3014 | -162.686 | -65.5619 |  -0.546519
     4 |       19 |               5 | -165.852 |  -31.6114 |   -64.2851 | -165.946 | -31.6474 |  -127.043 | -162.893 | -65.6267 |  -127.027 | -162.793 | -65.5871 |   -64.2685
     4 |       19 |               6 | -165.975 |  -31.6497 |   -128.006 | -166.092 | -31.6828 |   -190.76 | -163.106 | -65.6646 |  -190.745 | -163.012 | -65.6288 |   -127.983
     4 |       20 |               1 | -143.701 |  -60.3686 |    190.645 | -143.516 | -60.3572 |   127.889 | -126.747 |   -90.06 |   127.932 | -126.953 | -90.0923 |    190.686
     4 |       20 |               2 | -143.551 |  -60.3541 |    126.962 | -143.355 | -60.3201 |   64.2045 | -126.565 | -90.0124 |   64.2417 | -126.781 | -90.0645 |    126.997
     4 |       20 |               3 | -143.347 |  -60.3172 |    63.2385 | -143.238 | -60.3437 |  0.479627 | -126.463 |  -90.037 |   0.52178 | -126.568 | -90.0187 |    63.2777
     4 |       20 |               4 | -143.285 |  -60.3591 |  -0.484456 |        0 |        0 |         0 | -126.386 | -90.0849 |  -63.1972 | -126.554 | -90.0858 |  -0.440375
     4 |       20 |               5 | -143.167 |  -60.3707 |   -64.2063 | -142.998 | -60.3625 |  -126.962 | -126.221 | -90.0688 |  -126.919 | -126.387 | -90.0726 |   -64.1622
     4 |       20 |               6 | -143.067 |  -60.4036 |   -127.916 | -142.921 | -60.3807 |   -190.67 | -126.255 | -90.1474 |  -190.642 | -126.339 | -90.1312 |   -127.885
     4 |       21 |               1 | -150.214 |  -106.913 |    190.277 | -150.314 | -107.127 |    127.52 | -127.939 | -132.876 |   127.572 | -127.894 | -132.712 |    190.329
     4 |       21 |               2 | -150.309 |  -107.157 |    126.552 | -150.332 | -107.324 |   63.7975 | -127.936 | -133.057 |    63.859 | -127.988 | -132.952 |    126.614
     4 |       21 |               3 | -150.335 |  -107.322 |    62.8425 | -150.301 | -107.451 | 0.0856579 | -127.888 | -133.165 |  0.152081 | -127.963 |  -133.07 |     62.909
     4 |       21 |               4 | -150.348 |  -107.486 |  -0.884327 | -150.249 |  -107.55 |  -63.6392 |  -127.86 | -133.299 |  -63.5778 | -127.996 | -133.251 |  -0.819869
     4 |       21 |               5 | -150.255 |  -107.555 |   -64.5972 | -150.176 |  -107.64 |  -127.355 |  -127.75 | -133.341 |  -127.291 | -127.842 |  -133.27 |   -64.5328
     4 |       21 |               6 | -150.189 |  -107.651 |   -128.317 | -149.903 | -107.555 |  -191.073 | -127.496 | -133.273 |  -191.013 | -127.793 |  -133.38 |   -128.257
     4 |       22 |               1 | -114.745 |  -122.304 |    190.341 | -114.715 |  -122.43 |   127.587 | -87.5574 |  -143.07 |   127.646 |   -87.57 | -142.911 |    190.401
     4 |       22 |               2 | -114.732 |  -122.455 |    126.617 |  -114.65 |  -122.52 |   63.8632 |  -87.469 | -143.132 |   63.9243 |  -87.566 | -143.081 |    126.678
     4 |       22 |               3 | -114.607 |  -122.474 |    62.8991 | -114.601 | -122.647 |  0.145332 | -87.4227 |  -143.26 |  0.207422 | -87.4255 | -143.084 |    62.9612
     4 |       22 |               4 | -114.628 |  -122.677 |  -0.821636 | -114.583 | -122.803 |  -63.5755 | -87.4127 | -143.435 |  -63.5154 | -87.4611 | -143.306 |  -0.760526
     4 |       22 |               5 | -114.591 |  -122.823 |   -64.5355 | -114.516 | -122.903 |  -127.292 | -87.3146 | -143.487 |  -127.233 |        0 |        0 |          0
     4 |       22 |               6 | -114.524 |  -122.923 |   -128.267 | -114.446 | -123.015 |  -191.023 | -87.2971 | -143.671 |   -190.96 | -87.3772 | -143.587 |   -128.206
     4 |       23 |               1 | -80.9332 |  -133.156 |    190.419 | -80.7419 | -133.106 |   127.663 |  -49.852 | -147.572 |   127.746 | -50.0414 | -147.609 |    190.504
     4 |       23 |               2 | -80.7716 |   -133.17 |    126.697 | -80.5962 | -133.151 |   63.9409 | -49.6944 | -147.593 |   64.0236 | -49.8681 | -147.607 |    126.781
     4 |       23 |               3 | -80.5985 |  -133.153 |    62.9769 | -80.4259 | -133.148 |  0.221092 | -49.5465 |  -147.64 |  0.304753 |        0 |        0 |          0
     4 |       23 |               4 | -80.4445 |  -133.193 |  -0.744987 | -80.2466 | -133.116 |  -63.4996 | -49.3511 | -147.581 |  -63.4219 | -49.5527 | -147.668 |  -0.667282
     4 |       23 |               5 | -80.2519 |  -133.139 |   -64.4637 |  -80.016 | -132.994 |   -127.22 |  -49.103 | -147.416 |  -127.136 | -49.3396 | -147.559 |   -64.3809
     4 |       23 |               6 | -80.0647 |  -133.099 |   -128.187 | -79.8281 | -132.948 |  -190.941 | -48.9275 | -147.394 |  -190.858 | -49.1599 | -147.538 |   -128.107
