5 10 8 12 
  -2.18827 1.82387 -11.404
  -0.912708 2.38119 -11.404
  -2.18827 1.82387 11.404
  -0.912708 2.38119 11.404
  2.01076 -1.57 -11.404
  1.10855 -2.63004 -11.404
  2.01076 -1.57 11.404
  1.10855 -2.63004 11.404
  -2.78011 0.640582 -11.404
  -1.89097 1.71161 -11.404
  -2.78011 0.640582 11.404
  -1.89097 1.71161 11.404
  2.50198 -0.498732 -11.404
  2.17227 -1.85112 -11.404
  2.50198 -0.498732 11.404
  2.17227 -1.85112 11.404
  -2.77246 -0.680113 -11.404
  -2.45936 0.676218 -11.404
  -2.77246 -0.680113 11.404
  -2.45936 0.676218 11.404
  2.45704 0.683564 -11.404
  2.77013 -0.672767 -11.404
  2.45704 0.683564 11.404
  2.77013 -0.672767 11.404
  -2.17422 -1.84746 -11.404
  -2.50393 -0.495077 -11.404
  -2.17422 -1.84746 11.404
  -2.50393 -0.495077 11.404
  1.89201 1.71204 -11.404
  2.78114 0.641009 -11.404
  1.89201 1.71204 11.404
  2.78114 0.641009 11.404
  -1.11125 -2.62693 -11.404
  -2.01346 -1.56689 -11.404
  -1.11125 -2.62693 11.404
  -2.01346 -1.56689 11.404
  0.917721 2.38136 -11.404
  2.19328 1.82404 -11.404
  0.917721 2.38136 11.404
  2.19328 1.82404 11.404
  -3.14087 4.31344 -11.404
  -1.80133 4.69201 -11.404
  -3.14087 4.31344 11.404
  -1.80133 4.69201 11.404
  2.98722 -4.03475 -11.404
  1.94983 -4.96291 -11.404
  2.98722 -4.03475 11.404
  1.94983 -4.96291 11.404
  -4.06183 3.43936 -11.404
  -2.84887 4.12229 -11.404
  -4.06183 3.43936 11.404
  -2.84887 4.12229 11.404
  3.8552 -3.21529 -11.404
  3.06514 -4.36136 -11.404
  3.8552 -3.21529 11.404
  3.06514 -4.36136 11.404
  -4.75669 2.38736 -11.404
  -3.73833 3.33636 -11.404
  -4.75669 2.38736 11.404
  -3.73833 3.33636 11.404
  4.50264 -2.22084 -11.404
  4.00423 -3.52055 -11.404
  4.50264 -2.22084 11.404
  4.00423 -3.52055 11.404
  -5.18928 1.21854 -11.404
  -4.42262 2.38039 -11.404
  -5.18928 1.21854 11.404
  -4.42262 2.38039 11.404
  4.90017 -1.09741 -11.404
  4.72135 -2.47788 -11.404
  4.90017 -1.09741 11.404
  4.72135 -2.47788 11.404
  -5.33354 -0.0452327 -11.404
  -4.86158 1.26431 -11.404
  -5.33354 -0.0452327 11.404
  -4.86158 1.26431 11.404
  5.00766 0.0837015 -11.404
  5.15846 -1.30011 -11.404
  5.00766 0.0837015 11.404
  5.15846 -1.30011 11.404
  -5.16995 -1.29829 -11.404
  -5.01915 0.0855179 -11.404
  -5.16995 -1.29829 11.404
  -5.01915 0.0855179 11.404
  4.86183 1.26704 -11.404
  5.33379 -0.0425094 -11.404
  4.86183 1.26704 11.404
  5.33379 -0.0425094 11.404
  -4.72008 -2.47908 -11.404
  -4.8989 -1.09862 -11.404
  -4.72008 -2.47908 11.404
  -4.8989 -1.09862 11.404
  4.43057 2.37245 -11.404
  5.19723 1.2106 -11.404
  4.43057 2.37245 11.404
  5.19723 1.2106 11.404
  -4.00787 -3.52409 -11.404
  -4.50628 -2.22438 -11.404
  -4.00787 -3.52409 11.404
  -4.50628 -2.22438 11.404
  3.73582 3.33544 -11.404
  4.75418 2.38644 -11.404
  3.73582 3.33544 11.404
  4.75418 2.38644 11.404
  -3.06218 -4.36216 -11.404
  -3.85223 -3.21609 -11.404
  -3.06218 -4.36216 11.404
  -3.85223 -3.21609 11.404
  2.84752 4.12469 -11.404
  4.06048 3.44176 -11.404
  2.84752 4.12469 11.404
  4.06048 3.44176 11.404
  -1.94677 -4.96488 -11.404
  -2.98416 -4.03672 -11.404
  -1.94677 -4.96488 11.404
  -2.98416 -4.03672 11.404
  1.80788 4.69301 -11.404
  3.14741 4.31444 -11.404
  1.80788 4.69301 11.404
  3.14741 4.31444 11.404
  -6.81949 8.01773 -15.9385
  -3.82297 9.80685 -15.9385
  -6.81949 8.01773 15.9385
  -3.82297 9.80685 15.9385
  7.09507 -9.53953 -15.9385
  4.01933 -11.1887 -15.9385
  7.09507 -9.53953 15.9385
  4.01933 -11.1887 15.9385
  -10.0068 6.41926 -15.9385
  -7.71163 9.04839 -15.9385
  -10.0068 6.41926 15.9385
  -7.71163 9.04839 15.9385
  8.7038 -5.9189 -15.9385
  6.28998 -8.43953 -15.9385
  8.7038 -5.9189 15.9385
  6.28998 -8.43953 15.9385
  -12.6422 3.98494 -15.9385
  -11.1639 7.14641 -15.9385
  -12.6422 3.98494 15.9385
  -11.1639 7.14641 15.9385
  12.5455 -4.27949 -15.9385
  10.9938 -7.40552 -15.9385
  12.5455 -4.27949 15.9385
  10.9938 -7.40552 15.9385
  -10.5202 -0.33849 -15.9385
  -10.0526 3.12004 -15.9385
  -10.5202 -0.33849 15.9385
  -10.0526 3.12004 15.9385
  11.8822 -0.394129 -15.9385
  11.2558 -3.82745 -15.9385
  11.8822 -0.394129 15.9385
  11.2558 -3.82745 15.9385
  -11.2558 -3.82745 -15.9385
  -11.8822 -0.394132 -15.9385
  -11.2558 -3.82745 15.9385
  -11.8822 -0.394132 15.9385
  10.0526 3.12004 -15.9385
  10.5202 -0.338488 -15.9385
  10.0526 3.12004 15.9385
  10.5202 -0.338488 15.9385
  -10.9938 -7.40553 -15.9385
  -12.5455 -4.27949 -15.9385
  -10.9938 -7.40553 15.9385
  -12.5455 -4.27949 15.9385
  11.1639 7.14641 -15.9385
  12.6422 3.98494 -15.9385
  11.1639 7.14641 15.9385
  12.6422 3.98494 15.9385
  -6.28997 -8.43953 -15.9385
  -8.70379 -5.9189 -15.9385
  -6.28997 -8.43953 15.9385
  -8.70379 -5.9189 15.9385
  7.71163 9.04839 -15.9385
  10.0068 6.41926 -15.9385
  7.71163 9.04839 15.9385
  10.0068 6.41926 15.9385
  -4.01932 -11.1887 -15.9385
  -7.09507 -9.53953 -15.9385
  -4.01932 -11.1887 15.9385
  -7.09507 -9.53953 15.9385
  3.82297 9.80685 -15.9385
  6.81949 8.01773 -15.9385
  3.82297 9.80685 15.9385
  6.81949 8.01773 15.9385
  -8.5909 15.8049 -19.1262
  -5.37739 17.1663 -19.1262
  -8.5909 15.8049 19.1262
  -5.37739 17.1663 19.1262
  8.08945 -13.3084 -19.1262
  4.92285 -14.7756 -19.1262
  8.08945 -13.3084 19.1262
  4.92285 -14.7756 19.1262
  -10.9048 12.7549 -19.1262
  -8.03065 14.7346 -19.1262
  -10.9048 12.7549 19.1262
  -8.03065 14.7346 19.1262
  11.4935 -12.227 -19.1262
  8.71584 -14.34 -19.1262
  11.4935 -12.227 19.1262
  8.71584 -14.34 19.1262
  -12.502 9.28712 -19.1262
  -10.1201 11.8379 -19.1262
  -12.502 9.28712 19.1262
  -10.1201 11.8379 19.1262
  14.6316 -10.4649 -19.1262
  12.3355 -13.0932 -19.1262
  14.6316 -10.4649 19.1262
  12.3355 -13.0932 19.1262
  -16.2482 7.71981 -19.1262
  -14.4517 10.712 -19.1262
  -16.2482 7.71981 19.1262
  -14.4517 10.712 19.1262
  14.3732 -5.99678 -19.1262
  12.677 -9.04683 -19.1262
  14.3732 -5.99678 19.1262
  12.677 -9.04683 19.1262
  -16.3234 3.89215 -19.1262
  -15.1653 7.1844 -19.1262
  -16.3234 3.89215 19.1262
  -15.1653 7.1844 19.1262
  16.4886 -3.11889 -19.1262
  15.4869 -6.46204 -19.1262
  16.4886 -3.11889 19.1262
  15.4869 -6.46204 19.1262
  -15.5734 0.14862 -19.1262
  -15.1492 3.61275 -19.1262
  -15.5734 0.14862 19.1262
  -15.1492 3.61275 19.1262
  17.9882 0.152808 -19.1262
  17.6792 -3.32348 -19.1262
  17.9882 0.152808 19.1262
  17.6792 -3.32348 19.1262
  -17.6792 -3.32348 -19.1262
  -17.9882 0.152808 -19.1262
  -17.6792 -3.32348 19.1262
  -17.9882 0.152808 19.1262
  15.1492 3.61276 -19.1262
  15.5734 0.148621 -19.1262
  15.1492 3.61276 19.1262
  15.5734 0.148621 19.1262
  -15.4869 -6.46204 -19.1262
  -16.4886 -3.11889 -19.1262
  -15.4869 -6.46204 19.1262
  -16.4886 -3.11889 19.1262
  15.1653 7.1844 -19.1262
  16.3234 3.89215 -19.1262
  15.1653 7.1844 19.1262
  16.3234 3.89215 19.1262
  -12.677 -9.04683 -19.1262
  -14.3732 -5.99678 -19.1262
  -12.677 -9.04683 19.1262
  -14.3732 -5.99678 19.1262
  14.4517 10.712 -19.1262
  16.2482 7.71981 -19.1262
  14.4517 10.712 19.1262
  16.2482 7.71981 19.1262
  -12.3355 -13.0932 -19.1262
  -14.6316 -10.4649 -19.1262
  -12.3355 -13.0932 19.1262
  -14.6316 -10.4649 19.1262
  10.1201 11.8379 -19.1262
  12.502 9.28713 -19.1262
  10.1201 11.8379 19.1262
  12.502 9.28713 19.1262
  -8.71583 -14.34 -19.1262
  -11.4935 -12.227 -19.1262
  -8.71583 -14.34 19.1262
  -11.4935 -12.227 19.1262
  8.03065 14.7346 -19.1262
  10.9048 12.7549 -19.1262
  8.03065 14.7346 19.1262
  10.9048 12.7549 19.1262
  -4.92284 -14.7756 -19.1262
  -8.08945 -13.3084 -19.1262
  -4.92284 -14.7756 19.1262
  -8.08945 -13.3084 19.1262
  5.37738 17.1663 -19.1262
  8.5909 15.8049 -19.1262
  5.37738 17.1663 19.1262
  8.5909 15.8049 19.1262
