pad 1 0.116872 -0.158062
pad 2 0.110754 -0.146431
pad 3 0.106903 -0.158198
pad 4 0.108686 -0.143582
pad 5 0.108056 -0.166799
pad 6 0.108509 -0.0907754
pad 7 0.107589 -0.0826267
pad 8 0.103146 -0.0819183
pad 9 0.106834 -0.0792081
pad 10 0.110403 -0.144662
pad 11 0.10573 -0.132832
pad 12 0.277257 -0.0700175
pad 13 0.102768 -0.142732
pad 14 0.101982 -0.161042
pad 15 0.000000 -0.000000
pad 16 0.000000 -0.000000
pad 17 0.105327 -0.0724488
pad 18 0.103819 -0.0688215
pad 19 0.107892 -0.157997
pad 20 0.10931 -0.132622
pad 21 0.108624 -0.146781
pad 22 0.102504 -0.111698
pad 23 0.102331 -0.123434
pad 24 0.106695 -0.0790267
pad 25 0.10739 -0.0609552
pad 26 0.106592 -0.0945799
pad 27 0.106429 -0.0597272
pad 28 0.111942 -0.146636
pad 29 0.106015 -0.147206
pad 30 0.107896 -0.148624
pad 31 0.10508 -0.108867
pad 32 0.100994 -0.147446
pad 33 0.108274 -0.0804413
pad 34 0.109208 -0.0586607
pad 35 0.105055 -0.0740817
pad 36 0.105702 -0.0750299
pad 37 0.112015 -0.144255
pad 38 0.108117 -0.144174
pad 39 0.108762 -0.145186
pad 40 0.105642 -0.104558
pad 41 0.103591 -0.156916
pad 42 0.10863 -0.0995142
pad 43 0.10992 -0.0650104
pad 44 0.10436 -0.0718353
pad 45 0.107408 -0.0758656
pad 46 0.112829 -0.146997
pad 47 0.109586 -0.132705
pad 48 0.108639 -0.141624
pad 49 0.101476 -0.12376
pad 50 0.103621 -0.147866
pad 51 0.105263 -0.0712261
pad 52 0.108193 -0.0660296
pad 53 0.100338 -0.0734349
pad 54 0.100914 -0.0688499
pad 55 0.110536 -0.1415
pad 56 0.106602 -0.132963
pad 57 0.104862 -0.141748
pad 58 0.103704 -0.117738
pad 59 0.10225 -0.15305
pad 60 0.108122 -0.0850711
pad 61 0.108116 -0.0764804
pad 62 0.102314 -0.0895947
pad 63 0.102976 -0.0907665
pad 64 0.109433 -0.140777
pad 65 0.109471 -0.135243
pad 66 0.107346 -0.138004
pad 67 0.10091 -0.109896
pad 68 0.103249 -0.144476
