0 2048.08 0.350634
1 2041.3 0.395802
2 2049.09 0.371583
3 2048.15 0.374758
4 2058.14 0.377107
5 2048.26 0.372271
6 2048.67 0.384532
7 2050.36 0.396226
8 2050.82 0.39568
9 2054.03 0.367676
10 2047.96 0.377088
11 2051.78 0.390485
12 2055.46 0.414551
13 2047.22 0.401547
14 2054.24 0.391362
15 2044.1 0.385936
16 2053.01 6.56944
17 2050.74 6.41822
18 2052.02 8.42246
19 2052.02 8.42246
20 2051.25 6.17111
21 2047.43 8.53225
22 2044.45 16.4852
23 2044.45 16.4852
24 2051.24 5.66657
25 2045.26 5.53644
26 2048.06 5.65251
27 2049.37 7.49096
28 2045.1 7.50533
29 2051.79 5.6977
30 2047.05 7.443
31 2049.92 6.40674
32 2052.08 5.75182
33 2046.06 5.86606
34 2043.2 6.07118
35 2043.1 5.92245
36 2050.71 7.954
37 2049.41 7.68971
38 2045.88 5.86155
39 2051.78 7.88256
40 2046.84 6.73016
41 2050.14 5.7365
42 2049.38 5.99406
43 2049.45 6.06516
44 2043.19 6.00699
45 2036.42 8.17642
46 2053.03 7.91133
47 2050.98 6.29118
48 2052.37 8.09665
49 2050.98 6.7263
50 2054.53 6.07274
51 2046.81 6.22536
52 2051.33 6.71039
53 2046.96 6.5031
54 2052.04 8.31247
55 2046.09 8.14684
56 2056.76 5.8994
57 2051.77 7.56201
58 2052.73 6.22596
59 2050.99 5.52986
60 2051.22 5.68183
61 2053 5.91783
62 2043.79 6.04444
63 2042.66 7.66565
64 2052.61 8.48048
65 2054.12 6.45091
66 2049.64 8.91519
67 2048.04 7.00249
68 2050.12 0.37349
69 2051.02 0.362022
70 2048.06 0.357956
71 2046.53 0.397995
72 2046.88 0.405491
73 2053.27 0.409133
74 2046.13 0.383174
75 2051.45 0.409009
76 2054.46 0.420504
77 2045.4 0.390513
78 2052.75 0.395003
79 2043.43 0.409824
80 2047.26 0.381747
81 2041.18 0.380124
82 2048 0.362108
83 2049.29 0.389045
84 2050.52 0.424157
85 2043.35 0.404472
86 2043.6 0.40412
87 2050.69 0.421089
88 2049.75 0.379892
89 2051.79 0.354203
90 2056.2 0.374498
91 2051.88 0.342612
92 2090.09 0.500431
93 2047.44 0.37286
94 2047.12 0.345085
95 2056.79 0.38907
