 3.00   3.20  4.92E+4   0.90E+4   0.60E+4 
 3.20   3.40  2.44E+4   0.45E+4   0.29E+4 
 3.40   3.60  1.63E+4   0.25E+4   0.19E+4 
 3.60   3.80  8.5E+3    0.14E+3   0.98E+3 
 3.80   4.00  3.67E+3   0.25E+3   0.42E+3 
 4.00   4.20  2.00E+3   0.13E+3   0.23E+3 
 4.20   4.40  1.242E+3  0.078E+3  0.14E+3 
 4.40   4.60  5.87E+2   0.43E+2   0.67E+2 
 4.60   4.80  4.09E+2   0.24E+2   0.47E+2 
 4.80   5.00  2.44E+2   0.17E+2   0.28E+2 
 5.00   5.25  1.325E+2  0.092E+2  0.15E+2 
 5.25   5.50  7.02E+1   0.56E+1   0.82E+1 
 5.50   5.75  3.63E+1   0.44E+1   0.43E+1 
 5.75   6.00  1.72E+1   0.22E+1   0.20E+1 
 6.00   6.50  7.27E+0   0.98E+0   0.87E+0 
 6.50   7.00  2.63E+0   0.43E+0   0.32E+0 
 7.00   8.00  2.3E-1    1.3E-1    0.28E-1 
 8.00   9.00  3.5E-2    4.6E-2    0.5E-2 



 9.00  10.00  -                   
10.00  12.00  -                   

P BE --> ETA X; 
PLAB IN GEV 530; 
YRAP -0.75 TO 0.75; 
x = PT IN GEV;
y = E*D3SIG/DP**3 IN PB/GEV**2
x1  TO x2     y         dy      +- dsys
