1.00 1.20 4.67E+8 0.29E+8 0.49E+8 
1.20 1.40 1.99E+8 14.E+6 21.E+6 
1.40 1.60 6.84E+7 7.3E+6 7.2E+6 
1.60 1.80 2.67E+7 3.8E+6 2.8E+6 
1.80 2.00 1.51E+7 2.1E+6 1.6E+6 
2.00 2.20 6.7E+6 1.3E+6 0.71E+6 
2.20 2.30 2.90E+6 0.14E+6 0.31E+6 
2.30 2.40 1.95E+6 0.13E+6 0.21E+6 
2.40 2.50 1.34E+6 0.13E+6 0.14E+6 
2.50 2.60 9.46E+5 0.83E+5 1.0E+5 
2.60 2.70 6.39E+5 0.13E+5 0.68E+5 
2.70 2.80 4.167E+5 0.083E+5 0.44E+5 
2.80 2.90 2.868E+5 0.055E+5 0.31E+5 
2.90 3.00 1.955E+5 0.042E+5 0.21E+5 
3.00 3.10 1.356E+5 0.031E+5 0.14E+5 
3.10 3.20 9.74E+4 0.27E+4 1.0E+4 
3.20 3.30 7.29E+4 0.23E+4 0.78E+4 
3.30 3.40 4.79E+4 0.14E+4 0.51E+4 
3.40 3.50 3.58E+4 0.15E+4 0.38E+4 
3.50 3.60 2.589E+4 0.098E+4 0.27E+4 
3.60 3.70 1.798E+4 0.081E+4 0.19E+4 
3.70 3.80 1.331E+4 0.050E+4 0.14E+4 
3.80 3.90 1.017E+4 0.029E+4 0.11E+4 
3.90 4.00 7.349E+3 0.055E+3 0.78E+3 
4.00 4.10 5.405E+3 0.041E+3 0.58E+3 
4.10 4.20 4.045E+3 0.032E+3 0.43E+3 
4.20 4.30 3.060E+3 0.026E+3 0.33E+3 
4.30 4.40 2.234E+3 0.021E+3 0.24E+3 
4.40 4.50 1.684E+3 0.017E+3 0.18E+3 
4.50 4.60 1.279E+3 0.014E+3 0.14E+3 
4.60 4.70 9.69E+2 0.012E+3 0.10E+3 
4.70 4.80 7.34E+2 0.10E+2 0.79E+2 
4.80 4.90 5.565E+2 0.083E+2 0.60E+2 
4.90 5.00 4.278E+2 0.071E+2 0.47E+2 
5.00 5.10 3.350E+2 0.063E+2 0.37E+2 
5.10 5.20 2.540E+2 0.052E+2 0.28E+2 
5.20 5.30 1.973E+2 0.048E+2 0.22E+2 
5.30 5.40 1.505E+2 0.039E+2 0.17E+2 
5.40 5.50 1.170E+2 0.034E+2 0.13E+2 
5.50 5.60 8.86E+1 0.29E+1 0.98E+1 
5.60 5.70 6.24E+1 0.25E+1 0.69E+1 
5.70 5.80 5.58E+1 0.23E+1 0.62E+1 
5.80 5.90 4.35E+1 0.20E+1 0.49E+1 
5.90 6.00 3.51E+1 0.18E+1 0.39E+1 
6.00 6.25 2.242E+1 0.085E+1 0.25E+1 
6.25 6.50 1.198E+1 0.061E+1 0.14E+1 
6.50 6.75 5.84E+0 0.41E+0 0.67E+0 
6.75 7.00 4.32E+0 0.35E+0 0.50E+0 
7.00 7.50 1.65E+0 0.15E+0 0.20E+0 
7.50 8.00 3.36E-1 0.66E-1 0.41E-1 
8.00 9.00 9.9E-2 2.4E-2 1.3E-2 
9.00 10.00 7.7E-3 5.5E-3 1.0E-3 


10.00 12.00 -
APANASEVICH 02 PR D68,052001 
Invariant differetrial cross sections/nucleon for the inclusive reaction 
P BE --> PI0 X PLAB IN GEV 530 
YRAP -0.75 TO 0.75 
x = PT IN GEV y = E*D3SIG/DP**3 IN PB/GEV**2 
x1 TO x2 y dy +- dsys 
