1.00 1.20 5.48E+8 0.49E+8 0.61E+8 
1.20 1.40 2.67E+8 0.23E+8 0.30E+8 
1.40 1.60 1.07E+8 0.11E+8 0.12E+8 
1.60 1.80 4.93E+7 0.57E+7 0.55E+7 
1.80 2.00 2.15E+7 0.32E+7 0.24E+7 
2.00 2.20 7.3E+6 1.7E+6 0.82E+6 
2.20 2.30 3.92E+6 0.24E+6 0.44E+6 
2.30 2.40 2.67E+6 0.22E+6 0.30E+6 
2.40 2.50 1.77E+6 0.13E+6 0.20E+6 
2.50 2.60 1.208E+6 0.094E+6 0.13E+6 
2.60 2.70 8.18E+5 0.46E+5 0.91E+5 
2.70 2.80 6.49E+5 0.33E+5 0.72E+5 
2.80 2.90 4.48E+5 0.10E+5 0.50E+5 
2.90 3.00 3.170E+5 0.073E+5 0.35E+5 
3.00 3.10 2.218E+5 0.053E+5 0.25E+5 
3.10 3.20 1.617E+5 0.45E+5 0.18E+5 
3.20 3.30 1.162E+5 0.33E+5 0.13E+5 
3.30 3.40 9.16E+4 0.32E+4 1.0E+4 
3.40 3.50 6.21E+4 0.22E+4 0.68E+4 
3.50 3.60 4.39E+4 0.18E+4 0.48E+4 
3.60 3.70 3.36E+4 0.16E+4 0.37E+4 
3.70 3.80 2.64E+4 0.12E+4 0.29E+4 
3.80 3.90 2.06E+4 0.10E+4 0.23E+4 
3.90 4.00 1.456E+4 0.076E+4 0.16E+4 
4.00 4.10 1.086E+4 0.044E+4 0.12E+4 
4.10 4.20 8.59E+3 0.12E+3 0.95E+3 
4.20 4.30 6.443E+3 0.096E+3 0.71E+3 
4.30 4.40 4.706E+3 0.073E+3 0.52E+3 
4.40 4.50 3.657E+3 0.067E+3 0.41E+3 
4.50 4.60 2.831E+3 0.054E+3 0.32E+3 
4.60 4.70 2.159E+3 0.046E+3 0.24E+3 
4.70 4.80 1.727E+3 0.037E+3 0.190E+3 
4.80 4.90 1.343E+3 0.024E+3 0.150E+3 
4.90 5.00 1.049E+3 0.022E+3 0.120E+3 
5.00 5.10 8.11E+2 0.18E+2 0.91E+2 
5.10 5.20 6.58E+2 0.17E+2 0.74E+2 
5.20 5.30 4.86E+2 0.16E+2 0.55E+2 
5.30 5.40 4.11E+2 0.13E+2 0.46E+2 
5.40 5.50 3.12E+2 0.10E+2 0.35E+2 
5.50 5.60 2.437E+2 0.078E+2 0.28E+2 
5.60 5.70 2.071E+2 0.068E+2 0.24E+2 
5.70 5.80 1.595E+2 0.061E+2 0.18E+2 
5.80 5.90 1.286E+2 0.056E+2 0.15E+2 
5.90 6.00 1.034E+2 0.053E+2 0.12E+2 
6.00 6.25 7.43E+1 0.20E+1 0.85E+1 
6.25 6.50 4.39E+1 0.16E+1 0.51E+1 
6.50 6.75 2.35E+1 0.11E+1 0.27E+1 
6.75 7.00 1.558E+1 0.083E+1 0.18E+1 
7.00 7.50 7.31E+0 0.40E+0 0.87E+0 
7.50 8.00 2.56E+0 0.25E+0 0.31E+0 
8.00 9.00 7.2E-1 1.1E-1 0.9E-1 
9.00 10.00 6.8E-2 2.4E-2 0.9E-2 
10.00 12.00 2.0E-2 1.9E-2 0.3E-2


APANASEVICH 02 PR D68,052001 
Invariant differetrial cross sections/nucleon for the inclusive reaction 
P BE --> PI0 X PLAB IN GEV 800 
YRAP -1.0 TO 0.5 x = PT IN GEV 
y = E*D3SIG/DP**3 IN PB/GEV**2 
x1 TO x2 y +- dy +- dsys 
