0.01 817. 11. 
0.03 627. 10. 
0.05 458. 8. 
0.07 383. 8. 
0.09 319. 7. 
0.11 251. 6. 
0.13 208. 6. 
0.15 179. 5. 
0.17 148. 5. 
0.19 139. 5. 
0.225 107. 2. 
0.275 79. 2. 
0.325 60.3 1.8 
0.375 39.4 1.6 
0.425 33.0 1.5 
0.475 26.4 1.3 
0.525 22.1 1.1 
0.575 17.9 1.0 
0.625 12.5 0.8 
0.675 12.0 0.8 
0.725 10.5 0.7 
0.775 8.2 0.7 
0.825 7.1 0.6 
0.875 8.7 0.7 
0.925 6.0 0.6 
0.975 3.9 0.4 
1.05 3.3 0.3 
1.15 2.71 0.26 
1.25 2.22 0.24 
1.35 1.77 0.21 
1.45 1.93 0.24 
1.55 0.51 0.11 
1.65 0.63 0.12 
1.75 0.80 0.14 
1.85 0.79 0.15 
1.95 0.51 0.11 
2.1 0.28 0.06 
2.3 0.38 0.08 
2.5 0.21 0.05 
2.7 0.30 0.09 
2.9 0.13 0.04 
3.2 0.098 0.028 
3.6 0.015 0.010 
4.0 0.015 0.011 
4.8 0.066 0.028



ADAMUS 88 ZP C39,311 P P --> PI- X 
x = PT(P=3,RF=CM)**2 IN GEV**2 
y = D(SIG)/D(PT**2) IN MB/GEV**2 
x1 TO x2 y +- dy 

0.00 0.02 817. 11. 
0.02 0.04 627. 10. 
0.04 0.06 458. 8. 
0.06 0.08 383. 8. 
0.08 0.10 319. 7. 
0.10 0.12 251. 6. 
0.12 0.14 208. 6. 
0.14 0.16 179. 5. 
0.16 0.18 148. 5. 
0.18 0.20 139. 5. 
0.20 0.25 107. 2. 
0.25 0.30 79. 2. 
0.30 0.35 60.3 1.8 
0.35 0.40 39.4 1.6 
0.40 0.45 33.0 1.5 
0.45 0.50 26.4 1.3 
0.50 0.55 22.1 1.1 
0.55 0.60 17.9 1.0 
0.60 0.65 12.5 0.8 
0.65 0.70 12.0 0.8 
0.70 0.75 10.5 0.7 
0.75 0.80 8.2 0.7 
0.80 0.85 7.1 0.6 
0.85 0.90 8.7 0.7 
0.90 0.95 6.0 0.6 
0.95 0.1 3.9 0.4 
1.0 1.1 3.3 0.3 
1.1 1.2 2.71 0.26 
1.2 1.3 2.22 0.24 
1.3 1.4 1.77 0.21 
1.4 1.5 1.93 0.24 
1.5 1.6 0.51 0.11 
1.6 1.7 0.63 0.12 
1.7 1.8 0.80 0.14 
1.8 1.9 0.79 0.15 
1.9 2.0 0.51 0.11 
2.0 2.2 0.28 0.06 
2.2 2.4 0.38 0.08 
2.4 2.6 0.21 0.05 
2.6 2.8 0.30 0.09 
2.8 3.0 0.13 0.04 
3.0 3.4 0.098 0.028 
3.4 3.8 0.015 0.010 
3.8 4.2 0.015 0.011 
4.6 5.0 0.066 0.028
