5.0000001E-02 5.0000001E-02 256.1000 2.024000 
0.1500000 5.0000001E-02 101.1000 1.212000 
0.2500000 5.0000001E-02 50.45000 0.7561000 
0.3500000 5.0000001E-02 29.24000 0.3970000 
0.4500000 5.0000001E-02 16.86000 0.3060000 
0.5500000 5.0000001E-02 11.50000 0.2569000 
0.6500000 5.0000001E-02 7.998000 0.2071000 
0.7500000 5.0000001E-02 5.435000 0.1397000 
0.8500000 5.0000001E-02 3.628000 0.1093000 
0.9500000 5.0000001E-02 3.006000 9.8789997E-02 
1.050000 5.0000001E-02 2.253000 8.9879997E-02 
1.150000 5.0000001E-02 1.560000 6.6590004E-02 
1.250000 5.0000001E-02 1.318000 6.9320001E-02 
1.350000 5.0000001E-02 0.8612000 4.9150001E-02 
1.450000 5.0000001E-02 0.8087000 4.7440000E-02 
1.550000 5.0000001E-02 0.6465000 4.3079998E-02 
1.650000 5.0000001E-02 0.4405000 3.7069999E-02 
1.750000 5.0000001E-02 0.4277000 3.3140000E-02 
1.850000 5.0000001E-02 0.3217000 2.7550001E-02 
1.950000 5.0000001E-02 0.2292000 2.0490000E-02 
2.050000 5.0000001E-02 0.2085000 2.2990000E-02 
2.150000 5.0000001E-02 0.2017000 2.5420001E-02 
2.250000 5.0000001E-02 0.1720000 2.4940001E-02 
2.350000 5.0000001E-02 7.9159997E-02 1.5500000E-02 
2.450000 5.0000001E-02 8.8040002E-02 1.4860000E-02


AGUILARBENIT 91 ZP C50, 405 
P P --> PI0 X 
P IN GEV 400 
x = PT**2 IN GEV**2 
y = D(SIG)/D(PT**2) IN MB/GEV**2 
x1 +- x2 y +- dy 
