1.27  6.22E-29 .87E-29  0.
1.47  2.32E-29 .32E-29  0.
1.67  9.14E-30 1.3E-30  0.
1.87  4.35E-30 .60E-30 0.
2.13  9.55E-31  1.35E-31  0.
2.53  2.12E-31  0.30E-31  0.
2.93  5.07E-32  0.70E-32  0.
3.33  1.34E-32  0.26E-32  0.
3.75  5.25E-33  1.5E-33  0.
4.20  7.93E-34  2.86E-34  0.



1.2  1.4  6.22E-29 .87E-29 
1.4  1.6  2.32E-29 .32E-29 
1.6  1.8  9.14E-30 1.3E-30 
1.8  2.0  4.35E-30 .60E-30
2.0  2.4  9.55E-31  1.35E-31 
2.4  2.8  2.12E-32  0.30E-31 
2.8  3.2  5.07E-32  0.70E-32 
3.2  3.6  1.34E-32  0.26E-32 
3.6  4.0  5.25E-33  1.5E-33 
4.0  4.5  7.93E-34  2.86E-34 


DONALDSON 78 PL 73B,375 
P IN GEV 300. 
P P --> PI0 X 
PT(P=3,RF=CM) IN GEV 
y = E(P=3,RF=CM)*D3(SIG)/D3(P(P=3,RF=CM)) IN CM**2/GEV**2 
