1.00 1.40 5.31E+8 0.72E+8 0.59E+8 
1.40 1.80 1.13E+8 0.17E+8 0.13E+8 
1.80 2.20 1.73E+7 0.52E+7 0.19E+7 
2.20 2.40 3.25E+6 0.43E+6 0.36E+6 
2.40 2.60 1.33E+6 0.22E+6 0.15E+6 
2.60 2.80 6.93E+5 0.57E+5 0.77E+5 
2.80 3.00 3.15E+5 0.13E+5 0.35E+5 
3.00 3.20 1.717E+5 0.077E+5 0.19E+5 
3.20 3.40 9.17E+4 0.47E+4 1.0E+4 
3.40 3.60 4.74E+4 0.35E+4 0.52E+4 
3.60 3.80 2.57E+4 0.23E+4 0.28E+4 
3.80 4.00 1.47E+4 0.13E+4 0.16E+4 
4.00 4.20 9.18E+3 0.65E+3 1.0E+3 
4.20 4.40 5.03E+3 0.15E+3 0.56E+3 
4.40 4.60 2.906E+3 0.099E+3 0.32E+3 
4.60 4.80 1.688E+3 0.064E+3 0.190E+3 
4.80 5.00 1.057E+3 0.036E+3 0.120E+3 
5.00 5.20 6.00E+2 0.27E+2 0.67E+2 
5.20 5.40 4.00E+2 0.21E+2 0.45E+2  
5.40 5.60 2.56E+2 0.17E+2 0.29E+2
5.60 5.80 1.63E+2 0.11E+2 0.19E+2 
5.80 6.00 9.84E+1 0.79E+1 1.1E+1 
6.00 6.25 7.58E+1 0.53E+1 0.87E+1 
6.25 6.50 3.42E+1 0.31E+1 0.40E+1 
6.50 6.75 2.76E+1 0.26E+1 0.32E+1 
6.75 7.00 1.23E+1 0.19E+1 0.15E+1  
7.00 7.50 8.2E+0 1.2E+0 0.98E+0
7.50 8.00 3.35E+0 0.65E+0 0.41E+0  
8.00 9.00 6.7E-1 1.9E-1 0.8E-1 
9.00 10.00 8.3E-2 9.8E-2 1.1E-2 
10.00 12.00 1.6E-2 1.6E-2 0.2E-2


x1 TO x2     y     +- dy     +- dsys

APANASEVICH 02 PR D68,052001 
Invariant differetrial cross sections/nucleon for the inclusive reaction 
p p -- > pi0 X at 530 and 800 GEV, 
averaged over the c.m. rapidity interval -0.75 to 0 .75 and -1.0 to 0.5 resp.
P P --> PI0 X
PLAB IN GEV 800
YRAP -1.0 TO 0.5 
x = PT IN GEV 
y = E*D3SIG/DP**3 IN PB/GEV**2 

averages without multiplying by pt:

3.00 3.60 1.036e+5 0.10e+5 0.197e+5

6.00 7.00  3.75e+1 8.025 9.49 

7.00 8.00 5.78e+0 1.405 0.99 

8.00 10.00 3.75e-1 4.55e-1 0.66e-1
 