1.00 1.40 2.84E+8 0.44E+8 30 
1.40 1.80 6.3E+7 1.0E+7 6.7 
1.80 2.20 1.35E+7 0.36E+7 1.4 
2.20 2.40 3.36E+6 0.81E+6 0.36 
2.40 2.60 1.15E+6 0.14E+6 0.12 
2.60 2.80 4.75E+5 0.17E+5 0.51E+5 
2.80 3.00 2.052E+5 0.74E+5 0.22E+5 
3.00 3.20 9.89E+4 0.46E+4 1.1E+4 
3.20 3.40 5.25E+4 0.33E+4 0.56E+4 
3.40 3.60 2.56E+4 0.17E+4 0.27E+4 
3.60 3.80 1.263E+4 0.099E+4 0.13E+4 
3.80 4.00 7.22E+3 0.24E+3 0.77E+3 
4.00 4.20 4.170E+3 0.060E+3 0.45E+3 
4.20 4.40 2.263E+3 0.037E+3 0.24E+3 
4.40 4.60 1.279E+3 0.027E+3 0.14E+3 
4.60 4.80 7.57E+2 0.18E+2 0.82E+2 
4.80 5.00 4.50E+2 0.13E+2 0.49E+2 
5.00 5.20 2.796E+2 0.095E+2 0.31E+2 
5.20 5.40 1.643E+2 0.076E+2 0.18E+2 
5.40 5.60 1.014E+2 0.054E+2 0.11E+2 
5.60 5.80 5.99E+1 0.40E+1 0.67E+1 
5.80 6.00 3.83E+1 0.33E+1 0.43E+1 
6.00 6.25 2.25E+1 0.21E+1 0.25E+1 
6.25 6.50 1.11E+1 0.15E+1 0.13E+1 
6.50 6.75 5.53E+0 0.94E+0 0.64E+0 
6.75 7.00 4.15E+0 0.80E+0 0.48E+0 
7.00 7.50 1.35E+0 0.31E+0 0.16E+0 
7.50 8.00 7.0E-01 2.3E-01 0.9E-01 
8.00 9.00 1.85E-01 0.93E-01 0.23E-01 


9.00 10.00 - 
10.00 12.00 -

APANASEVICH 02 PR D68,052001 
Invariant differetrial cross sections/nucleon for the inclusive reaction 
P P --> PI0 X PLAB IN GEV 530 
YRAP -0.75 TO 0.75 
x = PT IN GEV y = E*D3SIG/DP**3 IN PB/GEV**2 x1 TO x2 y dy +- dsys

