0.10   65.0148   0.875352 
0.17   49.8951   0.795775 
0.22   36.4465   0.63662 
0.26   30.4782   0.63662 
0.30   25.3852   0.557042 
0.33   19.9739   0.477465 
0.36   16.5521   0.477465 
0.39   14.2444   0.397887 
0.41   11.7775   0.397887 
0.44   11.0613   0.397887 
0.47   8.51479   0.159155 
0.52   6.28662   0.159155 
0.57   4.79852   0.143239 
0.61   3.13535   0.127324 
0.65   2.62606   0.119366 
0.69   2.10085   0.103451 
0.72   1.75866   0.0875352 
0.76   1.42444   0.0795775 
0.79   0.994718   0.063662 
0.82   0.95493   0.063662 
0.85   0.835563   0.0557042 
0.88   0.652535   0.0557042 
0.91   0.565   0.0477465 
0.94   0.692324   0.0557042 
0.96   0.477465   0.0477465 
0.99   0.310352   0.031831 
1.02   0.262606   0.0238732 
1.07   0.215655   0.0206901 
1.12   0.176662   0.0190986 
1.16   0.140852   0.0167113 
1.20   0.153585   0.0190986 
1.24   0.0405845   0.00875352 
1.28   0.0501338   0.0095493 
1.32   0.063662   0.0111408 
1.36   0.0628662   0.0119366 
1.40   0.0405845   0.00875352 
1.45   0.0222817   0.00477465 
1.52   0.0302394   0.0063662 
1.58   0.0167113   0.00397887 
1.64   0.0238732   0.00716197 
1.70   0.0103451   0.0031831 
1.79   0.00779859   0.00222817 
1.90   0.00119366   0.000795775 
2.00   0.00119366   0.000875352 
2.19   0.00525211   0.00222817 
0.63   1.75   0.525 
0.84   0.586   0.177171 
1.06   0.195   0.0589662 
1.26   0.0814   0.0245688 
1.47   0.0314   0.00948401 
1.68   0.010578   0.00320084 
1.90   0.0041328   0.00125174 
2.09   0.0019352   0.000585441 
2.30   0.0008446   0.000256172 
2.51   0.00035424   0.000108079 
2.72   0.00020254   6.21623e-05 
2.91   7.8966e-05   2.4862e-05 
3.14   2.5994e-05   8.77247e-06 
3.35   8.938e-06   3.53009e-06 
3.91   2.2632e-06   9.05157e-07 
0.63   1.68   0.504 
0.84   0.589   0.178064 
1.07   0.185   0.0559397 
1.26   0.0751   0.0226683 
1.47   0.0301   0.00909675 
1.67   0.010004   0.0030269 
1.90   0.0040344   0.00122251 
2.09   0.0017712   0.000535701 
2.30   0.00075194   0.000228074 
2.51   0.00034604   0.000105511 
2.72   0.00015826   4.88462e-05 
2.93   6.6912e-05   2.11439e-05 
3.14   2.6404e-05   8.8452e-06 
3.35   1.6154e-05   5.6745e-06 
3.84   2.2222e-06   9.46867e-07 
4.36   3.534e-07   5.97599e-08 
4.61   1.53e-07   2.47631e-08 
4.86   7.2e-08   1.27138e-08 
5.19   2.75e-08   5.50273e-09 
5.69   5.43e-09   1.35429e-09 
6.19   1.06e-09   4.25441e-10 
6.69   1.4e-10   8.94427e-11 
0.68   1.83   0.549 
0.93   0.55   0.167194 
1.21   0.155   0.046836 
1.46   0.0516   0.0156087 
1.72   0.014432   0.00438534 
2.00   0.0046904   0.00142443 
2.24   0.0020008   0.000605815 
2.49   0.00078802   0.000239268 
2.75   0.00029028   8.87702e-05 
3.01   0.00011152   3.46506e-05 
3.27   4.2476e-05   1.36303e-05 
3.87   5.5432e-06   1.93228e-06 
4.52   1.0086e-06   6.78057e-07 
0.63   1.68   0.504 
0.84   0.568   0.171945 
1.06   0.184   0.0556806 
1.26   0.0791   0.0238831 
1.47   0.0314   0.00949613 
1.67   0.010168   0.0030812 
1.90   0.0040344   0.00122493 
2.09   0.0018614   0.000563941 
2.29   0.0008856   0.00026908 
2.51   0.00039196   0.000119968 
2.72   0.00015252   4.75999e-05 
2.91   8.364e-05   2.6664e-05 
3.12   3.6162e-05   1.22354e-05 
3.33   1.6154e-05   6.0418e-06 
3.87   3.239e-06   1.38292e-06 
1.25   0.123   0.0194011 
1.75   0.011   0.00222991 
2.25   0.00107   0.000179333 
2.75   0.00015   3.75e-05 
3.25   1.61e-05   2.43356e-06 
3.75   3.05e-06   4.75611e-07 
4.25   4.7e-07   7.1514e-08 
5.00   5.35e-08   8.43568e-09 
6.00   4.41e-09   1.09292e-09 
1.27   0.0622   0.00974855 
1.47   0.0232   0.003596 
1.67   0.00914   0.00145179 
1.87   0.00435   0.00067425 
2.13   0.000955   0.000150947 
2.53   0.000212   3.35368e-05 
2.93   5.07e-05   7.86463e-06 
3.33   1.34e-05   2.76727e-06 
3.75   5.25e-06   1.54525e-06 
4.20   7.93e-07   2.91445e-07 
1.05   0.197   0.009 
1.15   0.117   0.006 
1.25   0.0711   0.0028 
1.35   0.0435   0.0016 
1.45   0.0263   0.0011 
1.55   0.0164   0.0007 
1.65   0.01   0.0004 
1.75   0.00605   0.00025 
1.85   0.00414   0.00017 
1.95   0.00262   0.0001 
2.05   0.00173   7e-05 
2.15   0.00113   5e-05 
2.25   0.000742   3.1e-05 
2.35   0.000502   2.2e-05 
2.45   0.000358   1.7e-05 
2.55   0.000248   1.3e-05 
2.65   0.000165   1e-05 
2.75   0.000112   1e-05 
2.85   0.000116   1.5e-05 
2.95   8.01e-05   1.42e-05 
3.05   7.29e-05   1.93e-05 
2.46   0.00058   6e-05 
2.56   0.00041   5e-05 
2.66   0.00021   4e-05 
2.75   0.0001   2e-05 
2.85   0.0001   2e-05 
2.96   8.2e-05   1.5e-05 
3.05   4.3e-05   1e-05 
3.14   4.1e-05   1e-05 
3.24   1.9e-05   6e-06 
3.34   2.2e-05   7e-06 
3.44   7.5e-06   3.7e-06 
3.53   6.8e-06   3.4e-06 
3.63   4.8e-06   2.8e-06 
3.73   3.1e-06   2.2e-06 
3.82   4.4e-06   2.5e-06 
3.92   1.4e-06   1.4e-06 
4.04   5.3e-06   2.6e-06 
0.70   0.823   0.291647 
0.89   0.222   0.0788894 
1.08   0.103   0.036829 
1.28   0.0389   0.0140006 
1.48   0.0158   0.00573542 
1.69   0.00728   0.00267241 
1.90   0.00324   0.00120348 
2.13   0.0013   0.000482555 
2.37   0.000507   0.000187677 
2.61   0.000189   6.97218e-05 
2.85   6.82e-05   2.52847e-05 
3.08   3.62e-05   1.35934e-05 
3.32   1.17e-05   4.60344e-06 
3.54   8.96e-06   3.60466e-06 
3.74   3.79e-06   1.68402e-06 
3.90   1.94e-06   1.00095e-06 
4.09   1.48e-06   8.17425e-07 
4.34   3.08e-07   3.20092e-07 
4.48   4.11e-07   3.19016e-07 
0.30   23.5   3.7141 
0.40   11.1   1.76116 
0.50   6.01   0.959658 
0.60   3.27   0.517191 
0.70   1.7   0.271122 
0.80   0.898   0.151988 
0.90   0.487   0.0844634 
1.00   0.272   0.0483802 
1.20   0.139   0.0227533 
1.40   0.0439   0.00709078 
1.50   0.026   0.00477782 
1.60   0.0155   0.002635 
1.70   0.011   0.00176869 
1.90   0.0042   0.000670329 
2.40   0.00052   8.95545e-05 
3.00   5.11e-05   1.24494e-05 
0.20   45.2   7.17245 
0.30   22.9   3.62239 
0.40   12.2   1.93411 
0.50   6.61   1.03824 
0.60   3.61   0.569076 
0.70   2.06   0.3254 
0.80   1.07   0.179962 
0.90   0.706   0.120503 
1.00   0.326   0.0544281 
1.20   0.137   0.0216966 
1.40   0.0483   0.00773525 
1.50   0.0262   0.00483708 
1.60   0.0187   0.00313945 
1.70   0.0134   0.00213812 
1.90   0.0049   0.00112674 
2.40   0.000539   9.25783e-05 
3.00   4.41e-05   1.17988e-05 

