pT    epT    R_AA     eR_AA    eR_AA(%)    eNcoll    eNcoll(%)
  1.25   0.00      0.452    0.055    12.19    0.031    6.88  
  1.75   0.00      0.494    0.056    11.40    0.034    6.88  
  2.25   0.00      0.465    0.056    12.07    0.032    6.88  
  2.75   0.00      0.402    0.052    13.05    0.028    6.88  
  3.25   0.00      0.340    0.048    14.11    0.023    6.88  
  3.75   0.00      0.308    0.039    12.72    0.021    6.88  
  4.25   0.00      0.272    0.037    13.60    0.019    6.88  
  4.75   0.00      0.252    0.035    13.78    0.017    6.88  
  5.25   0.00      0.269    0.038    14.00    0.018    6.88  
  5.75   0.00      0.236    0.036    15.06    0.016    6.88  
  6.25   0.00      0.252    0.038    14.95    0.017    6.88  
  6.75   0.00      0.204    0.034    16.77    0.014    6.88  
  7.25   0.00      0.218    0.040    18.35    0.015    6.88  
  7.75   0.00      0.227    0.043    19.16    0.016    6.88  
  8.50   0.00      0.195    0.037    18.88    0.013    6.88  
  9.50   0.00      0.269    0.060    22.24    0.019    6.88  
  11.0   0.00      0.232    0.060    25.78    0.016    6.88  
  13.0   0.00      0.192    0.056    29.02    0.013    6.88  



R_AA Au+Au 0-10% centrality (Run-2 final).
Errors are point-to-point (4th column) and abs. normalization (6th column)
Note: There is an additional 9.7% pT-dependent uncertainty not quoted
