1.180000     0.05    0.325765  0.067908  0.072270 
1.690000     0.05    0.401733  0.082795  0.089123 
2.200000     0.05    0.370157  0.075094  0.082118 
2.700000     0.05    0.321474  0.067129  0.071318 
3.210000     0.05    0.252569  0.052932  0.056032 
3.710000     0.05    0.256364  0.056827  0.056874 
4.220000     0.05    0.233063  0.052452  0.051704 
4.720000     0.05    0.218129  0.052259  0.048391 
5.220000     0.05    0.238384  0.068224  0.052885 
5.720000     0.05    0.183503  0.055136  0.040710 
6.220000     0.05    0.131201  0.043552  0.029107 
6.730000     0.05    0.132240  0.046112  0.029337 
7.230000     0.05    0.147400  0.054438  0.032700 
7.730000     0.05    0.165334  0.064498  0.036679 
