0.250   0.2350672   0.0003242   0.0299119   0.0331711 
0.350   0.2426863   0.0003466   0.0307348   0.0337808 
0.450   0.2557984   0.0004031   0.0323199   0.0351730 
0.550   0.2743281   0.0004887   0.0346643   0.0373183 
0.650   0.2963742   0.0006034   0.0375437   0.0399489 
0.750   0.3230502   0.0005749   0.0411232   0.0432155 
0.850   0.3500583   0.0007068   0.0448849   0.0465504 
0.950   0.3796128   0.0008698   0.0491417   0.0502643 
1.050   0.4107765   0.0010743   0.0538085   0.0542493 
1.150   0.4395243   0.0013099   0.0583887   0.0579940 
1.250   0.4712075   0.0015936   0.0636210   0.0622261 
1.350   0.4954953   0.0019135   0.0681371   0.0656009 
1.450   0.5208549   0.0022895   0.0730977   0.0692544 
1.550   0.5431128   0.0027187   0.0779427   0.0726485 
1.650   0.5523103   0.0031779   0.0812068   0.0744501 
1.750   0.5660349   0.0037149   0.0854218   0.0770194 
1.850   0.5705648   0.0042929   0.0885334   0.0784970 
1.950   0.5668999   0.0049127   0.0905964   0.0789855 
2.100   0.5666016   0.0042549   0.0949232   0.0806927 
2.300   0.5640483   0.0054901   0.1011470   0.0831441 
2.500   0.5429972   0.0068922   0.1047767   0.0833094 
2.700   0.4907131   0.0082936   0.1023639   0.0787623 
2.900   0.4863015   0.0103613   0.1101133   0.0820322 
3.125   0.4383551   0.0112364   0.1093021   0.0785770 
3.375   0.4046976   0.0139291   0.1127992   0.0780129 
3.625   0.3771655   0.0171573   0.1179320   0.0785418 
3.875   0.3088333   0.0195507   0.1086241   0.0697293 
4.250   0.3157427   0.0195352   0.1329484   0.0809012 



Phobos Au+Au@200 GeV 
Charged hadron spectra 
Centrality 0-6%
                                    
pt      R_AuAu     statitical   systematic errors
                     error      (positive)  (negative)
