0.550   0.2508   0.06   18.02  12.42   10.4  9.80
0.650   0.2755   0.06   18.04  12.37   10.4  9.80
0.750   0.3001   0.07   17.97  12.33   10.4  9.80
0.850   0.3263   0.08   17.82  12.28   10.4  9.80
0.950   0.3525   0.09   17.61  12.23   10.4  9.80
1.050   0.3824   0.10   17.34  12.17   10.4  9.80
1.150   0.4133   0.11   17.00  12.12   10.4  9.80
1.250   0.4466   0.13   16.60  12.07   10.4  9.80
1.350   0.4765   0.14   16.15  12.01   10.4  9.80
1.450   0.5060   0.16   15.64  11.96   10.4  9.80
1.550   0.5287   0.18   15.07  11.90   10.4  9.80
1.650   0.5484   0.21   14.49  11.85   10.4  9.80
1.750   0.5693   0.24   13.96  11.79   10.4  9.80
1.850   0.5841   0.27   13.51  11.74   10.4  9.80
1.950   0.5858   0.31   13.12  11.69   10.4  9.80
2.100   0.5853   0.26   12.65  11.61   10.4  9.80
2.300   0.5740   0.34   12.22  11.51   10.4  9.80
2.500   0.5538   0.43   11.98  11.41   10.4  9.80
2.700   0.5236   0.55   11.89  11.32   10.4  9.80
2.900   0.4909   0.71   12.17  11.24   10.4  9.80
3.125   0.4465   0.84   12.58  11.40   10.4  9.80
3.375   0.4077   1.12   12.69  11.33   10.4  9.80
3.625   0.3715   1.49   12.81  11.29   10.4  9.80
3.875   0.3402   1.96   12.94  11.27   10.4  9.80
4.200   0.3119   2.12   13.13  11.28   10.4  9.80
4.600   0.2623   3.33   13.40  11.38   10.4  9.80
5.000   0.2417   4.83   13.71  11.56   10.4  9.80
5.400   0.2452   6.78   14.07  11.85   10.4  9.80
5.800   0.1978   11.10   15.02  12.68   10.4  9.80
6.500   0.2316   12.16   17.22  14.62   10.4  9.80
7.500   0.2214   28.42   19.76  17.16   10.4  9.80


0-10%

E) Raa
from left to right, the columes are:
  1). pT
  2). Raa
  3). statistical error from AuAu
  4). Upper bound of the systematic error in percentage
  5). Lower bound of the systematic error in percentage
    (note: the error includes the N+N reference error and AuAu systmatic errors 
     and occupancy error added in quadrature) 
  6). Error from pp parametrization that is not pT dependendent. 
     This error is not included in the calculation of 4) and 5).
  7). Error on number of binary collisions.
