  1.18    0.05    1.953    0.388    0.210
  1.69    0.05    2.408    0.473    0.258
  2.20    0.05    2.220    0.432    0.000
  2.70    0.05    1.927    0.384    0.238
  3.21    0.05    1.514    0.303    0.207
  3.71    0.05    1.537    0.327    0.162
  4.22    0.05    1.397    0.302    0.165
  4.72    0.05    1.308    0.302    0.150
  5.22    0.05    1.429    0.399    0.140
  5.72    0.05    1.100    0.323    0.000
  6.22    0.05    0.786    0.256    0.153
  6.73    0.05    0.793    0.272    0.118
  7.23    0.05    1.095    0.399    0.084
