0.75   0.629646  0.0321119  0.15  0.12
1.25   0.790778  0.0466559  0.15  0.12
1.75   0.718265  0.0639256  0.15  0.12
2.25   0.955506  0.122305   0.15  0.12
2.75   0.708701  0.136071   0.15  0.12


0-20% d+Au

Rcp North2: 

Rcp North1: 
0.75  0.751891  0.0398502
1.25  0.888502  0.0550871
1.75  0.789919  0.0734625
2.25  0.974458  0.130577
2.75  0.823329  0.164666

Rcp North0: 
0.75  0.785904  0.0447965
1.25  0.95276  0.0628822
1.75  0.936201  0.0908115
2.25  0.817881  0.122682
2.75  0.946805  0.197882
