798
4002 4 2 222
4005 0 2 222
4006 0 2 222
4006 4 0 100
4006 4 2 111
4008 3 5 110
4008 4 6 111
4010 3 0 222
4012 4 3 222
4013 4 7 221
4014 0 7 111
4016 3 0 222
4017 4 0 222
4017 4 7 1
4018 3 0 111
4019 2 7 111
4020 1 7 222
4023 2 5 222
4023 4 0 111
4023 4 1 111
4023 4 2 111
4023 4 3 111
4023 4 4 111
4023 4 5 111
4023 4 6 111
4023 4 7 111
4023 4 8 111
4024 4 8 111
4025 0 0 222
4025 0 1 222
4025 0 2 222
4025 0 3 222
4025 0 4 222
4025 0 5 222
4025 0 6 222
4025 0 7 222
4025 0 8 222
4025 1 0 222
4025 1 1 222
4025 1 2 222
4025 1 3 222
4025 1 4 222
4025 1 5 222
4025 1 6 222
4025 1 7 222
4025 1 8 222
4025 2 0 222
4025 2 1 222
4025 2 2 222
4025 2 3 222
4025 2 4 222
4025 2 5 222
4025 2 6 222
4025 2 7 222
4025 2 8 222
4025 3 0 222
4025 3 1 222
4025 3 2 222
4025 3 3 222
4025 3 4 222
4025 3 5 222
4025 3 6 222
4025 3 7 222
4025 3 8 222
4025 4 0 222
4025 4 1 222
4025 4 2 222
4025 4 3 222
4025 4 4 222
4025 4 5 222
4025 4 6 222
4025 4 7 222
4025 4 8 222
4026 0 0 222
4026 0 1 222
4026 0 2 222
4026 0 3 222
4026 0 4 222
4026 0 5 222
4026 0 6 222
4026 0 7 222
4026 0 8 222
4026 1 0 222
4026 1 1 222
4026 1 2 222
4026 1 3 222
4026 1 4 222
4026 1 5 222
4026 1 6 222
4026 1 7 222
4026 1 8 222
4026 2 0 222
4026 2 1 222
4026 2 2 222
4026 2 3 222
4026 2 4 222
4026 2 5 222
4026 2 6 222
4026 2 7 222
4026 2 8 222
4026 3 0 222
4026 3 1 222
4026 3 2 222
4026 3 3 222
4026 3 4 222
4026 3 5 222
4026 3 6 222
4026 3 7 222
4026 3 8 222
4026 4 0 222
4026 4 1 222
4026 4 2 222
4026 4 3 222
4026 4 4 222
4026 4 5 222
4026 4 6 222
4026 4 7 222
4026 4 8 222
4027 0 0 222
4027 0 1 222
4027 0 2 222
4027 0 3 222
4027 0 4 222
4027 0 5 222
4027 0 6 222
4027 0 7 222
4027 0 8 222
4027 1 0 222
4027 1 1 222
4027 1 2 222
4027 1 3 222
4027 1 4 222
4027 1 5 222
4027 1 6 222
4027 1 7 222
4027 1 8 222
4027 2 0 222
4027 2 1 222
4027 2 2 222
4027 2 3 222
4027 2 4 222
4027 2 5 222
4027 2 6 222
4027 2 7 222
4027 2 8 222
4027 3 0 222
4027 3 1 222
4027 3 2 222
4027 3 3 222
4027 3 4 222
4027 3 5 222
4027 3 6 222
4027 3 7 222
4027 3 8 222
4027 4 0 222
4027 4 1 222
4027 4 2 222
4027 4 3 222
4027 4 4 222
4027 4 5 222
4027 4 6 222
4027 4 7 222
4027 4 8 222
4028 0 0 222
4028 0 1 222
4028 0 2 222
4028 0 3 222
4028 0 4 222
4028 0 5 222
4028 0 6 222
4028 0 7 222
4028 0 8 222
4028 1 0 222
4028 1 1 222
4028 1 2 222
4028 1 3 222
4028 1 4 222
4028 1 5 222
4028 1 6 222
4028 1 7 222
4028 1 8 222
4028 2 0 222
4028 2 1 222
4028 2 2 222
4028 2 3 222
4028 2 4 222
4028 2 5 222
4028 2 6 222
4028 2 7 222
4028 2 8 222
4028 3 0 222
4028 3 1 222
4028 3 2 222
4028 3 3 222
4028 3 4 222
4028 3 5 222
4028 3 6 222
4028 3 7 222
4028 3 8 222
4028 4 0 222
4028 4 1 222
4028 4 2 222
4028 4 3 222
4028 4 4 222
4028 4 5 222
4028 4 6 222
4028 4 7 222
4028 4 8 222
4029 0 0 222
4029 0 1 222
4029 0 2 222
4029 0 3 222
4029 0 4 222
4029 0 5 222
4029 0 6 222
4029 0 7 222
4029 0 8 222
4029 1 0 222
4029 1 1 222
4029 1 2 222
4029 1 3 222
4029 1 4 222
4029 1 5 222
4029 1 6 222
4029 1 7 222
4029 1 8 222
4029 2 0 222
4029 2 1 222
4029 2 2 222
4029 2 3 222
4029 2 4 222
4029 2 5 222
4029 2 6 222
4029 2 7 222
4029 2 8 222
4029 3 0 222
4029 3 1 222
4029 3 2 222
4029 3 3 222
4029 3 4 222
4029 3 5 222
4029 3 6 222
4029 3 7 222
4029 3 8 222
4029 4 0 222
4029 4 1 222
4029 4 2 222
4029 4 3 222
4029 4 4 222
4029 4 5 222
4029 4 6 222
4029 4 7 222
4029 4 8 222
4030 0 0 222
4030 0 1 222
4030 0 2 222
4030 0 3 222
4030 0 4 222
4030 0 5 222
4030 0 6 222
4030 0 7 222
4030 0 8 222
4030 1 0 222
4030 1 1 222
4030 1 2 222
4030 1 3 222
4030 1 4 222
4030 1 5 222
4030 1 6 222
4030 1 7 222
4030 1 8 222
4030 2 0 222
4030 2 1 222
4030 2 2 222
4030 2 3 222
4030 2 4 222
4030 2 5 222
4030 2 6 222
4030 2 7 222
4030 2 8 222
4030 3 0 222
4030 3 1 222
4030 3 2 222
4030 3 3 222
4030 3 4 222
4030 3 5 222
4030 3 6 222
4030 3 7 222
4030 3 8 222
4030 4 0 222
4030 4 1 222
4030 4 2 222
4030 4 3 222
4030 4 4 222
4030 4 5 222
4030 4 6 222
4030 4 7 222
4030 4 8 222
4031 0 0 222
4031 0 1 222
4031 0 2 222
4031 0 3 222
4031 0 4 222
4031 0 5 222
4031 0 6 222
4031 0 7 222
4031 0 8 222
4031 1 0 222
4031 1 1 222
4031 1 2 222
4031 1 3 222
4031 1 4 222
4031 1 5 222
4031 1 6 222
4031 1 7 222
4031 1 8 222
4031 2 0 222
4031 2 1 222
4031 2 2 222
4031 2 3 222
4031 2 4 222
4031 2 5 222
4031 2 6 222
4031 2 7 1
4031 2 8 222
4031 3 0 222
4031 3 1 222
4031 3 2 222
4031 3 3 222
4031 3 4 222
4031 3 5 222
4031 3 6 222
4031 3 7 222
4031 3 8 222
4031 4 0 222
4031 4 1 222
4031 4 2 222
4031 4 3 222
4031 4 4 222
4031 4 5 222
4031 4 6 222
4031 4 7 222
4031 4 8 222
4032 0 0 222
4032 0 1 222
4032 0 2 222
4032 0 3 222
4032 0 4 222
4032 0 5 222
4032 0 6 222
4032 0 7 222
4032 0 8 110
4032 1 0 222
4032 1 1 222
4032 1 2 222
4032 1 3 222
4032 1 4 222
4032 1 5 222
4032 1 6 222
4032 1 7 222
4032 1 8 222
4032 2 0 222
4032 2 1 222
4032 2 2 222
4032 2 3 222
4032 2 4 222
4032 2 5 222
4032 2 6 222
4032 2 7 222
4032 2 8 222
4032 3 0 222
4032 3 1 222
4032 3 2 222
4032 3 3 222
4032 3 4 222
4032 3 5 222
4032 3 6 222
4032 3 7 222
4032 3 8 222
4032 4 0 222
4032 4 1 222
4032 4 2 222
4032 4 3 222
4032 4 4 222
4032 4 5 222
4032 4 6 222
4032 4 7 222
4032 4 8 222
4033 1 3 11
4038 1 3 221
4039 2 6 111
4039 3 3 222
4040 0 2 222
4040 1 2 222
4043 0 1 212
4043 3 4 222
4044 3 2 222
4044 4 3 222
4045 4 4 111
4046 2 1 222
4046 3 1 111
4047 4 5 122
4048 1 8 222
4066 1 7 22
4069 1 2 111
4070 0 1 212
4070 0 4 111
4072 2 5 222
4072 3 1 221
4081 4 4 222
4082 2 2 222
4083 4 5 222
4083 4 7 212
4084 2 8 222
4084 3 5 222
4085 0 0 222
4085 0 2 222
4085 0 3 221
4085 0 5 222
4085 0 6 222
4085 0 8 222
4086 0 1 222
4086 2 7 222
4087 0 1 1
4087 0 6 222
4087 1 4 222
4087 1 6 222
4087 1 8 222
4087 2 3 212
4087 2 4 221
4087 2 6 222
4087 3 6 222
4087 3 7 222
4087 4 6 222
4088 0 6 222
4088 0 8 222
4088 3 2 111
4088 4 7 111
4089 0 0 222
4089 0 1 222
4089 0 2 222
4089 0 3 222
4089 0 4 222
4089 0 5 222
4089 0 6 222
4089 0 7 222
4089 0 8 222
4089 1 0 222
4089 1 1 222
4089 1 2 222
4089 1 3 222
4089 1 4 222
4089 1 5 222
4089 1 6 222
4089 1 7 222
4089 1 8 222
4089 2 0 222
4089 2 1 222
4089 2 2 222
4089 2 3 222
4089 2 4 222
4089 2 5 222
4089 2 6 222
4089 2 7 222
4089 2 8 222
4089 3 0 222
4089 3 1 222
4089 3 2 222
4089 3 3 222
4089 3 4 222
4089 3 5 222
4089 3 6 222
4089 3 7 222
4089 3 8 222
4089 4 0 222
4089 4 1 222
4089 4 2 222
4089 4 3 222
4089 4 4 222
4089 4 5 222
4089 4 6 222
4089 4 7 222
4089 4 8 222
4090 0 0 222
4090 0 1 222
4090 0 2 222
4090 0 3 222
4090 0 4 222
4090 0 5 222
4090 0 6 222
4090 0 7 222
4090 0 8 222
4090 1 0 222
4090 1 1 222
4090 1 2 222
4090 1 3 222
4090 1 4 222
4090 1 5 222
4090 1 6 222
4090 1 7 222
4090 1 8 222
4090 2 0 222
4090 2 1 222
4090 2 2 222
4090 2 3 222
4090 2 4 222
4090 2 5 222
4090 2 6 222
4090 2 7 222
4090 2 8 222
4090 3 0 222
4090 3 1 222
4090 3 2 222
4090 3 3 222
4090 3 4 222
4090 3 5 222
4090 3 6 222
4090 3 7 222
4090 3 8 222
4090 4 0 222
4090 4 1 222
4090 4 2 222
4090 4 3 222
4090 4 4 222
4090 4 5 222
4090 4 6 222
4090 4 7 222
4090 4 8 222
4091 0 0 222
4091 0 1 222
4091 0 2 222
4091 0 3 222
4091 0 4 222
4091 0 5 222
4091 0 6 222
4091 0 7 222
4091 0 8 222
4091 1 0 222
4091 1 1 222
4091 1 2 222
4091 1 3 222
4091 1 4 211
4091 1 5 222
4091 1 6 222
4091 1 7 222
4091 1 8 222
4091 2 0 222
4091 2 1 222
4091 2 2 222
4091 2 3 222
4091 2 4 222
4091 2 5 222
4091 2 6 222
4091 2 7 222
4091 2 8 222
4091 3 0 222
4091 3 1 222
4091 3 2 222
4091 3 3 222
4091 3 4 222
4091 3 5 222
4091 3 6 222
4091 3 7 222
4091 3 8 222
4091 4 0 222
4091 4 1 222
4091 4 2 222
4091 4 3 222
4091 4 4 222
4091 4 5 222
4091 4 6 222
4091 4 7 222
4091 4 8 222
4092 0 0 222
4092 0 1 222
4092 0 2 222
4092 0 3 222
4092 0 4 222
4092 0 5 222
4092 0 6 222
4092 0 7 222
4092 0 8 222
4092 1 0 222
4092 1 1 222
4092 1 2 222
4092 1 3 222
4092 1 4 222
4092 1 5 222
4092 1 6 222
4092 1 7 222
4092 1 8 222
4092 2 0 222
4092 2 1 222
4092 2 2 222
4092 2 3 222
4092 2 4 222
4092 2 5 222
4092 2 6 222
4092 2 7 222
4092 2 8 222
4092 3 0 222
4092 3 1 222
4092 3 2 222
4092 3 3 222
4092 3 4 222
4092 3 5 222
4092 3 6 222
4092 3 7 222
4092 3 8 222
4092 4 0 222
4092 4 1 222
4092 4 2 222
4092 4 3 222
4092 4 4 222
4092 4 5 222
4092 4 6 222
4092 4 7 222
4092 4 8 222
4093 0 0 222
4093 0 1 222
4093 0 2 222
4093 0 3 222
4093 0 4 222
4093 0 5 222
4093 0 6 222
4093 0 7 222
4093 0 8 222
4093 1 0 222
4093 1 1 222
4093 1 2 222
4093 1 3 222
4093 1 4 222
4093 1 5 222
4093 1 6 222
4093 1 7 222
4093 1 8 222
4093 2 0 222
4093 2 1 222
4093 2 2 222
4093 2 3 222
4093 2 4 222
4093 2 5 222
4093 2 6 222
4093 2 7 222
4093 2 8 222
4093 3 0 222
4093 3 1 222
4093 3 2 222
4093 3 3 222
4093 3 4 222
4093 3 5 222
4093 3 6 222
4093 3 7 222
4093 3 8 222
4093 4 0 222
4093 4 1 222
4093 4 2 222
4093 4 3 222
4093 4 4 222
4093 4 5 222
4093 4 6 222
4093 4 7 222
4093 4 8 222
4094 0 0 222
4094 0 1 222
4094 0 2 222
4094 0 3 222
4094 0 4 222
4094 0 5 222
4094 0 6 222
4094 0 7 222
4094 0 8 222
4094 1 0 222
4094 1 1 222
4094 1 2 222
4094 1 3 222
4094 1 4 222
4094 1 5 222
4094 1 6 222
4094 1 7 222
4094 1 8 222
4094 2 0 222
4094 2 1 222
4094 2 2 222
4094 2 3 222
4094 2 4 222
4094 2 5 222
4094 2 6 222
4094 2 7 222
4094 2 8 222
4094 3 0 222
4094 3 1 222
4094 3 2 222
4094 3 3 222
4094 3 4 222
4094 3 5 222
4094 3 6 222
4094 3 7 222
4094 3 8 222
4094 4 0 222
4094 4 1 222
4094 4 2 222
4094 4 3 222
4094 4 4 222
4094 4 5 222
4094 4 6 222
4094 4 7 222
4094 4 8 222
4095 0 0 222
4095 0 1 222
4095 0 2 222
4095 0 3 222
4095 0 4 222
4095 0 5 222
4095 0 6 222
4095 0 7 222
4095 0 8 222
4095 1 0 222
4095 1 1 222
4095 1 2 222
4095 1 3 222
4095 1 4 222
4095 1 5 222
4095 1 6 222
4095 1 7 222
4095 1 8 222
4095 2 0 222
4095 2 1 222
4095 2 2 222
4095 2 3 222
4095 2 4 222
4095 2 5 222
4095 2 6 222
4095 2 7 222
4095 2 8 222
4095 3 0 222
4095 3 1 222
4095 3 2 222
4095 3 3 222
4095 3 4 222
4095 3 5 222
4095 3 6 222
4095 3 7 222
4095 3 8 222
4095 4 0 222
4095 4 1 222
4095 4 2 222
4095 4 3 222
4095 4 4 222
4095 4 5 222
4095 4 6 222
4095 4 7 222
4095 4 8 222
4096 0 0 222
4096 0 1 222
4096 0 2 222
4096 0 3 222
4096 0 4 222
4096 0 5 222
4096 0 6 222
4096 0 7 222
4096 0 8 222
4096 1 0 222
4096 1 1 222
4096 1 2 222
4096 1 3 222
4096 1 4 222
4096 1 5 222
4096 1 6 222
4096 1 7 222
4096 1 8 222
4096 2 0 222
4096 2 1 222
4096 2 2 222
4096 2 3 222
4096 2 4 222
4096 2 5 222
4096 2 6 222
4096 2 7 222
4096 2 8 222
4096 3 0 222
4096 3 1 222
4096 3 2 222
4096 3 3 222
4096 3 4 222
4096 3 5 222
4096 3 6 222
4096 3 7 222
4096 3 8 222
4096 4 0 222
4096 4 1 222
4096 4 2 222
4096 4 3 222
4096 4 4 222
4096 4 5 222
4096 4 6 222
4096 4 7 222
4096 4 8 222
