1.90   93.7   20 
1.91   89   15 
1.91   80   10 
1.91   74.7   1.9 
1.92   86.5   16 
1.92   75.7   1.9 
1.92   77.6   3.3 
1.92   73.1   1.8 
1.93   71.1   1.7 
1.93   68   1.7 
1.93   71.1   2.8 
1.93   65.5   1.6 
1.93   66   6 
1.94   66.4   1.6 
1.94   68.7   2.5 
1.94   63.6   1.5 
1.94   64.8   1.5 
1.94   66   17 
1.94   62   2.2 
1.94   64.8   1.5 
1.95   63.7   1.5 
1.95   64.2   1.4 
1.95   62.6   2.3 
1.95   65.7   17 
1.95   60.7   1.4 
1.95   56.5   1.3 
1.95   72   9 
1.96   59   1.4 
1.96   59.5   2.1 
1.96   77   17 
1.96   55.5   1.3 
1.96   52   6 
1.96   54.9   1.3 
1.96   51.7   1.5 
1.96   63.5   2.2 
1.97   61.3   2 
1.97   56   14 
1.97   57.3   1.8 
1.98   64   7 
2.00   53.4   2.1 
2.00   51.2   1.6 
2.01   45   5 
2.02   50   6 
2.02   47.3   0.5 
2.03   49.3   2 
2.05   49   5 
2.05   47.2   1.9 
2.09   44.5   1.8 
2.12   44.2   1.8 
2.13   43.8   0.8 
2.14   42   5 
2.14   43.8   1.8 
2.17   43.3   1.3 
2.17   42.1   1.7 
2.17   43.2   3.5 
2.19   41.5   1.2 
2.19   41.3   1.7 
2.20   43.3   3 
2.20   41.3   0.4 
2.21   42   4 
2.21   40.1   1.6 
2.21   42.2   1.2 
2.24   41.8   1.2 
2.24   38.7   1.6 
2.25   38   4 
2.26   37.5   1.5 
2.26   39.4   1.3 
2.27   39.3   0.8 
2.27   38.5   3 
2.30   37.6   1.5 
2.30   37.2   3 
2.31   33   3 
2.31   38.1   1.2 
2.33   33   2 
2.33   37   1.5 
2.36   30   2 
2.37   36.1   1.2 
2.37   35.7   1.4 
2.39   35.2   1.4 
2.40   33.9   1.4 
2.42   35.4   1.2 
2.43   28   2 
2.44   32.4   1.3 
2.48   31.8   1.3 
2.49   30.8   1.2 
2.51   30.4   1.2 
2.55   29   4.272 
2.55   29   4.272 
2.55   29.8   1.2 
2.58   28.6   1.1 
2.59   27.4   1.1 
2.64   25.9   1 
2.67   25.6   0.6 
2.69   25.6   1 
2.70   25   4 
2.74   24.5   1 
2.77   23.7   4.12311 
2.86   21.9   1.1 
2.96   20.9   0.8 
2.97   20.6   4.1 
3.08   19.75   0.73 
3.36   16   4.06079 
3.55   16.3   0.6 
3.55   15.9   0.4 
3.63   15.6   4.07922 
3.85   14.7   1.5 
3.86   14.2   1.2 
3.92   13.79   5.09902 
3.95   13.65   0.56 
4.11   12.88   5.001 
4.11   12.7   10.0245 
4.29   12.33   0.4 
4.31   13.89   5.01224 
4.36   11.75   0.23 
4.54   14.6   5.99083 
4.93   11.34   0.6 
4.93   11.59   5.01678 
4.93   11.59   0.41 
5.64   9.4   5.004 
5.64   9.1   10.0125 
7.01   8.67   6.00333 
7.88   8.68   0.24 
7.88   8.21   0.1 
8.78   7.17   6.00521 
9.67   7.81   0.24 
9.78   8.2   0.4 
11.54   7.3   0.47 
11.54   6.4   1 
13.76   7.39   0.36 
13.76   7.8   0.6 
16.26   7.52   0.6 
18.17   7.12   0.52 
30.40   7.16   4.01442 
52.60   7.44   4.01278 
52.80   7.89   1.41028 
62.30   7.46   4.01278 
545.99   12.87   0.3 
547.01   13.3   1.16619 
1800.01   15.79   0.87 
1800.01   19.7   0.85 
1800.01   16.6   1.6 
2.04   23.2   0.707107 
2.08   24   1 
2.09   25.8   0.707107 
2.09   24   20.0998 
2.10   22   2 
2.13   25.8   0.707107 
2.13   24   5 
2.15   25.2   0.8 
2.16   25   20.0998 
2.16   25.3   0.707107 
2.17   24.2   1.6 
2.19   25.1   0.8 
2.19   23   2 
2.19   24.7   1 
2.20   24.6   0.707107 
2.23   24.3   0.781025 
2.25   21   20.0998 
2.25   24   3 
2.27   24.1   0.707107 
2.31   26   3 
2.32   26.8   2.3 
2.32   24.8   0.9 
2.33   24.7   0.707107 
2.33   28.2   2.1 
2.33   19   20.2237 
2.36   22.7   0.707107 
2.40   22.5   0.707107 
2.43   22.1   0.707107 
2.50   22.2   3.4 
2.51   19.86   0.73 
2.71   16.3   3.64005 
2.71   19.21   1.57493 
2.77   17.2   4.06079 
2.78   17   15.2971 
2.97   15.2   4.04475 
2.98   15.32   0.76 
3.08   13.5   0.3 
3.12   11.6   2.6 
3.31   14.4   3.7 
3.36   12.7   4.03113 
3.43   10   15.1327 
3.50   11.99   0.25 
3.62   10   2.1 
3.63   11.5   4.03113 
3.78   11.47   0.33 
3.83   11.79   0.22 
3.83   10.6   3.55106 
3.86   11.4   0.5 
3.88   8   15.1327 
3.89   9.7   1 
3.89   9.8   0.9 
4.13   10.8   0.4 
4.22   8.74   0.4 
4.29   11.71   0.22 
4.29   9.8   0.3 
4.31   10.1   3.53553 
4.33   10.84   0.32 
4.35   10.8   0.8 
4.41   8.6   0.8 
4.52   10   3 
4.52   10.2   15.0083 
4.54   10.2   0.6 
4.70   11.04   0.22 
4.72   9.9   3.53553 
4.93   9.87   0.23 
4.93   9.85   0.2 
4.95   10.4   1.7 
5.08   10.89   0.3 
5.16   8.87   3.51199 
5.44   10.48   0.32 
5.46   11   4 
5.47   8.13   0.3 
5.49   9.7   15.0083 
5.56   9.2   1.4 
5.56   8.75   3.51199 
5.68   9.36   0.49 
5.76   9.74   0.37 
6.06   10.2   1.8 
6.11   8.59   3.50413 
6.12   8.7   0.5 
6.15   9.4   1.3 
6.21   9.64   0.44 
6.27   9   15.0083 
6.48   8   1.6 
6.52   8.15   3.50366 
6.77   8.3   1.2 
6.84   8.3   0.2 
6.91   8.8   0.3 
6.93   8.02   3.50366 
7.14   9.8   2.2 
7.31   7.96   3.50321 
7.58   8.2   15.012 
7.62   7.7   0.2 
7.68   7.87   3.5028 
8.02   7.66   3.5028 
8.35   7.7   3.50173 
8.55   7.6   3.50143 
8.83   7.52   3.50173 
9.31   7.4   3.50173 
9.78   7.61   0.29 
9.78   7   0.2 
9.78   7.56   0.12 
9.84   7.48   3.50206 
9.98   7.33   3.50206 
10.19   7.23   3.50173 
10.43   7.21   3.50143 
10.52   7.49   0.08 
10.69   6.6   0.7 
10.71   7.25   3.50143 
11.00   6.89   3.50116 
11.22   7.07   3.50116 
11.47   6.86   3.50116 
11.52   6.86   3.50143 
11.54   7.41   0.31 
11.54   7.1   0.2 
13.76   7.07   0.35 
13.76   7.08   0.09 
13.90   6.9   1 
16.26   7   0.28 
16.66   6.85   0.24 
16.83   6.97   0.11 
18.17   7.06   0.28 
19.42   6.87   0.13 
19.42   6.95   0.08 
19.66   6.92   0.44 
19.66   6.92   0.44 
21.70   6.78   0.23 
23.50   6.7   0.3 
23.50   6.82   0.08 
23.50   6.8   4.40454 
23.50   6.81   4.00451 
23.76   7.29   0.16 
23.76   7.89   0.52 
23.88   7.2   0.4 
30.40   6.8   0.6 
30.60   6.9   0.4 
30.60   7.39   0.08 
30.60   7   4.30465 
30.60   6.75   4.00361 
44.90   7.45   0.08 
44.90   7.5   4.01123 
52.80   7.79   1.40602 
52.80   7.56   0.08 
52.80   7.6   3.91152 
52.80   7.17   4.00101 
62.30   7.51   4.00451 
62.50   7.77   0.1 


this is a combined dump of analyzer/data/sigma_total_tables/pp_sigma_el.dat and ppbar_sigma_el.dat
