70.00000  6.4000     1.0000 
100.00000  7.3900     0.36000
99.40000   7.8000     0.60000
139.16000  7.5200     0.60000
173.94999  7.1200     0.52000
491.54168  7.1600     0.34000
1473.45581 7.4400     0.32000
1484.68920 7.8900     0.17000
2067.38403 7.4600     0.32000
1.5886E+05 12.870     0.30000
1.5945E+05 13.300     0.60000
1.7266E+06 15.790     0.87000
1.7266E+06 19.700     0.85000
1.7266E+06 16.600     1.6000 


16.00000  9.4000     0.20000
16.00000  9.1000     0.50000
25.20000  8.6700     0.20000
31.90000  8.6800     0.24000
31.90000  8.2100     0.10000
40.10000  7.1700     0.25000
48.40000  7.8100     0.24000
49.70000  8.2000     0.40000
69.58000  7.3000     0.47000

http://pdg.lbl.gov/~sbl/pbarp_elastic.dat 