0  4  2  4
0  4  3  4
0  5  68  4
0  20  1  4
0  21  1  4
0  22  1  4
0  24  49  1
0  30  62  4
0  30  63  4
0  31  61  4
0  31  62  4
0  31  63  4
0  33  70  4
1  1  4  4
1  1  67  4
1  1  69  4
1  1  70  4
1  2  2  4
1  2  8  4
1  2  9  2
1  3  2  4
1  3  70  4
1  4  70  4
1  5  25  2
1  6  70  4
1  11  28  1
1  34  1  4
1  34  4  4
1  34  5  4
1  34  28  4
1  34  43  4
1  34  66  4
1  34  67  4
2  1  68  4
2  1  69  2
2  2  64  4
2  2  65  4
2  2  67  4
2  3  64  4
2  3  65  4
2  3  66  4
2  3  67  4
2  6  55  4
2  6  58  2
2  6  59  2
2  7  2  2
2  7  54  4
2  7  55  2
2  7  58  1
2  7  59  1
2  12  5  2
2  13  68  1
2  20  37  4
2  26  28  1
2  28  28  1
2  31  28  1
2  31  70  4
2  32  29  1
2  33  70  4
3  1  49  4
3  1  57  4
3  2  1  4
3  2  70  4
3  11  53  4
3  14  61  1
3  15  59  4
3  15  60  4
3  16  26  4
3  16  30  4
3  16  31  4
3  17  27  4
3  17  29  4
3  17  31  4
3  18  41  1
3  19  59  1
3  19  60  4
3  30  10  4
3  31  7  4
3  31  8  2
3  31  9  4
3  31  13  4
3  31  50  1
3  31  60  4
3  31  61  4
3  32  8  4
3  32  9  4
3  32  10  2
3  32  13  4
3  32  14  4
3  32  60  4
3  33  2  4
3  33  8  1
3  33  9  4
3  33  10  4
3  33  12  4
3  33  13  4
3  33  14  2
3  33  60  4
3  33  70  4
3  34  4  4
3  34  7  4
3  34  8  4
3  34  9  4
3  34  10  2
3  34  13  4
3  34  60  4
3  34  61  4
3  34  70  4
6  1  66  4
6  1  69  4
6  1  70  4
6  2  1  4
6  2  36  4
6  2  69  4
6  3  1  4
6  3  70  4
6  4  1  4
6  4  68  4
6  4  70  4
6  6  35  4
6  6  38  4
6  7  1  4
6  7  70  4
6  8  70  4
6  17  1  4
6  19  70  4
6  25  47  4
6  26  60  4
6  26  61  4
6  26  63  4
6  26  68  1
6  26  69  2
6  26  70  4
6  27  68  2
6  27  69  2
6  27  70  4
6  28  54  4
6  28  59  4
6  28  70  4
6  29  1  4
6  29  54  4
6  29  70  4
6  31  68  4
6  31  70  4
6  32  36  4
6  32  63  4
6  32  69  4
6  32  70  4
6  33  1  4
6  33  70  4
6  34  1  4
6  34  13  4
6  34  40  4
6  34  66  4
6  34  70  4
7  1  1  4
7  1  69  4
7  1  70  4
7  2  67  4
7  2  70  4
7  3  1  4
7  3  70  4
7  4  70  4
7  5  70  4
7  6  70  4
7  11  1  4
7  12  1  4
7  13  1  4
7  14  63  1
7  15  70  4
7  16  70  4
7  17  70  4
7  18  1  4
7  19  1  4
7  21  64  2
7  22  32  2
7  23  70  4
7  28  70  4
7  29  70  4
7  30  70  4
7  31  7  1
7  32  1  4
7  32  40  4
7  32  44  4
7  32  48  4
7  32  49  4
7  32  69  4
7  32  70  4
7  33  1  4
7  33  2  4
7  33  48  4
7  33  49  4
7  33  70  4
7  34  1  4
7  34  11  4
7  34  45  4
7  34  68  4
7  34  70  4
4  1  3  4
4  1  7  4
4  1  16  4
4  1  33  4
4  1  34  4
4  1  38  4
4  1  42  4
4  1  47  4
4  1  51  4
4  1  64  4
4  1  77  4
4  1  90  4
4  2  9  4
4  2  12  4
4  2  16  2
4  2  17  4
4  2  24  1
4  2  39  1
4  2  87  1
4  3  14  4
4  3  17  1
4  3  40  4
4  3  71  4
4  3  80  2
4  3  88  4
4  3  91  4
4  4  28  4
4  4  29  2
4  4  33  4
4  4  51  4
4  4  52  4
4  4  54  4
4  4  79  4
4  4  84  4
4  5  48  4
4  5  56  4
4  5  60  4
4  6  15  4
4  6  43  4
4  6  72  2
4  8  25  4
4  8  26  1
4  8  47  4
4  8  48  1
4  9  94  4
4  10  24  4
4  10  31  4
4  10  39  4
4  11  38  4
4  11  39  1
4  11  73  4
4  11  74  4
4  12  50  4
4  15  42  4
4  15  43  4
4  15  44  4
4  15  52  1
4  16  39  1
4  16  43  4
4  16  63  1
4  16  68  4
4  16  74  4
4  16  90  1
4  16  91  4
4  16  93  1
4  17  6  4
4  17  9  4
4  17  10  4
4  17  39  1
4  17  75  1
4  17  92  1
4  18  1  4
4  18  3  4
4  18  8  1
4  18  9  2
4  18  83  1
4  19  2  4
4  19  27  4
4  19  39  1
4  19  56  4
4  19  77  4
4  20  9  4
4  20  11  1
4  20  39  4
4  21  38  1
4  21  44  4
4  21  80  4
4  21  93  4
4  21  94  4
4  22  6  4
4  22  32  4
4  22  39  4
4  22  45  4
4  22  58  2
4  22  90  1
4  23  18  4
4  23  21  4
4  23  34  1
4  23  39  4
4  23  79  4
4  24  4  4
4  24  32  1
4  25  1  4
4  25  22  4
4  25  87  4
4  26  32  4
4  27  1  1
4  27  2  4
4  27  33  4
4  27  84  1
4  27  93  4
4  27  94  4
4  28  16  4
4  28  38  4
4  30  75  4
4  30  94  4
4  31  6  1
4  31  33  4
4  31  69  1
4  31  81  4
4  31  94  4
4  32  3  2
4  32  33  4
4  32  34  1
4  32  50  1
4  32  56  4
4  32  57  4
4  32  59  4
4  33  52  1
4  33  57  1
4  34  58  1
4  35  17  2
4  35  33  4
4  35  53  4
4  35  86  4
4  36  4  4
4  36  44  4
4  36  62  4
4  36  63  4
4  36  73  4
4  36  76  1
4  37  2  1
4  37  38  4
4  38  1  4
4  38  2  2
4  39  1  4
4  39  21  2
4  39  37  2
4  39  49  4
4  39  50  4
4  40  18  4
4  40  20  1
4  40  21  4
4  40  22  4
4  40  23  2
4  40  27  1
4  40  44  4
4  41  1  1
4  41  8  4
4  41  16  1
4  41  20  2
4  41  22  4
4  41  23  2
4  41  87  4
4  41  94  2
4  42  18  2
4  42  19  4
4  42  20  2
4  42  21  4
4  42  22  4
4  42  23  2
4  42  46  4
4  42  52  4
4  42  53  1
4  42  79  4
4  43  18  4
4  43  19  2
4  43  20  4
4  43  21  4
4  43  22  4
4  43  23  4
4  43  33  4
4  43  48  4
4  43  50  4
4  43  53  4
4  43  83  4
4  43  87  4
4  44  1  4
4  44  2  4
4  44  32  4
4  44  47  4
4  44  59  4
4  44  94  2
4  45  1  4
4  45  9  4
4  45  32  4
4  45  33  4
4  45  38  4
4  45  41  4
4  45  47  4
4  45  48  4
4  45  50  4
4  45  94  4
4  46  1  4
4  46  3  4
4  46  4  4
4  46  7  4
4  46  12  4
4  46  20  4
4  46  47  4
4  46  51  4
4  46  52  4
4  46  54  4
4  46  80  4
4  46  82  4
4  46  88  1
4  46  90  4
4  46  92  4
5  1  2  4
5  1  3  4
5  1  12  4
5  1  23  4
5  1  29  4
5  1  30  4
5  1  33  4
5  1  35  4
5  1  36  4
5  1  38  4
5  1  44  4
5  1  45  4
5  1  47  4
5  1  50  4
5  1  55  4
5  2  1  4
5  2  2  4
5  2  4  4
5  2  25  4
5  2  34  4
5  2  42  4
5  2  72  4
5  2  75  4
5  2  76  4
5  2  84  4
5  2  92  4
5  2  94  4
5  3  16  4
5  3  44  4
5  3  62  4
5  3  65  4
5  3  68  4
5  3  91  4
5  3  93  4
5  4  1  4
5  4  38  4
5  4  47  4
5  4  55  4
5  4  61  4
5  4  62  4
5  4  63  4
5  5  61  4
5  5  90  4
5  5  93  4
5  6  1  4
5  6  12  4
5  6  39  4
5  6  62  4
5  7  28  4
5  7  51  4
5  7  61  4
5  7  73  1
5  8  27  4
5  9  1  4
5  9  20  4
5  9  26  4
5  9  53  4
5  10  48  4
5  11  68  4
5  11  94  4
5  12  43  1
5  12  89  2
5  13  94  4
5  15  10  4
5  15  32  4
5  15  33  4
5  15  80  4
5  15  81  4
5  15  92  4
5  16  15  1
5  16  39  4
5  16  79  4
5  17  1  4
5  17  2  2
5  17  10  1
5  18  80  1
5  19  1  4
5  19  23  4
5  20  33  4
5  21  11  2
5  21  36  4
5  22  25  4
5  22  50  4
5  23  7  4
5  23  37  4
5  23  46  4
5  23  47  4
5  23  64  2
5  23  65  4
5  24  8  4
5  24  16  4
5  24  66  4
5  25  67  4
5  26  8  4
5  27  8  4
5  27  16  4
5  27  24  4
5  27  26  4
5  27  27  4
5  28  38  4
5  30  18  4
5  30  91  1
5  31  40  4
5  31  46  1
5  31  91  1
5  32  13  1
5  32  27  4
5  33  4  2
5  33  7  1
5  34  36  1
5  35  37  1
5  35  67  4
5  35  69  4
5  36  14  4
5  36  52  4
5  37  13  4
5  37  69  1
5  38  44  4
5  38  91  4
5  39  45  2
5  41  26  4
5  41  51  4
5  41  68  1
5  41  93  2
5  41  94  4
5  42  4  1
5  42  5  4
5  42  18  4
5  42  22  4
5  42  26  4
5  42  91  2
5  42  93  2
5  42  94  4
5  43  46  4
5  43  91  2
5  43  92  4
5  43  93  2
5  43  94  4
5  44  5  4
5  44  43  4
5  44  45  4
5  44  46  4
5  44  47  4
5  44  93  2
5  44  94  2
5  45  2  4
5  45  42  4
5  45  43  4
5  45  44  4
5  45  45  4
5  45  46  4
5  45  47  4
5  45  94  1
5  46  1  4
5  46  2  4
5  46  3  4
5  46  5  4
5  46  21  4
5  46  26  4
5  46  42  4
5  46  43  4
5  46  44  4
5  46  46  4
5  46  47  4
5  46  85  4
5  46  94  1
