0.3 0.33E+03 0.42E+01 
0.5 0.11E+03 0.19E+01 
0.7 0.35E+02 0.80E+00 
0.9 0.12E+02 0.42E+00 
1.1 0.48E+01 0.23E+00 
1.3 0.19E+01 0.14E+00 
1.5 0.81E+00 0.82E-01 
1.7 0.36E+00 0.51E-01 
1.9 0.17E+00 0.33E-01 
2.1 0.60E-01 0.16E-02 
2.3 0.27E-01 0.82E-03 
2.5 0.14E-01 0.46E-03 
2.7 0.63E-02 0.26E-03 
2.9 0.33E-02 0.16E-03 
3.1 0.15E-02 0.93E-04 
3.3 0.64E-03 0.56E-04 
3.5 0.36E-03 0.40E-04 
3.7 0.18E-03 0.27E-04 
3.9 0.12E-03 0.21E-04 
4.1 0.44E-04 0.12E-04 
4.3 0.39E-04 0.11E-04 
4.5 0.23E-04 0.80E-05 
4.7 0.10E-04 0.59E-05 
4.9 0.28E-05 0.28E-05 
5.1 0.57E-05 0.40E-05 
5.3 0.25E-05 0.25E-05 
5.7 0.25E-05 0.25E-05 
5.9 0.29E-05 0.29E-05 


BELL 82 PL 112B,271 
M IN GEV 31.2 
YRAP(P=3,RF=CM) 0.63 
HE HE --> CHARGED- X 
x = PT(P=3,RF=CM) IN GEV 
y = E*D3(SIG)/D3P IN MB./GEV**2 
x y +- dy 
