0.3 0.36E+03 0.42E+01 
0.5 0.12E+03 0.18E+01
0.7 0.39E+02 0.83E+00 
0.9 0.15E+02 0.46E+00 
1.1 0.59E+01 0.26E+00 
1.3 0.26E+01 0.16E+00 
1.5 0.11E+01 0.97E-01 
1.7 0.56E+00 0.63E-01 
1.9 0.21E+00 0.37E-01 
2.1 0.95E-01 0.40E-02 
2.3 0.47E-01 0.18E-02 
2.5 0.23E-01 0.95E-03 
2.7 0.11E-01 0.54E-03 
2.9 0.57E-02 0.32E-03 
3.1 0.23E-02 0.18E-03 
3.3 0.12E-02 0.11E-03 
3.5 0.70E-03 0.81E-04 
3.7 0.29E-03 0.48E-04 
3.9 0.12E-03 0.29E-04 
4.1 0.10E-03 0.25E-04 
4.3 0.61E-04 0.19E-04 
4.5 0.19E-04 0.94E-05 
4.7 0.85E-05 0.60E-05 
4.9 0.16E-04 0.79E-05 
5.1 0.32E-05 0.32E-05 
5.3 0.30E-05 0.30E-05 
5.7 0.32E-05 0.32E-05


BELL 82 PL 112B,271 
M IN GEV 31.2 
YRAP(P=3,RF=CM) 0.83 
HE HE --> CHARGED+ X 
x = PT(P=3,RF=CM) IN GEV 
y = E*D3(SIG)/D3P IN MB./GEV**2 
x y +- dy 
