3.2  0.021  0.042    
3.7  0.047  0.042    
4.2  0.079  0.053    
4.7  0.105  0.044    
5.2  0.137  0.058    
5.7  0.258  0.090    
6.6  0.337  0.120
3.75 0.049  0.032    
4.25 0.092  0.037    
4.75 0.110  0.038    
5.25 0.151  0.044    
5.75 0.201  0.054    
6.25 0.252  0.066    
6.75 0.254  0.073    
7.50 0.317  0.088    
8.50 0.370  0.134
4.75 0.101 0.015 
5.25 0.139 0.044 
5.75 0.154 0.059 
6.25 0.211 0.036 
6.75 0.217 0.073 
7.50 0.214 0.092 
9.00 0.221 0.159 
1.25   0.00141433   0.000565733 
1.75   0.00376391   0.00150556 
2.25   0.00793505   0.00317402 
2.75   0.0137833   0.00551333 
3.25   0.021359   0.00854358 
3.75   0.0303198   0.0121279 
4.25   0.0412552   0.0165021 
4.75   0.0535217   0.0214087 
5.25   0.0675432   0.0270173 
5.75   0.0831036   0.0332414 
6.25   0.100636   0.0402543 
6.75   0.120417   0.0481669 
7.25   0.142096   0.0568386 
7.75   0.166432   0.0665727 
8.25   0.19424   0.077696 
8.75   0.224182   0.0896728 
9.25   0.259488   0.103795 
9.75   0.297994   0.119198 
10.25   0.341209   0.136484 
10.75   0.38876   0.155504 
11.25   0.44507   0.178028 
11.75   0.50733   0.202932 
12.25   0.578341   0.231336 
12.75   0.658265   0.263306 
13.25   0.748728   0.299491 
13.75   0.850791   0.340316 
14.25   0.969723   0.387889 
14.75   1.10272   0.441088 
15.25   1.25857   0.503428 


DIAKONOU 79 PL 87B,292 
RE(Q=P) P P --> PI0 X RE(Q=G) P P --> GAMMA X 
W IN GEV 63. 
x = PT IN GEV 
y = SIG(Q=G)/SIG(Q=P) 
x y +- dy 

DIAKONOU 80C PL 91B,296 
RE(Q=GAMMA) P P --> GAMMA X RE(Q=PI0) P P --> PI0 X 
W IN GEV 63. 
x = PT(P=3,RF=CM) 
y = SIG(Q=GAMMA)/SIG(Q=PI0) 
x1TO x2 y +- dy 


ANGELIS 89 NP B327, 541 
Final Average Results from inside and outside detector 
SQRT(S) IN GEV 63 
x = PT IN GEV 
y = SIG(Q=PHOTON)/SIG(Q=PI0) 
x1TO x2 y +- dy 
4.5 5.0 0.101 0.015 
5.0 5.5 0.139 0.044 
5.5 6.0 0.154 0.059 
6.0 6.5 0.211 0.036 
6.5 7.0 0.217 0.073 
7.0 8.0 0.214 0.092 
8.0 10.0 0.221 0.159 

last set is ratio_pQCD_vogelsang_pp63_gammainv_sc2.dat_over_pQCD_vogelsang_pp63_pi0inv_kkp_sc2.dat with arbitrary 10% error.
1.25   0.00283216   0.000283216 
1.75   0.00744834   0.000744834 
2.25   0.0143846   0.00143846 
2.75   0.0234884   0.00234884 
3.25   0.034872   0.0034872 
3.75   0.047973   0.0047973 
4.25   0.0637219   0.00637219 
4.75   0.0813099   0.00813099 
5.25   0.101547   0.0101547 
5.75   0.123865   0.0123865 
6.25   0.149116   0.0149116 
6.75   0.177422   0.0177422 
7.25   0.208319   0.0208319 
7.75   0.243069   0.0243069 
8.25   0.282713   0.0282713 
8.75   0.325428   0.0325428 
9.25   0.375561   0.0375561 
9.75   0.430407   0.0430407 
10.25   0.491244   0.0491244 
10.75   0.558637   0.0558637 
11.25   0.637612   0.0637612 
11.75   0.725201   0.0725201 
12.25   0.824621   0.0824621 
12.75   0.935974   0.0935974 
13.25   1.06272   0.106272 
13.75   1.20457   0.120457 
14.25   1.36808   0.136808 
14.75   1.55166   0.155166 
15.25   1.77104   0.177104 
