4.75   2.896e-06   8.79179e-07 
5.25   1.28e-06   3.98705e-07 
5.75   5.4e-07   1.71337e-07 
6.25   2.36e-07   7.27872e-08 
6.75   1.128e-07   3.6714e-08 
7.50   4.184e-08   1.3899e-08 
9.00   7.664e-09   6.20855e-09 
4.75   2.61e-06   6.8e-07 
5.25   9.45e-07   2.35e-07 
5.73   4e-07   9e-08 
6.23   2e-07   4.6e-08 
6.73   1.01e-07   2.3e-08 
7.23   5.5e-08   1.25e-08 
7.72   2.59e-08   5.9e-09 
8.23   1.37e-08   3.1e-09 
8.75   7.32e-09   1.98e-09 
9.38   3.02e-09   8.4e-10 
10.40   6.7e-10   2.64e-10 
3.05   0.000309115   0.000116289 
3.15   0.000246462   9.26575e-05 
3.25   0.000187003   7.04358e-05 
3.35   0.000146112   5.49792e-05 
3.45   0.000107353   4.02304e-05 
3.55   8.15186e-05   3.06792e-05 
3.65   6.22143e-05   2.34376e-05 
3.75   4.91015e-05   1.8496e-05 
3.85   3.51207e-05   1.32413e-05 
3.95   2.8493e-05   1.07662e-05 
4.10   1.92406e-05   7.26346e-06 
4.30   1.16466e-05   4.40782e-06 
4.50   7.06361e-06   2.67328e-06 
4.70   4.75951e-06   1.81291e-06 
4.90   2.90038e-06   1.11228e-06 
5.20   1.76669e-06   6.74335e-07 
5.60   8.67546e-07   3.36499e-07 
6.00   3.67051e-07   1.4695e-07 
4.10   2.14931e-05   7.8262e-06 
4.30   1.33237e-05   4.86821e-06 
4.50   8.28403e-06   3.0216e-06 
4.70   5.37393e-06   1.95971e-06 
4.90   3.49137e-06   1.27495e-06 
5.20   1.92811e-06   7.03088e-07 
5.60   8.36782e-07   3.05528e-07 
6.00   3.58455e-07   1.31287e-07 
6.40   1.95384e-07   7.17757e-08 
6.80   1.01958e-07   3.77246e-08 
7.25   4.55157e-08   1.6936e-08 
7.75   2.10762e-08   7.96748e-09 
8.50   7.89722e-09   3.00445e-09 
9.50   1.35615e-09   5.66534e-10 
6.50   1.51608e-07   6.17874e-08 
7.50   5.40943e-08   1.97731e-08 
8.50   1.09453e-08   4.00777e-09 
9.50   2.75989e-09   1.00897e-09 
10.50   6.59217e-10   2.41295e-10 
11.50   1.55039e-10   5.73358e-11 
12.50   1.96246e-11   7.45027e-12 
13.50   -7.13289e-12   -2.94689e-12 
15.00   -8.33591e-12   -3.43742e-12 
3.72   2.98124e-05   7.95794e-06 
4.22   9.41977e-06   2.49405e-06 
4.72   3.0494e-06   8.59509e-07 
5.22   1.28299e-06   3.44314e-07 
5.72   5.58931e-07   1.48938e-07 
6.21   2.71607e-07   7.34345e-08 
6.71   1.20192e-07   3.1993e-08 
7.20   5.80086e-08   1.55908e-08 
7.70   2.68663e-08   6.86668e-09 
8.21   1.39988e-08   3.59152e-09 
8.71   7.71078e-09   1.97251e-09 
9.21   3.96379e-09   1.01768e-09 
9.70   2.08777e-09   5.4859e-10 
10.20   1.0428e-09   2.71127e-10 
10.70   4.81287e-10   1.28731e-10 
11.20   2.57762e-10   6.92678e-11 
11.70   1.15548e-10   3.18935e-11 
12.20   5.40976e-11   1.59011e-11 
12.70   1.15885e-11   3.95631e-12 
13.19   -7.2712e-12   -2.23713e-12 
13.68   -1.36086e-11   -4.75684e-12 
5.25   1.35987e-06   4.63813e-07 
5.74   6.28111e-07   2.02312e-07 
6.23   3.1196e-07   1.02716e-07 
6.72   1.44391e-07   4.78878e-08 
7.23   7.57231e-08   2.61412e-08 
7.72   3.80478e-08   1.27223e-08 
8.23   1.77448e-08   6.08041e-09 
8.72   9.15422e-09   3.20453e-09 
9.21   4.40421e-09   1.60762e-09 
9.72   1.82399e-09   7.45442e-10 
10.34   7.4894e-10   3.27419e-10 
11.48   2.00571e-10   1.11809e-10 
12.29   1.93185e-11   1.89529e-11 
13.13   -6.72381e-13   -1.8045e-12 
14.61   -1.00478e-11   -3.7994e-11 
15.69   -3.64472e-12   -4.30218e-11 
16.51   -1.04375e-12   -3.96636e-11 
2.46   0.00221   0.000593856 
2.56   0.00138   0.000375283 
2.66   0.00111   0.000305434 
2.75   0.000831   0.000230744 
2.85   0.000549   0.000143425 
2.96   0.000414   0.000108201 
3.05   0.000294   7.6968e-05 
3.14   0.000201   5.28688e-05 
3.24   0.000158   4.15159e-05 
3.34   0.000113   2.98024e-05 
3.44   8.84e-05   2.34014e-05 
3.53   6.52e-05   1.73511e-05 
3.63   4.98e-05   1.33139e-05 
3.73   3.58e-05   9.66431e-06 
3.82   3.24e-05   8.75921e-06 
3.92   2.3e-05   6.30558e-06 
4.04   1.68e-05   4.65182e-06 
4.11   1.3e-05   3.52483e-06 
4.20   1e-05   2.78568e-06 
4.31   7.9e-06   2.33e-06 
4.41   8.3e-06   2.42218e-06 
4.50   3.3e-06   1.10732e-06 
4.61   5.3e-06   1.59339e-06 
4.70   3e-06   9.84073e-07 
4.79   3e-06   9.84073e-07 
4.87   2.5e-06   8.20061e-07 
4.97   1.9e-06   7.02877e-07 
5.08   1.6e-06   5.7711e-07 
5.19   1.1e-06   4.14483e-07 
5.29   1.2e-06   5.07291e-07 
5.39   9.3e-07   3.9315e-07 
5.49   1e-06   3.96989e-07 
5.57   4e-07   2.25424e-07 
5.67   8.8e-07   3.69391e-07 
5.77   6.7e-07   3.12963e-07 
5.85   7.6e-07   3.34583e-07 
5.96   9.3e-07   3.77581e-07 
6.07   9.2e-08   9.50588e-08 
6.15   1.8e-07   1.38167e-07 
6.24   8.9e-08   9.1959e-08 
0.70   1.23   0.437435 
0.89   0.48   0.173297 
1.08   0.163   0.0608069 
1.28   0.0568   0.0223323 
1.48   0.0224   0.00954615 
1.69   0.00766993   0.00360571 
1.90   0.00367851   0.00192489 
2.13   0.00172245   0.000918943 
2.37   0.000857674   0.000457283 
2.61   0.00042603   0.000216738 
2.85   0.000222792   0.000107388 
3.09   0.000121584   5.64263e-05 
3.31   6.7133e-05   2.97511e-05 
3.52   3.88734e-05   1.67448e-05 
3.72   2.29677e-05   9.63544e-06 
3.92   1.31466e-05   5.32535e-06 
4.12   8.7787e-06   3.54398e-06 
4.31   5.51374e-06   2.19705e-06 
4.49   4.15105e-06   1.64127e-06 
4.68   2.79751e-06   1.09377e-06 
4.87   1.90093e-06   7.45833e-07 
5.04   1.48177e-06   5.82399e-07 
5.22   1.07513e-06   4.27522e-07 
5.41   9.30231e-07   3.69121e-07 
5.59   5.99424e-07   2.44393e-07 
5.78   5.38986e-07   2.23243e-07 
5.96   3.58431e-07   1.54021e-07 
6.22   2.52438e-07   1.15056e-07 
6.42   2.35828e-07   1.10836e-07 
2.89   0.00033984   0.000195799 
3.25   0.00028224   0.000162988 
3.44   0.00015912   9.43596e-05 
3.64   5.7024e-05   3.58085e-05 
3.92   4.9968e-05   3.13671e-05 
4.18   2.88e-05   1.81125e-05 
4.56   1.1664e-05   8.29339e-06 
3.35   5.49e-05   4.62002e-05 
3.45   6.235e-05   1.43252e-05 
3.55   4.155e-05   9.87065e-06 
3.65   2.77e-05   7.24155e-06 
3.75   2.655e-05   6.5858e-06 
3.85   2.185e-05   5.65725e-06 
3.95   1.47e-05   4.42316e-06 
4.05   1.455e-05   4.24734e-06 
4.15   9.92e-06   3.41761e-06 
4.25   7.755e-06   2.89644e-06 
4.35   4.12e-06   2.06475e-06 
4.45   3.18e-06   1.51031e-06 
4.55   3.3e-06   1.76777e-06 
4.65   3.255e-06   1.46169e-06 
4.80   2.08e-06   9.71315e-07 
5.00   1.635e-06   8.2779e-07 
5.20   1.41e-06   7.07107e-07 
5.30   6.14e-07   3.28098e-07 
5.40   1.81e-06   7.77817e-07 
5.75   2.35e-07   1.66878e-07 
7.00   5.33e-08   2.85671e-08 
8.00   5.95e-09   2.45e-09 
0.10   143   24.0416 
0.20   66.95   5.04664 
0.30   32.9   1.93802 
0.40   16.65   0.984995 
0.50   8.85   0.571212 
0.60   4.515   0.325869 
0.70   2.855   0.240571 
0.80   1.255   0.0857287 
0.90   1.043   0.15252 
1.00   0.445   0.0263753 
1.20   0.171   0.0112531 
1.40   0.0638   0.00556901 
1.50   0.04435   0.00674791 
1.60   0.0393   0.00427061 
1.70   0.02025   0.00152204 
2.00   0.007255   0.000517032 
2.40   0.00178   0.000197253 
  1.250E+00  1.856E-01  1.856E-02
  1.750E+00  1.330E-02  1.330E-03
  2.250E+00  1.632E-03  1.632E-04
  2.750E+00  3.000E-04  3.000E-05
  3.250E+00  7.182E-05  7.182E-06
  3.750E+00  2.095E-05  2.095E-06
  4.250E+00  6.947E-06  6.947E-07
  4.750E+00  2.584E-06  2.584E-07
  5.250E+00  1.042E-06  1.042E-07
  5.750E+00  4.498E-07  4.498E-08
  6.250E+00  2.045E-07  2.045E-08
  6.750E+00  9.683E-08  9.683E-09
  7.250E+00  4.770E-08  4.770E-09
  7.750E+00  2.413E-08  2.413E-09
  8.250E+00  1.250E-08  1.250E-09
  8.750E+00  6.633E-09  6.633E-10
  9.250E+00  3.557E-09  3.557E-10
  9.750E+00  1.944E-09  1.944E-10
  1.025E+01  1.075E-09  1.075E-10
  1.075E+01  6.014E-10  6.014E-11
  1.125E+01  3.377E-10  3.377E-11
  1.175E+01  1.910E-10  1.910E-11
  1.225E+01  1.085E-10  1.085E-11
  1.275E+01  6.189E-11  6.189E-12
  1.325E+01  3.538E-11  3.538E-12
  1.375E+01  2.024E-11  2.024E-12
  1.425E+01  1.156E-11  1.156E-12
  1.475E+01  6.620E-12  6.620E-13
  1.525E+01  3.763E-12  3.763E-13



// not considered:
3.78   3.29e-05   2.75019e-06 
4.18   1.23e-05   1.55353e-06 
4.66   4.27e-06   7.26409e-07 
5.10   1.52e-06   4.93934e-08 
5.30   1.066e-06   3.74135e-08 
5.50   7.055e-07   3.09439e-08 
5.70   4.605e-07   2.39857e-08 
5.90   3.26e-07   1.97026e-08 
6.10   2.43e-07   1.76083e-08 
6.30   1.58e-07   1.40536e-08 
6.50   1.245e-07   1.19994e-08 
6.70   7.915e-08   9.30763e-09 
6.90   5.485e-08   7.79609e-09 
7.10   4.505e-08   6.78674e-09 
7.38   2.925e-08   3.82786e-09 
7.78   1.585e-08   2.73002e-09 
8.44   6.34e-09   1.02814e-09 
9.45   1.64e-09   5.08555e-10 
10.46   3.26e-10   2.18038e-10 
11.46   1.639e-10   1.64084e-09 
12.46   3.11e-11   3.11e-11 

//=============================================================================
Sum of following files:

dumping CORRECTED graph pp_meson0_isr_62.4GeV_angelis89.txt
4.75   2.896e-06   8.79179e-07 
5.25   1.28e-06   3.98705e-07 
5.75   5.4e-07   1.71337e-07 
6.25   2.36e-07   7.27872e-08 
6.75   1.128e-07   3.6714e-08 
7.50   4.184e-08   1.3899e-08 
9.00   7.664e-09   6.20855e-09 
dumping CORRECTED graph pp_pi0_isr_63GeV_akesson89.txt
4.75   2.61e-06   6.8e-07 
5.25   9.45e-07   2.35e-07 
5.73   4e-07   9e-08 
6.23   2e-07   4.6e-08 
6.73   1.01e-07   2.3e-08 
7.23   5.5e-08   1.25e-08 
7.72   2.59e-08   5.9e-09 
8.23   1.37e-08   3.1e-09 
8.75   7.32e-09   1.98e-09 
9.38   3.02e-09   8.4e-10 
10.40   6.7e-10   2.64e-10 
dumping CORRECTED graph pp_pi0_isr_62.8GeV_kourkoumelis80.txt
3.05   0.000309115   0.000116289 
3.15   0.000246462   9.26575e-05 
3.25   0.000187003   7.04358e-05 
3.35   0.000146112   5.49792e-05 
3.45   0.000107353   4.02304e-05 
3.55   8.15186e-05   3.06792e-05 
3.65   6.22143e-05   2.34376e-05 
3.75   4.91015e-05   1.8496e-05 
3.85   3.51207e-05   1.32413e-05 
3.95   2.8493e-05   1.07662e-05 
4.10   1.92406e-05   7.26346e-06 
4.30   1.16466e-05   4.40782e-06 
4.50   7.06361e-06   2.67328e-06 
4.70   4.75951e-06   1.81291e-06 
4.90   2.90038e-06   1.11228e-06 
5.20   1.76669e-06   6.74335e-07 
5.60   8.67546e-07   3.36499e-07 
6.00   3.67051e-07   1.4695e-07 
4.10   2.14931e-05   7.8262e-06 
4.30   1.33237e-05   4.86821e-06 
4.50   8.28403e-06   3.0216e-06 
4.70   5.37393e-06   1.95971e-06 
4.90   3.49137e-06   1.27495e-06 
5.20   1.92811e-06   7.03088e-07 
5.60   8.36782e-07   3.05528e-07 
6.00   3.58455e-07   1.31287e-07 
6.40   1.95384e-07   7.17757e-08 
6.80   1.01958e-07   3.77246e-08 
7.25   4.55157e-08   1.6936e-08 
7.75   2.10762e-08   7.96748e-09 
8.50   7.89722e-09   3.00445e-09 
9.50   1.35615e-09   5.66534e-10 
6.50   1.51608e-07   6.17874e-08 
7.50   5.40943e-08   1.97731e-08 
8.50   1.09453e-08   4.00777e-09 
9.50   2.75989e-09   1.00897e-09 
10.50   6.59217e-10   2.41295e-10 
11.50   1.55039e-10   5.73358e-11 
12.50   1.96246e-11   7.45027e-12 
13.50   -7.13289e-12   -2.94689e-12 
15.00   -8.33591e-12   -3.43742e-12 
dumping CORRECTED graph pp_pi0_isr_62.4GeV_angelis78.txt
3.72   2.98124e-05   7.95794e-06 
4.22   9.41977e-06   2.49405e-06 
4.72   3.0494e-06   8.59509e-07 
5.22   1.28299e-06   3.44314e-07 
5.72   5.58931e-07   1.48938e-07 
6.21   2.71607e-07   7.34345e-08 
6.71   1.20192e-07   3.1993e-08 
7.20   5.80086e-08   1.55908e-08 
7.70   2.68663e-08   6.86668e-09 
8.21   1.39988e-08   3.59152e-09 
8.71   7.71078e-09   1.97251e-09 
9.21   3.96379e-09   1.01768e-09 
9.70   2.08777e-09   5.4859e-10 
10.20   1.0428e-09   2.71127e-10 
10.70   4.81287e-10   1.28731e-10 
11.20   2.57762e-10   6.92678e-11 
11.70   1.15548e-10   3.18935e-11 
12.20   5.40976e-11   1.59011e-11 
12.70   1.15885e-11   3.95631e-12 
13.19   -7.2712e-12   -2.23713e-12 
13.68   -1.36086e-11   -4.75684e-12 
dumping CORRECTED graph pp_pi0_isr_63GeV_clark78.txt
5.25   1.35987e-06   4.63813e-07 
5.74   6.28111e-07   2.02312e-07 
6.23   3.1196e-07   1.02716e-07 
6.72   1.44391e-07   4.78878e-08 
7.23   7.57231e-08   2.61412e-08 
7.72   3.80478e-08   1.27223e-08 
8.23   1.77448e-08   6.08041e-09 
8.72   9.15422e-09   3.20453e-09 
9.21   4.40421e-09   1.60762e-09 
9.72   1.82399e-09   7.45442e-10 
10.34   7.4894e-10   3.27419e-10 
11.48   2.00571e-10   1.11809e-10 
12.29   1.93185e-11   1.89529e-11 
13.13   -6.72381e-13   -1.8045e-12 
14.61   -1.00478e-11   -3.7994e-11 
15.69   -3.64472e-12   -4.30218e-11 
16.51   -1.04375e-12   -3.96636e-11 
dumping CORRECTED graph pp_pi0_isr_62.4GeV_busser76.txt
2.46   0.00221   0.000593856 
2.56   0.00138   0.000375283 
2.66   0.00111   0.000305434 
2.75   0.000831   0.000230744 
2.85   0.000549   0.000143425 
2.96   0.000414   0.000108201 
3.05   0.000294   7.6968e-05 
3.14   0.000201   5.28688e-05 
3.24   0.000158   4.15159e-05 
3.34   0.000113   2.98024e-05 
3.44   8.84e-05   2.34014e-05 
3.53   6.52e-05   1.73511e-05 
3.63   4.98e-05   1.33139e-05 
3.73   3.58e-05   9.66431e-06 
3.82   3.24e-05   8.75921e-06 
3.92   2.3e-05   6.30558e-06 
4.04   1.68e-05   4.65182e-06 
4.11   1.3e-05   3.52483e-06 
4.20   1e-05   2.78568e-06 
4.31   7.9e-06   2.33e-06 
4.41   8.3e-06   2.42218e-06 
4.50   3.3e-06   1.10732e-06 
4.61   5.3e-06   1.59339e-06 
4.70   3e-06   9.84073e-07 
4.79   3e-06   9.84073e-07 
4.87   2.5e-06   8.20061e-07 
4.97   1.9e-06   7.02877e-07 
5.08   1.6e-06   5.7711e-07 
5.19   1.1e-06   4.14483e-07 
5.29   1.2e-06   5.07291e-07 
5.39   9.3e-07   3.9315e-07 
5.49   1e-06   3.96989e-07 
5.57   4e-07   2.25424e-07 
5.67   8.8e-07   3.69391e-07 
5.77   6.7e-07   3.12963e-07 
5.85   7.6e-07   3.34583e-07 
5.96   9.3e-07   3.77581e-07 
6.07   9.2e-08   9.50588e-08 
6.15   1.8e-07   1.38167e-07 
6.24   8.9e-08   9.1959e-08 
dumping CORRECTED graph pp_pi0_isr_62.9GeV_eggert75.txt
0.70   1.23   0.437435 
0.89   0.48   0.173297 
1.08   0.163   0.0608069 
1.28   0.0568   0.0223323 
1.48   0.0224   0.00954615 
1.69   0.00766993   0.00360571 
1.90   0.00367851   0.00192489 
2.13   0.00172245   0.000918943 
2.37   0.000857674   0.000457283 
2.61   0.00042603   0.000216738 
2.85   0.000222792   0.000107388 
3.09   0.000121584   5.64263e-05 
3.31   6.7133e-05   2.97511e-05 
3.52   3.88734e-05   1.67448e-05 
3.72   2.29677e-05   9.63544e-06 
3.92   1.31466e-05   5.32535e-06 
4.12   8.7787e-06   3.54398e-06 
4.31   5.51374e-06   2.19705e-06 
4.49   4.15105e-06   1.64127e-06 
4.68   2.79751e-06   1.09377e-06 
4.87   1.90093e-06   7.45833e-07 
5.04   1.48177e-06   5.82399e-07 
5.22   1.07513e-06   4.27522e-07 
5.41   9.30231e-07   3.69121e-07 
5.59   5.99424e-07   2.44393e-07 
5.78   5.38986e-07   2.23243e-07 
5.96   3.58431e-07   1.54021e-07 
6.22   2.52438e-07   1.15056e-07 
6.42   2.35828e-07   1.10836e-07 
dumping CORRECTED graph pp_pi0_isr_62.4GeV_busser73.txt
2.89   0.00033984   0.000195799 
3.25   0.00028224   0.000162988 
3.44   0.00015912   9.43596e-05 
3.64   5.7024e-05   3.58085e-05 
3.92   4.9968e-05   3.13671e-05 
4.18   2.88e-05   1.81125e-05 
4.56   1.1664e-05   8.29339e-06 
dumping CORRECTED graph pp_pichg_isr_63GeV_50deg_drijard82.txt
3.78   3.29e-05   2.75019e-06 
4.18   1.23e-05   1.55353e-06 
4.66   4.27e-06   7.26409e-07 
5.10   1.52e-06   4.93934e-08 
5.30   1.066e-06   3.74135e-08 
5.50   7.055e-07   3.09439e-08 
5.70   4.605e-07   2.39857e-08 
5.90   3.26e-07   1.97026e-08 
6.10   2.43e-07   1.76083e-08 
6.30   1.58e-07   1.40536e-08 
6.50   1.245e-07   1.19994e-08 
6.70   7.915e-08   9.30763e-09 
6.90   5.485e-08   7.79609e-09 
7.10   4.505e-08   6.78674e-09 
7.38   2.925e-08   3.82786e-09 
7.78   1.585e-08   2.73002e-09 
8.44   6.34e-09   1.02814e-09 
9.45   1.64e-09   5.08555e-10 
10.46   3.26e-10   2.18038e-10 
11.46   1.639e-10   1.64084e-09 
12.46   3.11e-11   3.11e-11 
dumping CORRECTED graph pp_pichg_isr_62.4GeV_busser76.txt
3.35   5.49e-05   4.62002e-05 
3.45   6.235e-05   1.43252e-05 
3.55   4.155e-05   9.87065e-06 
3.65   2.77e-05   7.24155e-06 
3.75   2.655e-05   6.5858e-06 
3.85   2.185e-05   5.65725e-06 
3.95   1.47e-05   4.42316e-06 
4.05   1.455e-05   4.24734e-06 
4.15   9.92e-06   3.41761e-06 
4.25   7.755e-06   2.89644e-06 
4.35   4.12e-06   2.06475e-06 
4.45   3.18e-06   1.51031e-06 
4.55   3.3e-06   1.76777e-06 
4.65   3.255e-06   1.46169e-06 
4.80   2.08e-06   9.71315e-07 
5.00   1.635e-06   8.2779e-07 
5.20   1.41e-06   7.07107e-07 
5.30   6.14e-07   3.28098e-07 
5.40   1.81e-06   7.77817e-07 
5.75   2.35e-07   1.66878e-07 
7.00   5.33e-08   2.85671e-08 
8.00   5.95e-09   2.45e-09 
dumping CORRECTED graph pp_pichg_isr_63GeV_alper75.txt
0.10   143   24.0416 
0.20   66.95   5.04664 
0.30   32.9   1.93802 
0.40   16.65   0.984995 
0.50   8.85   0.571212 
0.60   4.515   0.325869 
0.70   2.855   0.240571 
0.80   1.255   0.0857287 
0.90   1.043   0.15252 
1.00   0.445   0.0263753 
1.20   0.171   0.0112531 
1.40   0.0638   0.00556901 
1.50   0.04435   0.00674791 
1.60   0.0393   0.00427061 
1.70   0.02025   0.00152204 
2.00   0.007255   0.000517032 
2.40   0.00178   0.000197253 


