 3.0  3.1  3.19E-31  0.44E-31  
 3.1  3.2  2.55E-31  0.35E-31  
 3.2  3.3  1.94E-31  0.27E-31  
 3.3  3.4  1.52E-31  0.21E-31
 3.4  3.5  1.12E-31  0.15E-31  
 3.5  3.6  8.53E-32  1.18E-32  
 3.6  3.7  6.53E-32  0.91E-32  
 3.7  3.8  5.17E-32  0.72E-32  
 3.8  3.9  3.71E-32  0.52E-32  
 3.9  4.0  3.02E-32  0.43E-32  
 4.0  4.2  2.05E-32  0.29E-32  
 4.2  4.4  1.25E-32  0.18E-32
 4.4  4.6  7.64E-33  1.10E-33  
 4.6  4.8  5.19E-33  0.78E-33  
 4.8  5.0  3.19E-33  0.50E-33  
 5.0  5.4  1.97E-33  0.30E-33  
 5.4  5.8  9.87E-34  1.65E-34  
 5.8  6.2  4.27E-34  0.83E-34
4.0  4.2  2.29E-32  0.23E-32  
4.2  4.4  1.43E-32  0.15E-32  
4.4  4.6  8.96E-33  0.92E-33  
4.6  4.8  5.86E-33  0.60E-33  
4.8  5.0  3.84E-33  0.40E-33  
5.0  5.4  2.15E-33  0.22E-33  
5.4  5.8  9.52E-34  0.99E-34  
5.8  6.2  4.17E-34  0.45E-34  
6.2  6.6  2.33E-34  0.26E-34  
6.6  7.0  1.25E-34  0.15E-34  
7.0  7.5  5.78E-35  0.73E-35  
7.5  8.0  2.80E-35  0.40E-35  
8.0  9.0  1.14E-35  0.17E-35  
9.0  10.  2.28E-36  0.52E-36
 6.0   7.0  1.82E-34  0.38E-34  
 7.0   8.0  7.02E-35  0.74E-35  
 8.0   9.0  1.58E-35  0.17E-35  
 9.0  10.0  4.64E-36  0.49E-36
10.0  11.0  1.40E-36  0.15E-36  
11.0  12.0  4.94E-37  0.59E-37  
12.0  13.0  1.70E-37  0.25E-37  
13.0  14.0  5.33E-38  1.17E-38  
14.0  16.0  1.33E-38  0.29E-38

