0.23   38.495   3.93098 
0.28   32.25   2.8731 
0.33   25.08   2.21681 
0.38   19.085   1.65491 
0.42   14.435   1.2732 
0.47   10.76   1.06062 
0.53   7.825   0.770203 
0.57   5.90   0.6798 
0.62   4.73   0.587693 
0.68   3.42   0.468814 
0.72   2.59   0.37146 
0.78   1.99   0.332195 
0.82   1.501   0.246379 
0.88   1.124   0.238317 
0.93   0.786   0.162255 
0.97   0.787   0.177898 
1.05   0.531   0.0994391 
1.15   0.3395   0.0708091 
1.25   0.2355   0.0584262 
1.35   0.1145   0.0466159 
1.45   0.082   0.0351891 


average of:
analyzer/data/isr_tables/pp_pi-_isr_62GeV_banner77.txt
analyzer/data/isr_tables/pp_pi+_isr_62GeV_banner77.txt
