3.35   5.490e-05   4.62002e-05
3.45   6.235e-05   1.43252e-05
3.55   4.155e-05   9.87065e-06
3.65   2.770e-05   7.24155e-06
3.75   2.655e-05   6.5858e-06
3.85   2.185e-05   5.65725e-06
3.95   1.470e-05   4.42316e-06
4.05   1.455e-05   4.24734e-06
4.15   9.920e-06   3.41761e-06
4.25   7.755e-06   2.89644e-06
4.35   4.120e-06   2.06475e-06
4.45   3.180e-06   1.51031e-06
4.55   3.300e-06   1.76777e-06
4.65   3.255e-06   1.46169e-06
4.80   2.080e-06   9.71315e-07
5.00   1.635e-06   8.2779e-07
5.20   1.410e-06   7.07107e-07
5.30   6.140e-07   3.28098e-07
5.40   1.810e-06   7.77817e-07
5.75   2.350e-07   1.66878e-07
7.00   5.330e-08   2.85671e-08
8.00   1.19E-08    0.49E-08



average of:
pp_pi+_isr_62.4GeV_busser76.txt
pp_pi-_isr_62.4GeV_busser76.txt