2.46 1.75E-30 0.10E-30 
2.56 1.22E-30 0.08E-30 
2.66 7.79E-31 0.61E-31 
2.75 6.17E-31 0.52E-31 
2.85 4.54E-31 0.11E-31 
2.96 3.28E-31 0.09E-31 
3.05 2.39E-31 0.07E-31 
3.14 1.79E-31 0.06E-31 
3.24 1.19E-31 0.05E-31 
3.34 9.24E-32 0.39E-32 
3.44 7.03E-32 0.34E-32 
3.53 5.01E-32 0.28E-32 
3.63 4.18E-32 0.13E-32 
3.73 3.11E-32 0.10E-32 
3.82 2.28E-32 0.09E-32 
3.92 1.82E-32 0.08E-32 
4.04 1.46E-32 0.07E-32 
4.11 1.15E-32 0.06E-32 
4.20 7.34E-33 0.44E-33 
4.31 6.72E-33 0.41E-33 
4.41 4.95E-33 0.34E-33 
4.50 3.85E-33 0.30E-33 
4.61 2.99E-33 0.26E-33 
4.70 2.57E-33 0.23E-33 
4.79 1.90E-33 0.20E-33 
4.87 1.70E-33 0.20E-33 
4.97 1.40E-33 0.20E-33 
5.08 1.10E-33 0.10E-33 
5.19 1.00E-33 0.10E-33 
5.29 7.90E-34 1.20E-34 
5.39 8.10E-34 1.20E-34 
5.49 5.90E-34 1.00E-34 
5.57 4.80E-34 0.90E-34 
5.67 2.60E-34 0.70E-34 
5.77 3.40E-34 0.70E-34 
5.85 3.50E-34 0.70E-34 
5.96 1.60E-34 0.50E-34 
6.07 1.50E-34 0.50E-34 
6.15 2.00E-34 0.50E-34 
6.24 8.90E-35 3.60E-35 
6.34 1.90E-34 0.50E-34 
6.45 7.20E-35 3.20E-35 
6.54 1.00E-34 0.40E-34 
6.63 7.00E-35 3.10E-35 
6.74 2.80E-35 2.00E-35 
6.83 5.40E-35 2.70E-35 
6.93 1.30E-35 1.30E-35 
7.01 1.30E-35 1.30E-35 
7.11 1.30E-35 1.30E-35 
7.21 2.60E-35 1.80E-35 
7.31 1.30E-35 1.30E-35 
7.41 1.30E-35 1.30E-35


BUSSER 76 NP B106, 1 
P P --> PI0 X W IN GEV 52.7 
THETA(P=3,P=1,RF=CM) IN DEG 90.0 
x = PT(P=3) IN GEV 
y = E*D3(SIG)/D3(P(P=3)) IN CM**2/GEV**2/SR

