1.05 2.89E-28 0.14E-28 
1.15 2.06E-28 0.90E-28 
1.25 1.31E-28 0.06E-28 
1.35 8.27E-29 0.33E-29 
1.45 5.46E-29 0.21E-29 
1.55 3.61E-29 0.14E-29 
1.65 2.35E-29 0.09E-29 
1.75 1.48E-29 0.06E-29 
1.85 1.02E-29 0.04E-29 
1.95 7.24E-30 0.23E-30 
2.05 5.04E-30 0.17E-30 
2.15 3.43E-30 0.12E-30 
2.25 1.30E-30 0.08E-30 
2.35 1.70E-30 0.06E-30 
2.45 1.26E-30 0.05E-30 
2.55 9.41E-31 0.32E-31 
2.65 6.81E-31 0.24E-31 
2.75 5.10E-31 0.19E-31 
2.85 3.76E-31 0.14E-31 
2.95 2.85E-31 0.10E-31 
3.05 2.25E-31 0.08E-31 
3.15 1.64E-31 0.06E-31 
3.25 1.30E-31 0.05E-31 
3.35 9.86E-32 0.40E-32 
3.45 8.01E-32 0.34E-32 
3.55 6.44E-32 0.30E-32 
3.65 4.96E-32 0.24E-32 
3.75 4.00E-32 0.23E-32 
3.85 3.12E-32 0.19E-32 
3.95 2.68E-32 0.20E-32 
4.05 1.96E-32 0.18E-32 
4.15 1.63E-32 0.19E-32 
4.25 1.23E-32 0.16E-32 



LLOYDOWEN 80 PRL 45,89 
P P --> PI0 X 
W IN GEV 52.8 
THETA(P=3,P=1,RF=CM) IN DEG 90.0 
x = PT(P=3,RF=CM) IN GEV 
y = E(P=3,RF=CM)*D3(SIG)/D3(P(P=3,RF=CM)) IN CM**2/GEV**2 
x y +- dy 
