2.46 2.21E-30 0.15E-30 
2.56 1.38E-30 0.11E-30 
2.66 1.11E-30 0.10E-30 
2.75 8.31E-31 0.81E-31 
2.85 5.49E-31 0.14E-31 
2.96 4.14E-31 0.11E-31 
3.05 2.94E-31 0.09E-31 
3.14 2.01E-31 0.08E-31 
3.24 1.58E-31 0.06E-31 
3.34 1.13E-31 0.05E-31 
3.44 8.84E-32 0.44E-32 
3.53 6.52E-32 0.37E-32 
3.63 4.98E-32 0.31E-32 
3.73 3.58E-32 0.26E-32 
3.82 3.24E-32 0.24E-32 
3.92 2.30E-32 0.20E-32 
4.04 1.68E-32 0.16E-32 
4.11 1.30E-32 0.10E-32 
4.20 1.00E-32 0.10E-32 
4.31 7.90E-33 1.10E-33 
4.41 8.30E-33 1.10E-33 
4.50 3.30E-33 0.70E-33 
4.61 5.30E-33 0.80E-33 
4.70 3.00E-33 0.60E-33 
4.79 3.00E-33 0.60E-33 
4.87 2.50E-33 0.50E-33 
4.97 1.90E-33 0.50E-33 
5.08 1.60E-33 0.40E-33 
5.19 1.10E-33 0.30E-33 
5.29 1.20E-33 0.40E-33 
5.39 9.30E-34 3.10E-34 
5.49 1.00E-33 0.30E-33 
5.57 4.00E-34 2.00E-34 
5.67 8.80E-34 2.90E-34 
5.77 6.70E-34 2.60E-34 
5.85 7.60E-34 2.70E-34 
5.96 9.30E-34 2.90E-34 
6.07 9.20E-35 9.20E-35 
6.15 1.80E-34 1.30E-34 
6.24 8.90E-35 8.90E-35


BUSSER 76 NP B106, 1 
P P --> PI0 X 
W IN GEV 62.4 
THETA(P=3,P=1,RF=CM) IN DEG 90.0 
x = PT(P=3) IN GEV 
y = E*D3(SIG)/D3(P(P=3)) IN CM**2/GEV**2/SR
x y +- dy 
