2.46 8.25E-31 0.70E-31 
2.56 5.30E-31 0.50E-31 
2.66 4.10E-31 0.50E-31 
2.75 2.70E-31 0.40E-31 
2.85 1.71E-31 0.07E-31 
2.96 1.27E-31 0.06E-31 
3.05 7.45E-32 0.41E-32 
3.14 5.47E-32 0.34E-32 
3.24 4.31E-32 0.29E-32 
3.34 2.79E-32 0.22E-32 
3.44 2.06E-32 0.18E-32 
3.53 1.40E-32 0.20E-32 
3.63 1.10E-32 0.10E-32 
3.73 6.80E-33 1.00E-33 
3.82 6.60E-33 0.90E-33 
3.92 4.10E-33 0.70E-33 
4.04 3.10E-33 0.60E-33 
4.11 2.10E-33 0.50E-33 
4.20 8.80E-34 3.10E-34 
4.31 1.40E-33 0.40E-33 
4.41 1.40E-33 0.40E-33 
4.50 7.90E-34 2.80E-34 
4.61 3.80E-34 1.90E-34 
4.70 4.60E-34 2.10E-34 
4.79 4.50E-34 2.00E-34 
4.87 8.70E-35 8.70E-35 
4.97 4.20E-34 1.90E-34 


BUSSER 76 NP B106, 1 
P P --> PI0 X 
W IN GEV 30.6 
THETA(P=3,P=1,RF=CM) IN DEG 90.0 
x = PT(P=3) IN GEV 
y = E*D3(SIG)/D3(P(P=3)) IN CM**2/GEV**2/SR 
x y +- dy 
