3.78   3.290e-05   2.75019e-06
4.18   1.230e-05   1.55353e-06
4.66   4.270e-06   7.26409e-07
5.10   1.520e-06   4.93934e-08
5.30   1.066e-06   3.74135e-08
5.50   7.055e-07   3.09439e-08
5.70   4.605e-07   2.39857e-08
5.90   3.260e-07   1.97026e-08
6.10   2.430e-07   1.76083e-08
6.30   1.580e-07   1.40536e-08
6.50   1.245e-07   1.19994e-08
6.70   7.915e-08   9.30763e-09
6.90   5.485e-08   7.79609e-09
7.10   4.505e-08   6.78674e-09
7.38   2.925e-08   3.82786e-09
7.78   1.585e-08   2.73002e-09
8.44   6.340e-09   1.02814e-09
9.45   1.640e-09   5.08555e-10
10.46  3.260e-10   2.18038e-10
11.46  1.639e-10   1.64084e-09
12.46  6.22e-11   6.22e-11


average of:
pp_pi-_isr_63GeV_50deg_drijard82.txt
pp_pi+_isr_63GeV_50deg_drijard82.txt