4.75   2.896e-06   8.79179e-07 
5.25   1.28e-06   3.98705e-07 
5.75   5.4e-07   1.71337e-07 
6.25   2.36e-07   7.27872e-08 
6.75   1.128e-07   3.6714e-08 
7.50   4.184e-08   1.3899e-08 
9.00   7.664e-09   6.20855e-09 
4.75   2.61e-06   6.8e-07 
5.25   9.45e-07   2.35e-07 
5.73   4e-07   9e-08 
6.23   2e-07   4.6e-08 
6.73   1.01e-07   2.3e-08 
7.23   5.5e-08   1.25e-08 
7.72   2.59e-08   5.9e-09 
8.23   1.37e-08   3.1e-09 
8.75   7.32e-09   1.98e-09 
9.38   3.02e-09   8.4e-10 
10.40   6.7e-10   2.64e-10 
3.05   0.000311806   0.000117301 
3.15   0.000248708   9.35019e-05 
3.25   0.000188782   7.11059e-05 
3.35   0.000147559   5.55236e-05 
3.45   0.000108456   4.06439e-05 
3.55   8.23861e-05   3.10057e-05 
3.65   6.28982e-05   2.36952e-05 
3.75   4.96579e-05   1.87056e-05 
3.85   3.553e-05   1.33956e-05 
3.95   2.88338e-05   1.0895e-05 
4.10   1.94791e-05   7.3535e-06 
4.30   1.17971e-05   4.46479e-06 
4.50   7.15819e-06   2.70907e-06 
4.70   4.82519e-06   1.83793e-06 
4.90   2.94145e-06   1.12803e-06 
5.20   1.7925e-06   6.84188e-07 
5.60   8.80664e-07   3.41587e-07 
6.00   3.72787e-07   1.49247e-07 
4.10   2.17596e-05   7.92322e-06 
4.30   1.34959e-05   4.93113e-06 
4.50   8.39495e-06   3.06206e-06 
4.70   5.44809e-06   1.98675e-06 
4.90   3.5408e-06   1.293e-06 
5.20   1.95628e-06   7.13362e-07 
5.60   8.49435e-07   3.10148e-07 
6.00   3.64056e-07   1.33339e-07 
6.40   1.98567e-07   7.29453e-08 
6.80   1.03727e-07   3.83789e-08 
7.25   4.63963e-08   1.72636e-08 
7.75   2.15662e-08   8.15273e-09 
8.50   8.172e-09   3.10899e-09 
9.50   1.45229e-09   6.06696e-10 
6.50   1.54112e-07   6.28076e-08 
7.50   5.52316e-08   2.01888e-08 
8.50   1.13261e-08   4.14722e-09 
9.50   2.95554e-09   1.0805e-09 
10.50   7.66023e-10   2.80389e-10 
11.50   2.2102e-10   8.17368e-11 
12.50   5.74123e-11   2.1796e-11 
13.50   1.16242e-11   4.80244e-12 
15.00   2.6615e-13   1.09751e-13 
3.72   3.01472e-05   8.04732e-06 
4.22   9.53959e-06   2.52578e-06 
4.72   3.09159e-06   8.71402e-07 
5.22   1.30177e-06   3.49355e-07 
5.72   5.67464e-07   1.51212e-07 
6.21   2.75938e-07   7.46054e-08 
6.71   1.22243e-07   3.25389e-08 
7.20   5.91147e-08   1.5888e-08 
7.70   2.74777e-08   7.02293e-09 
8.21   1.44086e-08   3.69667e-09 
8.71   8.01822e-09   2.05116e-09 
9.21   4.18908e-09   1.07553e-09 
9.70   2.26104e-09   5.94118e-10 
10.20   1.1733e-09   3.05055e-10 
10.70   5.74468e-10   1.53655e-10 
11.20   3.37926e-10   9.08099e-11 
11.70   1.77327e-10   4.89457e-11 
12.20   1.11798e-10   3.28612e-11 
12.70   5.20959e-11   1.77855e-11 
13.19   3.68983e-11   1.13525e-11 
13.68   1.43889e-11   5.02961e-12 
5.25   1.37983e-06   4.70622e-07 
5.74   6.37715e-07   2.05405e-07 
6.23   3.16944e-07   1.04358e-07 
6.72   1.46858e-07   4.87063e-08 
7.23   7.71794e-08   2.6644e-08 
7.72   3.8921e-08   1.30143e-08 
8.23   1.82702e-08   6.26044e-09 
8.72   9.52167e-09   3.33315e-09 
9.21   4.65454e-09   1.69899e-09 
9.72   1.97781e-09   8.08303e-10 
10.34   8.54539e-10   3.73584e-10 
11.48   2.84085e-10   1.58364e-10 
12.29   4.33894e-11   4.25683e-11 
13.13   5.05942e-12   1.35782e-11 
14.61   1.5322e-12   5.79375e-12 
15.69   -3.14459e-13   -3.71183e-12 
16.51   -1.61581e-13   -6.14026e-12 
2.46   0.00221   0.000593856 
2.56   0.00138   0.000375283 
2.66   0.00111   0.000305434 
2.75   0.000831   0.000230744 
2.85   0.000549   0.000143425 
2.96   0.000414   0.000108201 
3.05   0.000294   7.6968e-05 
3.14   0.000201   5.28688e-05 
3.24   0.000158   4.15159e-05 
3.34   0.000113   2.98024e-05 
3.44   8.84e-05   2.34014e-05 
3.53   6.52e-05   1.73511e-05 
3.63   4.98e-05   1.33139e-05 
3.73   3.58e-05   9.66431e-06 
3.82   3.24e-05   8.75921e-06 
3.92   2.3e-05   6.30558e-06 
4.04   1.68e-05   4.65182e-06 
4.11   1.3e-05   3.52483e-06 
4.20   1e-05   2.78568e-06 
4.31   7.9e-06   2.33e-06 
4.41   8.3e-06   2.42218e-06 
4.50   3.3e-06   1.10732e-06 
4.61   5.3e-06   1.59339e-06 
4.70   3e-06   9.84073e-07 
4.79   3e-06   9.84073e-07 
4.87   2.5e-06   8.20061e-07 
4.97   1.9e-06   7.02877e-07 
5.08   1.6e-06   5.7711e-07 
5.19   1.1e-06   4.14483e-07 
5.29   1.2e-06   5.07291e-07 
5.39   9.3e-07   3.9315e-07 
5.49   1e-06   3.96989e-07 
5.57   4e-07   2.25424e-07 
5.67   8.8e-07   3.69391e-07 
5.77   6.7e-07   3.12963e-07 
5.85   7.6e-07   3.34583e-07 
5.96   9.3e-07   3.77581e-07 
6.07   9.2e-08   9.50588e-08 
6.15   1.8e-07   1.38167e-07 
6.24   8.9e-08   9.1959e-08 
0.70   1.23   0.437435 
0.89   0.48   0.173297 
1.08   0.163   0.0608069 
1.28   0.0568   0.0223323 
1.48   0.0224   0.00954615 
1.69   0.00769262   0.00361638 
1.90   0.0036924   0.00193216 
2.13   0.0017306   0.000923293 
2.37   0.000862625   0.000459923 
2.61   0.000428937   0.000218217 
2.85   0.000224543   0.000108233 
3.09   0.000122662   5.69268e-05 
3.31   6.77873e-05   3.00411e-05 
3.52   3.92829e-05   1.69212e-05 
3.72   2.32256e-05   9.74365e-06 
3.92   1.33026e-05   5.38856e-06 
4.12   8.88801e-06   3.58811e-06 
4.31   5.58513e-06   2.2255e-06 
4.49   4.20655e-06   1.66321e-06 
4.68   2.83601e-06   1.10882e-06 
4.87   1.92775e-06   7.56355e-07 
5.04   1.50307e-06   5.90774e-07 
5.22   1.09087e-06   4.33781e-07 
5.41   9.44079e-07   3.74616e-07 
5.59   6.08481e-07   2.48085e-07 
5.78   5.47254e-07   2.26667e-07 
5.96   3.64013e-07   1.56419e-07 
6.22   2.56467e-07   1.16892e-07 
6.42   2.3968e-07   1.12647e-07 
2.89   0.00033984   0.000195799 
3.25   0.00028224   0.000162988 
3.44   0.00015912   9.43596e-05 
3.64   5.7024e-05   3.58085e-05 
3.92   4.9968e-05   3.13671e-05 
4.18   2.88e-05   1.81125e-05 
4.56   1.1664e-05   8.29339e-06 
3.35   5.49e-05   4.62002e-05 
3.45   6.235e-05   1.43252e-05 
3.55   4.155e-05   9.87065e-06 
3.65   2.77e-05   7.24155e-06 
3.75   2.655e-05   6.5858e-06 
3.85   2.185e-05   5.65725e-06 
3.95   1.47e-05   4.42316e-06 
4.05   1.455e-05   4.24734e-06 
4.15   9.92e-06   3.41761e-06 
4.25   7.755e-06   2.89644e-06 
4.35   4.12e-06   2.06475e-06 
4.45   3.18e-06   1.51031e-06 
4.55   3.3e-06   1.76777e-06 
4.65   3.255e-06   1.46169e-06 
4.80   2.08e-06   9.71315e-07 
5.00   1.635e-06   8.2779e-07 
5.20   1.41e-06   7.07107e-07 
5.30   6.14e-07   3.28098e-07 
5.40   1.81e-06   7.77817e-07 
5.75   2.35e-07   1.66878e-07 
7.00   5.33e-08   2.85671e-08 
8.00   5.95e-09   2.45e-09 
0.10   143   24.0416 
0.20   66.95   5.04664 
0.30   32.9   1.93802 
0.40   16.65   0.984995 
0.50   8.85   0.571212 
0.60   4.515   0.325869 
0.70   2.855   0.240571 
0.80   1.255   0.0857287 
0.90   1.043   0.15252 
1.00   0.445   0.0263753 
1.20   0.171   0.0112531 
1.40   0.0638   0.00556901 
1.50   0.04435   0.00674791 
1.60   0.0393   0.00427061 
1.70   0.02025   0.00152204 
2.00   0.007255   0.000517032 
2.40   0.00178   0.000197253 
  3.250E+00  7.182E-05  7.182E-06
  3.750E+00  2.095E-05  2.095E-06
  4.250E+00  6.947E-06  6.947E-07
  4.750E+00  2.584E-06  2.584E-07
  5.250E+00  1.042E-06  1.042E-07
  5.750E+00  4.498E-07  4.498E-08
  6.250E+00  2.045E-07  2.045E-08
  6.750E+00  9.683E-08  9.683E-09
  7.250E+00  4.770E-08  4.770E-09
  7.750E+00  2.413E-08  2.413E-09
  8.250E+00  1.250E-08  1.250E-09
  8.750E+00  6.633E-09  6.633E-10
  9.250E+00  3.557E-09  3.557E-10
  9.750E+00  1.944E-09  1.944E-10
  1.025E+01  1.075E-09  1.075E-10
  1.075E+01  6.014E-10  6.014E-11
  1.125E+01  3.377E-10  3.377E-11
  1.175E+01  1.910E-10  1.910E-11
  1.225E+01  1.085E-10  1.085E-11
  1.275E+01  6.189E-11  6.189E-12
  1.325E+01  3.538E-11  3.538E-12
  1.375E+01  2.024E-11  2.024E-12
  1.425E+01  1.156E-11  1.156E-12
  1.475E+01  6.620E-12  6.620E-13
  1.525E+01  3.763E-12  3.763E-13



// not considered:
dumping CORRECTED graph pp_pichg_isr_63GeV_50deg_drijard82.txt
3.78   3.29e-05   2.75019e-06 
4.18   1.23e-05   1.55353e-06 
4.66   4.27e-06   7.26409e-07 
5.10   1.52e-06   4.93934e-08 
5.30   1.066e-06   3.74135e-08 
5.50   7.055e-07   3.09439e-08 
5.70   4.605e-07   2.39857e-08 
5.90   3.26e-07   1.97026e-08 
6.10   2.43e-07   1.76083e-08 
6.30   1.58e-07   1.40536e-08 
6.50   1.245e-07   1.19994e-08 
6.70   7.915e-08   9.30763e-09 
6.90   5.485e-08   7.79609e-09 
7.10   4.505e-08   6.78674e-09 
7.38   2.925e-08   3.82786e-09 
7.78   1.585e-08   2.73002e-09 
8.44   6.34e-09   1.02814e-09 
9.45   1.64e-09   5.08555e-10 
10.46   3.26e-10   2.18038e-10 
11.46   1.639e-10   1.64084e-09 
12.46   3.11e-11   3.11e-11 

//=============================================================================
Sum of following files:

dumping CORRECTED graph pp_meson0_isr_62.4GeV_angelis89.txt
4.75   2.896e-06   8.79179e-07 
5.25   1.28e-06   3.98705e-07 
5.75   5.4e-07   1.71337e-07 
6.25   2.36e-07   7.27872e-08 
6.75   1.128e-07   3.6714e-08 
7.50   4.184e-08   1.3899e-08 
9.00   7.664e-09   6.20855e-09 
dumping CORRECTED graph pp_pi0_isr_63GeV_akesson89.txt
4.75   2.61e-06   6.8e-07 
5.25   9.45e-07   2.35e-07 
5.73   4e-07   9e-08 
6.23   2e-07   4.6e-08 
6.73   1.01e-07   2.3e-08 
7.23   5.5e-08   1.25e-08 
7.72   2.59e-08   5.9e-09 
8.23   1.37e-08   3.1e-09 
8.75   7.32e-09   1.98e-09 
9.38   3.02e-09   8.4e-10 
10.40   6.7e-10   2.64e-10 
dumping CORRECTED graph pp_pi0_isr_62.8GeV_kourkoumelis80.txt
3.05   0.000311806   0.000117301 
3.15   0.000248708   9.35019e-05 
3.25   0.000188782   7.11059e-05 
3.35   0.000147559   5.55236e-05 
3.45   0.000108456   4.06439e-05 
3.55   8.23861e-05   3.10057e-05 
3.65   6.28982e-05   2.36952e-05 
3.75   4.96579e-05   1.87056e-05 
3.85   3.553e-05   1.33956e-05 
3.95   2.88338e-05   1.0895e-05 
4.10   1.94791e-05   7.3535e-06 
4.30   1.17971e-05   4.46479e-06 
4.50   7.15819e-06   2.70907e-06 
4.70   4.82519e-06   1.83793e-06 
4.90   2.94145e-06   1.12803e-06 
5.20   1.7925e-06   6.84188e-07 
5.60   8.80664e-07   3.41587e-07 
6.00   3.72787e-07   1.49247e-07 
4.10   2.17596e-05   7.92322e-06 
4.30   1.34959e-05   4.93113e-06 
4.50   8.39495e-06   3.06206e-06 
4.70   5.44809e-06   1.98675e-06 
4.90   3.5408e-06   1.293e-06 
5.20   1.95628e-06   7.13362e-07 
5.60   8.49435e-07   3.10148e-07 
6.00   3.64056e-07   1.33339e-07 
6.40   1.98567e-07   7.29453e-08 
6.80   1.03727e-07   3.83789e-08 
7.25   4.63963e-08   1.72636e-08 
7.75   2.15662e-08   8.15273e-09 
8.50   8.172e-09   3.10899e-09 
9.50   1.45229e-09   6.06696e-10 
6.50   1.54112e-07   6.28076e-08 
7.50   5.52316e-08   2.01888e-08 
8.50   1.13261e-08   4.14722e-09 
9.50   2.95554e-09   1.0805e-09 
10.50   7.66023e-10   2.80389e-10 
11.50   2.2102e-10   8.17368e-11 
12.50   5.74123e-11   2.1796e-11 
13.50   1.16242e-11   4.80244e-12 
15.00   2.6615e-13   1.09751e-13 
dumping CORRECTED graph pp_pi0_isr_62.4GeV_angelis78.txt
3.72   3.01472e-05   8.04732e-06 
4.22   9.53959e-06   2.52578e-06 
4.72   3.09159e-06   8.71402e-07 
5.22   1.30177e-06   3.49355e-07 
5.72   5.67464e-07   1.51212e-07 
6.21   2.75938e-07   7.46054e-08 
6.71   1.22243e-07   3.25389e-08 
7.20   5.91147e-08   1.5888e-08 
7.70   2.74777e-08   7.02293e-09 
8.21   1.44086e-08   3.69667e-09 
8.71   8.01822e-09   2.05116e-09 
9.21   4.18908e-09   1.07553e-09 
9.70   2.26104e-09   5.94118e-10 
10.20   1.1733e-09   3.05055e-10 
10.70   5.74468e-10   1.53655e-10 
11.20   3.37926e-10   9.08099e-11 
11.70   1.77327e-10   4.89457e-11 
12.20   1.11798e-10   3.28612e-11 
12.70   5.20959e-11   1.77855e-11 
13.19   3.68983e-11   1.13525e-11 
13.68   1.43889e-11   5.02961e-12 
dumping CORRECTED graph pp_pi0_isr_63GeV_clark78.txt
5.25   1.37983e-06   4.70622e-07 
5.74   6.37715e-07   2.05405e-07 
6.23   3.16944e-07   1.04358e-07 
6.72   1.46858e-07   4.87063e-08 
7.23   7.71794e-08   2.6644e-08 
7.72   3.8921e-08   1.30143e-08 
8.23   1.82702e-08   6.26044e-09 
8.72   9.52167e-09   3.33315e-09 
9.21   4.65454e-09   1.69899e-09 
9.72   1.97781e-09   8.08303e-10 
10.34   8.54539e-10   3.73584e-10 
11.48   2.84085e-10   1.58364e-10 
12.29   4.33894e-11   4.25683e-11 
13.13   5.05942e-12   1.35782e-11 
14.61   1.5322e-12   5.79375e-12 
15.69   -3.14459e-13   -3.71183e-12 
16.51   -1.61581e-13   -6.14026e-12 
dumping CORRECTED graph pp_pi0_isr_62.4GeV_busser76.txt
2.46   0.00221   0.000593856 
2.56   0.00138   0.000375283 
2.66   0.00111   0.000305434 
2.75   0.000831   0.000230744 
2.85   0.000549   0.000143425 
2.96   0.000414   0.000108201 
3.05   0.000294   7.6968e-05 
3.14   0.000201   5.28688e-05 
3.24   0.000158   4.15159e-05 
3.34   0.000113   2.98024e-05 
3.44   8.84e-05   2.34014e-05 
3.53   6.52e-05   1.73511e-05 
3.63   4.98e-05   1.33139e-05 
3.73   3.58e-05   9.66431e-06 
3.82   3.24e-05   8.75921e-06 
3.92   2.3e-05   6.30558e-06 
4.04   1.68e-05   4.65182e-06 
4.11   1.3e-05   3.52483e-06 
4.20   1e-05   2.78568e-06 
4.31   7.9e-06   2.33e-06 
4.41   8.3e-06   2.42218e-06 
4.50   3.3e-06   1.10732e-06 
4.61   5.3e-06   1.59339e-06 
4.70   3e-06   9.84073e-07 
4.79   3e-06   9.84073e-07 
4.87   2.5e-06   8.20061e-07 
4.97   1.9e-06   7.02877e-07 
5.08   1.6e-06   5.7711e-07 
5.19   1.1e-06   4.14483e-07 
5.29   1.2e-06   5.07291e-07 
5.39   9.3e-07   3.9315e-07 
5.49   1e-06   3.96989e-07 
5.57   4e-07   2.25424e-07 
5.67   8.8e-07   3.69391e-07 
5.77   6.7e-07   3.12963e-07 
5.85   7.6e-07   3.34583e-07 
5.96   9.3e-07   3.77581e-07 
6.07   9.2e-08   9.50588e-08 
6.15   1.8e-07   1.38167e-07 
6.24   8.9e-08   9.1959e-08 
dumping CORRECTED graph pp_pi0_isr_62.9GeV_eggert75.txt
0.70   1.23   0.437435 
0.89   0.48   0.173297 
1.08   0.163   0.0608069 
1.28   0.0568   0.0223323 
1.48   0.0224   0.00954615 
1.69   0.00769262   0.00361638 
1.90   0.0036924   0.00193216 
2.13   0.0017306   0.000923293 
2.37   0.000862625   0.000459923 
2.61   0.000428937   0.000218217 
2.85   0.000224543   0.000108233 
3.09   0.000122662   5.69268e-05 
3.31   6.77873e-05   3.00411e-05 
3.52   3.92829e-05   1.69212e-05 
3.72   2.32256e-05   9.74365e-06 
3.92   1.33026e-05   5.38856e-06 
4.12   8.88801e-06   3.58811e-06 
4.31   5.58513e-06   2.2255e-06 
4.49   4.20655e-06   1.66321e-06 
4.68   2.83601e-06   1.10882e-06 
4.87   1.92775e-06   7.56355e-07 
5.04   1.50307e-06   5.90774e-07 
5.22   1.09087e-06   4.33781e-07 
5.41   9.44079e-07   3.74616e-07 
5.59   6.08481e-07   2.48085e-07 
5.78   5.47254e-07   2.26667e-07 
5.96   3.64013e-07   1.56419e-07 
6.22   2.56467e-07   1.16892e-07 
6.42   2.3968e-07   1.12647e-07 
dumping CORRECTED graph pp_pi0_isr_62.4GeV_busser73.txt
2.89   0.00033984   0.000195799 
3.25   0.00028224   0.000162988 
3.44   0.00015912   9.43596e-05 
3.64   5.7024e-05   3.58085e-05 
3.92   4.9968e-05   3.13671e-05 
4.18   2.88e-05   1.81125e-05 
4.56   1.1664e-05   8.29339e-06 
dumping CORRECTED graph pp_pichg_isr_63GeV_50deg_drijard82.txt
3.78   3.29e-05   2.75019e-06 
4.18   1.23e-05   1.55353e-06 
4.66   4.27e-06   7.26409e-07 
5.10   1.52e-06   4.93934e-08 
5.30   1.066e-06   3.74135e-08 
5.50   7.055e-07   3.09439e-08 
5.70   4.605e-07   2.39857e-08 
5.90   3.26e-07   1.97026e-08 
6.10   2.43e-07   1.76083e-08 
6.30   1.58e-07   1.40536e-08 
6.50   1.245e-07   1.19994e-08 
6.70   7.915e-08   9.30763e-09 
6.90   5.485e-08   7.79609e-09 
7.10   4.505e-08   6.78674e-09 
7.38   2.925e-08   3.82786e-09 
7.78   1.585e-08   2.73002e-09 
8.44   6.34e-09   1.02814e-09 
9.45   1.64e-09   5.08555e-10 
10.46   3.26e-10   2.18038e-10 
11.46   1.639e-10   1.64084e-09 
12.46   3.11e-11   3.11e-11 
dumping CORRECTED graph pp_pichg_isr_62.4GeV_busser76.txt
3.35   5.49e-05   4.62002e-05 
3.45   6.235e-05   1.43252e-05 
3.55   4.155e-05   9.87065e-06 
3.65   2.77e-05   7.24155e-06 
3.75   2.655e-05   6.5858e-06 
3.85   2.185e-05   5.65725e-06 
3.95   1.47e-05   4.42316e-06 
4.05   1.455e-05   4.24734e-06 
4.15   9.92e-06   3.41761e-06 
4.25   7.755e-06   2.89644e-06 
4.35   4.12e-06   2.06475e-06 
4.45   3.18e-06   1.51031e-06 
4.55   3.3e-06   1.76777e-06 
4.65   3.255e-06   1.46169e-06 
4.80   2.08e-06   9.71315e-07 
5.00   1.635e-06   8.2779e-07 
5.20   1.41e-06   7.07107e-07 
5.30   6.14e-07   3.28098e-07 
5.40   1.81e-06   7.77817e-07 
5.75   2.35e-07   1.66878e-07 
7.00   5.33e-08   2.85671e-08 
8.00   5.95e-09   2.45e-09 
dumping CORRECTED graph pp_pichg_isr_63GeV_alper75.txt
0.10   143   24.0416 
0.20   66.95   5.04664 
0.30   32.9   1.93802 
0.40   16.65   0.984995 
0.50   8.85   0.571212 
0.60   4.515   0.325869 
0.70   2.855   0.240571 
0.80   1.255   0.0857287 
0.90   1.043   0.15252 
1.00   0.445   0.0263753 
1.20   0.171   0.0112531 
1.40   0.0638   0.00556901 
1.50   0.04435   0.00674791 
1.60   0.0393   0.00427061 
1.70   0.02025   0.00152204 
2.00   0.007255   0.000517032 
2.40   0.00178   0.000197253 
