2.46   0.00175   0.0001 
2.56   0.00122   8e-05 
2.66   0.000779   6.1e-05 
2.75   0.000617   5.2e-05 
2.85   0.000454   1.1e-05 
2.96   0.000328   9e-06 
3.05   0.000239   7e-06 
3.14   0.000179   6e-06 
3.24   0.000119   5e-06 
3.34   9.24e-05   3.9e-06 
3.44   7.03e-05   3.4e-06 
3.53   5.01e-05   2.8e-06 
3.63   4.18e-05   1.3e-06 
3.73   3.11e-05   1e-06 
3.82   2.28e-05   9e-07 
3.92   1.82e-05   8e-07 
4.04   1.46e-05   7e-07 
4.11   1.15e-05   6e-07 
4.20   7.34e-06   4.4e-07 
4.31   6.72e-06   4.1e-07 
4.41   4.95e-06   3.4e-07 
4.50   3.85e-06   3e-07 
4.61   2.99e-06   2.6e-07 
4.70   2.57e-06   2.3e-07 
4.79   1.9e-06   2e-07 
4.87   1.7e-06   2e-07 
4.97   1.4e-06   2e-07 
5.08   1.1e-06   1e-07 
5.19   1e-06   1e-07 
5.29   7.9e-07   1.2e-07 
5.39   8.1e-07   1.2e-07 
5.49   5.9e-07   1e-07 
5.57   4.8e-07   9e-08 
5.67   2.6e-07   7e-08 
5.77   3.4e-07   7e-08 
5.85   3.5e-07   7e-08 
5.96   1.6e-07   5e-08 
6.07   1.5e-07   5e-08 
6.15   2e-07   5e-08 
6.24   8.9e-08   3.6e-08 
6.34   1.9e-07   5e-08 
6.45   7.2e-08   3.2e-08 
6.54   1e-07   4e-08 
6.63   7e-08   3.1e-08 
6.74   2.8e-08   2e-08 
6.83   5.4e-08   2.7e-08 
6.93   1.3e-08   1.3e-08 
7.01   1.3e-08   1.3e-08 
7.11   1.3e-08   1.3e-08 
7.21   2.6e-08   1.8e-08 
7.31   1.3e-08   1.3e-08 
7.41   1.3e-08   1.3e-08 
3.05   0.000241   3.3e-05 
3.15   0.000174   2.4e-05 
3.25   0.000129   1.8e-05 
3.35   9.85e-05   1.36e-05 
3.45   7.25e-05   1e-05 
3.55   5.5e-05   7.7e-06 
3.65   4.14e-05   5.8e-06 
3.75   3.15e-05   4.4e-06 
3.85   2.4e-05   3.4e-06 
3.95   1.63e-05   2.3e-06 
4.08   1.15e-05   1.6e-06 
4.28   7.39e-06   1.06e-06 
4.48   4.57e-06   6.8e-07 
4.68   2.77e-06   4.2e-07 
4.88   1.89e-06   3e-07 
5.15   1.01e-06   1.6e-07 
5.55   3.92e-07   7.2e-08 
5.90   1.99e-07   4.3e-08 
6.50   8.66e-08   1.77e-08 
7.50   1.36e-08   1.5e-09 
8.50   3.1e-09   4.3e-10 
9.50   7.74e-10   1.55e-10 
11.00   7.93e-11   2.91e-11 
3.15   0.000227   3.1e-05 
3.25   0.000166   2.3e-05 
3.35   0.000124   1.7e-05 
3.45   9.52e-05   1.31e-05 
3.55   7.07e-05   9.8e-06 
3.65   5.4e-05   7.5e-06 
3.75   4.09e-05   5.7e-06 
3.85   3.13e-05   4.4e-06 
3.95   2.4e-05   3.5e-06 
4.08   1.48e-05   2.1e-06 
4.28   9.63e-06   1.38e-06 
4.48   6.18e-06   9.1e-07 
4.68   3.84e-06   5.9e-07 
4.88   2.46e-06   4e-07 
5.15   1.41e-06   2.2e-07 
5.55   6.1e-07   1.22e-07 
5.85   2.74e-07   5.9e-08 
6.40   1.06e-07   2.2e-08 
7.40   3.91e-08   4.3e-09 
8.40   7.48e-09   9.9e-10 
9.40   1.89e-09   3.5e-10 
10.40   3.37e-10   1.07e-10 
1.05   0.289   0.014 
1.15   0.206   0.09 
1.25   0.131   0.006 
1.35   0.0827   0.0033 
1.45   0.0546   0.0021 
1.55   0.0361   0.0014 
1.65   0.0235   0.0009 
1.75   0.0148   0.0006 
1.85   0.0102   0.0004 
1.95   0.00724   0.00023 
2.05   0.00504   0.00017 
2.15   0.00343   0.00012 
2.25   0.0013   8e-05 
2.35   0.0017   6e-05 
2.45   0.00126   5e-05 
2.55   0.000941   3.2e-05 
2.65   0.000681   2.4e-05 
2.75   0.00051   1.9e-05 
2.85   0.000376   1.4e-05 
2.95   0.000285   1e-05 
3.05   0.000225   8e-06 
3.15   0.000164   6e-06 
3.25   0.00013   5e-06 
3.35   9.86e-05   4e-06 
3.45   8.01e-05   3.4e-06 
3.55   6.44e-05   3e-06 
3.65   4.96e-05   2.4e-06 
3.75   4e-05   2.3e-06 
3.85   3.12e-05   1.9e-06 
3.95   2.68e-05   2e-06 
4.05   1.96e-05   1.8e-06 
4.15   1.63e-05   1.9e-06 
4.25   1.23e-05   1.6e-06 
3.71   3.52e-05   2.9e-06 
4.21   1.08e-05   1.4e-06 
4.71   3.83e-06   5e-07 
5.21   1.48e-06   2.1e-07 
5.71   6.5e-07   1.1e-07 
7.70   2.09e-08   5e-10 
8.20   1.14e-08   5e-10 
8.70   6.1e-09   2.7e-10 
9.20   3.18e-09   1.7e-10 
9.70   1.78e-09   1.3e-10 
10.19   9.85e-10   8.7e-11 
10.69   6.5e-10   9.6e-11 
11.19   4.05e-10   1.05e-10 
11.69   1.75e-10   6e-11 
12.19   1.29e-10   3.4e-11 
12.69   6.5e-11   2.6e-11 
5.25   8.5e-07   1.2e-07 
5.75   4.5e-07   6e-08 
6.24   1.9e-07   3e-08 
6.73   1.2e-07   2e-08 
7.24   6e-08   8e-09 
7.72   3e-08   4e-09 
8.22   1.6e-08   3e-09 
8.74   8.6e-09   1.4e-09 
9.23   4.9e-09   9e-10 
9.76   2.9e-09   7e-10 
10.40   1e-09   3e-10 
11.41   3.6e-10   1.6e-10 
12.53   1.5e-10   1e-10 
13.32   2.9e-11   2.9e-11 
14.32   1e-11   1e-11 
15.34   3e-12   3e-12 
16.39   1e-12   1e-12 
1.88   0.0126   0.001 
2.08   0.00579   0.00038 
2.28   0.00296   0.0002 
2.48   0.00158   0.00011 
2.68   0.000816   5.9e-05 
2.88   0.000495   3.8e-05 
3.08   0.000281   2.4e-05 
3.28   0.000141   1.4e-05 
3.48   7.13e-05   8.3e-06 
3.68   4.61e-05   6.5e-06 
2.69 .619E-03 .013E-03  
2.89 .343E-03 .010E-03  
3.09 .192E-03 .007E-03  
3.29 .109E-03 .005E-03  
3.50 .0626E-03 .0036E-03  
3.69 .0394E-03 .0028E-03  
3.89 .0223E-03 .0022E-03  
4.09 .0137E-03 .0017E-03  
4.29 .0109E-03 .0014E-03  
4.50 .0060E-03 .0011E-03  
4.68 .0040E-03 .0010E-03
4.90 .0015E-03 .0009E-03
5.09 .0029E-03 .0012E-03
1.28 0.732E-01 0.126E-01  
1.48 0.315E-01 0.743E-02
1.69 0.796E-02 0.214E-02  
1.90 0.498E-02 0.167E-02  
2.13 0.234E-02 0.805E-03  
2.37 0.933E-03 0.316E-03  
2.61 0.439E-03 0.137E-03  
2.85 0.239E-03 0.665E-04  
3.09 0.131E-03 0.335E-04 
3.31 0.732E-04 0.165E-04  
3.52 0.427E-04 0.880E-05  
3.72 0.254E-04 0.476E-05  
3.92 0.151E-04 0.245E-05  
4.12 0.993E-05 0.159E-05  
4.31 0.637E-05 0.945E-06  
4.49 0.436E-05 0.609E-06  
4.68 0.300E-05 0.392E-06  
4.86 0.204E-05 0.255E-06
5.04 0.157E-05 0.189E-06  
5.23 0.110E-05 0.128E-06  
5.41 0.748E-06 0.856E-07  
5.59 0.535E-06 0.617E-07  
5.78 0.462E-06 0.519E-07  
5.98 0.298E-06 0.360E-07  
6.21 0.223E-06 0.287E-07  
6.42 0.206E-06 0.270E-07
6.60 0.145E-06 0.230E-07  
6.80 0.900E-07 0.167E-07  
7.00 0.887E-07 0.165E-07  
7.21 0.553E-07 0.139E-07  
7.42 0.610E-07 0.140E-07  
7.60 0.425E-07 0.143E-07  
7.81 0.365E-07 0.115E-07



2.46 1.75E-30 0.10E-30 
2.56 1.22E-30 0.08E-30 
2.66 7.79E-31 0.61E-31 
2.75 6.17E-31 0.52E-31 
2.85 4.54E-31 0.11E-31 
2.96 3.28E-31 0.09E-31 
3.05 2.39E-31 0.07E-31 
3.14 1.79E-31 0.06E-31 
3.24 1.19E-31 0.05E-31 
3.34 9.24E-32 0.39E-32 
3.44 7.03E-32 0.34E-32 
3.53 5.01E-32 0.28E-32 
3.63 4.18E-32 0.13E-32 
3.73 3.11E-32 0.10E-32 
3.82 2.28E-32 0.09E-32 
3.92 1.82E-32 0.08E-32 
4.04 1.46E-32 0.07E-32 
4.11 1.15E-32 0.06E-32 
4.20 7.34E-33 0.44E-33 
4.31 6.72E-33 0.41E-33 
4.41 4.95E-33 0.34E-33 
4.50 3.85E-33 0.30E-33 
4.61 2.99E-33 0.26E-33 
4.70 2.57E-33 0.23E-33 
4.79 1.90E-33 0.20E-33 
4.87 1.70E-33 0.20E-33 
4.97 1.40E-33 0.20E-33 
5.08 1.10E-33 0.10E-33 
5.19 1.00E-33 0.10E-33 
5.29 7.90E-34 1.20E-34 
5.39 8.10E-34 1.20E-34 
5.49 5.90E-34 1.00E-34 
5.57 4.80E-34 0.90E-34 
5.67 2.60E-34 0.70E-34 
5.77 3.40E-34 0.70E-34 
5.85 3.50E-34 0.70E-34 
5.96 1.60E-34 0.50E-34 
6.07 1.50E-34 0.50E-34 
6.15 2.00E-34 0.50E-34 
6.24 8.90E-35 3.60E-35 
6.34 1.90E-34 0.50E-34 
6.45 7.20E-35 3.20E-35 
6.54 1.00E-34 0.40E-34 
6.63 7.00E-35 3.10E-35 
6.74 2.80E-35 2.00E-35 
6.83 5.40E-35 2.70E-35 
6.93 1.30E-35 1.30E-35 
7.01 1.30E-35 1.30E-35 
7.11 1.30E-35 1.30E-35 
7.21 2.60E-35 1.80E-35 
7.31 1.30E-35 1.30E-35 
7.41 1.30E-35 1.30E-35
3.05  2.41E-31  0.33E-31  
3.15  1.74E-31  0.24E-31  
3.25  1.29E-31  0.18E-31  
3.35  9.85E-32  1.36E-32  
3.45  7.25E-32  1.00E-32  
3.55  5.50E-32  0.77E-32  
3.65  4.14E-32  0.58E-32  
3.75  3.15E-32  0.44E-32  
3.85  2.40E-32  0.34E-32  
3.95  1.63E-32  0.23E-32  
4.08  1.15E-32  0.16E-32  
4.28  7.39E-33  1.06E-33  
4.48  4.57E-33  0.68E-33  
4.68  2.77E-33  0.42E-33  
4.88  1.89E-33  0.30E-33  
5.15  1.01E-33  0.16E-33  
5.55  3.92E-34  0.72E-34  
5.90  1.99E-34  0.43E-34  
6.5   8.66E-35 1.77E-35 
7.5   1.36E-35  0.15E-35 
8.5   3.10E-36  0.43E-36 
9.5   7.74E-37  1.55E-37 
11.0  7.93E-38  2.91E-38 
3.15  2.27E-31  0.31E-31  
3.25  1.66E-31  0.23E-31  
3.35  1.24E-31  0.17E-31  
3.45  9.52E-32  1.31E-32  
3.55  7.07E-32  0.98E-32  
3.65  5.40E-32  0.75E-32  
3.75  4.09E-32  0.57E-32  
3.85  3.13E-32  0.44E-32  
3.95  2.40E-32  0.35E-32  
4.08  1.48E-32  0.21E-32  
4.28  9.63E-33  1.38E-33  
4.48  6.18E-33  0.91E-33  
4.68  3.84E-33  0.59E-33  
4.88  2.46E-33  0.40E-33  
5.15  1.41E-33  0.22E-33  
5.55  6.10E-34  1.22E-34  
5.85  2.74E-34  0.59E-34  
6.4  1.06E-34  0.22E-34  
7.4  3.91E-35  0.43E-35  
8.4  7.48E-36  0.99E-36  
9.4  1.89E-36  0.35E-36  
10.4  3.37E-37  1.07E-37 
1.05 2.89E-28 0.14E-28 
1.15 2.06E-28 0.90E-28 
1.25 1.31E-28 0.06E-28 
1.35 8.27E-29 0.33E-29 
1.45 5.46E-29 0.21E-29 
1.55 3.61E-29 0.14E-29 
1.65 2.35E-29 0.09E-29 
1.75 1.48E-29 0.06E-29 
1.85 1.02E-29 0.04E-29 
1.95 7.24E-30 0.23E-30 
2.05 5.04E-30 0.17E-30 
2.15 3.43E-30 0.12E-30 
2.25 1.30E-30 0.08E-30 
2.35 1.70E-30 0.06E-30 
2.45 1.26E-30 0.05E-30 
2.55 9.41E-31 0.32E-31 
2.65 6.81E-31 0.24E-31 
2.75 5.10E-31 0.19E-31 
2.85 3.76E-31 0.14E-31 
2.95 2.85E-31 0.10E-31 
3.05 2.25E-31 0.08E-31 
3.15 1.64E-31 0.06E-31 
3.25 1.30E-31 0.05E-31 
3.35 9.86E-32 0.40E-32 
3.45 8.01E-32 0.34E-32 
3.55 6.44E-32 0.30E-32 
3.65 4.96E-32 0.24E-32 
3.75 4.00E-32 0.23E-32 
3.85 3.12E-32 0.19E-32 
3.95 2.68E-32 0.20E-32 
4.05 1.96E-32 0.18E-32 
4.15 1.63E-32 0.19E-32 
4.25 1.23E-32 0.16E-32 
3.71 3.52E-32 0.29E-32 
4.21 1.08E-32 0.14E-32 
4.71 3.83E-33 0.50E-33 
5.21 1.48E-33 0.21E-33 
5.71 6.50E-34 1.10E-34 
7.70 2.09E-35 0.05E-35 
8.20 1.14E-35 0.05E-35 
8.70 6.10E-36 0.27E-36 
9.20 3.18E-36 0.17E-36 
9.70 1.78E-36 0.13E-36 
10.19 9.85E-37 0.87E-37 
10.69 6.50E-37 0.96E-37 
11.19 4.05E-37 1.05E-37 
11.69 1.75E-37 0.60E-37 
12.19 1.29E-37 0.34E-37 
12.69 6.50E-38 2.60E-38
5.25  .85E-33  .12E-33
5.75  .45E-33  .06E-33
6.24  .19E-33  .03E-33
6.73  .12E-33  .02E-33
7.24  .60E-34  .08E-34
7.72  .30E-34  .04E-34
8.22  .16E-34  .03E-34
8.74  .86E-35  .14E-35
9.23  .49E-35  .09E-35
9.76  .29E-35  .07E-35
10.40 .10E-35  .03E-35
11.41 .36E-36  .16E-36
12.53 .15E-36  .10E-36
13.32 .29E-37  .29E-37 
14.32 .10E-37  .10E-37 
15.34 .03E-37  .03E-37 
16.39 .01E-37  .01E-37 
1.88  1.26E-29  0.10E-29  
2.08  5.79E-30  0.38E-30  
2.28  2.96E-30  0.20E-30  
2.48  1.58E-30  0.11E-30  
2.68  8.16E-31  0.59E-31  
2.88  4.95E-31  0.38E-31  
3.08  2.81E-31  0.24E-31  
3.28  1.41E-31  0.14E-31  
3.48  7.13E-32  0.83E-32  
3.68  4.61E-32  0.65E-32  




CLARK 78B NP B142,189  
GLOBAL NORMALIZATION UNCERTAINTY = 12 PCT.
RELATIVE NORMALIZATION UNCERTAINTY = 5 PCT.  
P P --> PI0 X W IN GEV 52.7
x = PT(P=3,RF=CM) IN GEV  
y = E(P=3,RF=CM)*D3(SIG)/D3(P(P=3,RF=CM)) IN MB/GEV**2



KOURKOUMELIS 79 PL 83B,257 
P P --> PI0 X 
W IN GEV 52.7 
THETA(P=3,P=1,RF=CM) IN DEG 90. 
x = PT(P=3,RF=CM) IN GEV 
y = E(P=3,RF=CM)*D3(SIG)/D3(P(P=3,RF=CM)) IN CM**2/GEV**2 
x1 TO x2 y dy 
TOTAL NORMALISATION UNCERTAINTY IS 22 PCT.6.5  8.66E-35  1.77E-35 

KOURKOUMELIS 80 ZP 5,95 
USING RETRACTED GEOMETRY 
P P --> PI0 X 
W IN GEV 52.7 
x = PT(P=3,RF=CM) IN GEV 
y = E(P=3,RF=CM)*D3(SIG)/D3(P(P=3,RF=CM)) IN CM**2/GEV**2 
x1TO x2 y +- dy 

KOURKOUMELIS 80 ZP 5,95 
USING NORMAL GEOMETRY 
P P --> PI0 X 
W IN GEV 52.7 
x = PT(P=3,RF=CM) IN GEV 
y = E(P=3,RF=CM)*D3(SIG)/D3(P(P=3,RF=CM)) IN CM**2/GEV**2 
x1 TO x2 y dy 


LLOYDOWEN 80 PRL 45,89 
P P --> PI0 X 
W IN GEV 52.8 
THETA(P=3,P=1,RF=CM) IN DEG 90.0 
x = PT(P=3,RF=CM) IN GEV 
y = E(P=3,RF=CM)*D3(SIG)/D3(P(P=3,RF=CM)) IN CM**2/GEV**2 
x y +- dy 

ANGELIS 78 PL 79B,505 
W IN GEV 53.1 
P P --> PI0 X 
THETA(P=3,P=1,RF=CM) IN DEG 90. 
x = PT(P=3,RF=CM) IN GEV 
y =E(P=3,RF=CM)*D3(SIG)/D3(P(P=3,RF=CM)) IN CM**2/GEV**2
x y +- dy 

EGGERT 75 NP B98,49  
P P --> PI0 X  
W IN GEV 53.2  
THETA(P=3,P=1,RF=CM) IN DEG 90.0  
x = PT(P=3,RF=CM) IN GEV  
y = E(P=3,RF=CM)/PI*D2(SIG)/D(PL(P=3,RF=CM))/D(PT(P=3,RF=CM)**2) IN MB/GEV**2

CLARK 78 PL 74B,267 
P P --> PI0 X 
W IN GEV 53. 
x = PT(P=3,RF=CM) 
y = E(P=3,RF=CM)*D3(SIG)/D3(P(P=3,RF=CM)) IN CM**2/GEV**2 
x y dy 
GLOBAL UNCERTAINTY OF +- 17 PCT. ON THE ABSOLUTE NORMALISATION1.6  1.8  3.24E-29  0.30E-29  

BUSSER 76 NP B106, 1 
P P --> PI0 X W IN GEV 52.7 
THETA(P=3,P=1,RF=CM) IN DEG 90.0 
x = PT(P=3) IN GEV 
y = E*D3(SIG)/D3(P(P=3)) IN CM**2/GEV**2/SR


DARRIULAT 76 NP B110,365 
P P --> PI0 X 
W IN GEV 53.0 
THETA(P=3,P=1,RF=CM) IN DEG 90.0 
x = PT(P=3) IN GEV 
y = (E(P=3,RF=CM)/PI)*D2(SIG)/D(PL(P=3,RF=CM))/D(PT(P=3,RF=CM)**2) IN CM**2/GEV**2 
x1TO x2 y +- dy 

The quoted systematic error is 5.0 PCT
