2.46 1.38E-30 0.07E-30 
2.56 1.00E-30 0.06E-30 
2.66 7.49E-31 0.50E-31 
2.75 4.64E-31 0.38E-31 
2.85 3.70E-31 0.07E-31 
2.96 2.51E-31 0.05E-31 
3.05 1.83E-31 0.04E-31 
3.14 1.31E-31 0.04E-31 
3.24 9.39E-32 0.29E-32 
3.34 6.76E-32 0.23E-32 
3.44 4.73E-32 0.19E-32 
3.53 3.52E-32 0.16E-32 
3.63 2.73E-32 0.14E-32 
3.73 2.23E-32 0.12E-32
3.82 1.44E-32 0.09E-32 
3.92 1.16E-32 0.08E-32 
4.04 1.03E-32 0.08E-32 
4.11 6.21E-33 0.57E-33 
4.20 5.26E-33 0.52E-33 
4.31 4.70E-33 0.50E-33 
4.41 3.10E-33 0.40E-33 
4.50 2.50E-33 0.30E-33 
4.61 2.65E-33 0.26E-33 
4.70 1.40E-33 0.20E-33 
4.79 1.50E-33 0.20E-33 
4.87 1.00E-33 0.20E-33 
4.97 8.80E-34 1.40E-34 
5.08 8.60E-34 1.40E-34 
5.19 5.20E-34 1.10E-34 
5.29 4.60E-34 1.00E-34 
5.39 4.70E-34 1.00E-34 
5.49 4.20E-34 0.90E-34 
5.57 4.00E-34 0.90E-34 
5.67 2.10E-34 0.70E-34 
5.77 2.50E-34 0.70E-34 
5.85 2.60E-34 0.70E-34
5.96 1.50E-34 0.50E-34 
6.07 1.30E-34 0.50E-34 
6.15 3.60E-35 2.50E-35 
6.24 1.10E-34 0.40E-34 
6.34 5.20E-35 3.00E-35 
6.45 1.00E-34 0.40E-34 
6.54 3.40E-35 2.40E-35 
6.63 3.30E-35 2.40E-35 
6.74 1.60E-35 1.60E-35



BUSSER 76 NP B106, 1 
P P --> PI0 X 
W IN GEV 44.8 
THETA(P=3,P=1,RF=CM) IN DEG 90.0 
x = PT(P=3) IN GEV 
y = E*D3(SIG)/D3(P(P=3)) IN CM**2/GEV**2/SR
x y +- dy 