1.28 0.732E-01 0.126E-01  
1.48 0.315E-01 0.743E-02
1.69 0.796E-02 0.214E-02  
1.90 0.498E-02 0.167E-02  
2.13 0.234E-02 0.805E-03  
2.37 0.933E-03 0.316E-03  
2.61 0.439E-03 0.137E-03  
2.85 0.239E-03 0.665E-04  
3.09 0.131E-03 0.335E-04 
3.31 0.732E-04 0.165E-04  
3.52 0.427E-04 0.880E-05  
3.72 0.254E-04 0.476E-05  
3.92 0.151E-04 0.245E-05  
4.12 0.993E-05 0.159E-05  
4.31 0.637E-05 0.945E-06  
4.49 0.436E-05 0.609E-06  
4.68 0.300E-05 0.392E-06  
4.86 0.204E-05 0.255E-06
5.04 0.157E-05 0.189E-06  
5.23 0.110E-05 0.128E-06  
5.41 0.748E-06 0.856E-07  
5.59 0.535E-06 0.617E-07  
5.78 0.462E-06 0.519E-07  
5.98 0.298E-06 0.360E-07  
6.21 0.223E-06 0.287E-07  
6.42 0.206E-06 0.270E-07
6.60 0.145E-06 0.230E-07  
6.80 0.900E-07 0.167E-07  
7.00 0.887E-07 0.165E-07  
7.21 0.553E-07 0.139E-07  
7.42 0.610E-07 0.140E-07  
7.60 0.425E-07 0.143E-07  
7.81 0.365E-07 0.115E-07


EGGERT 75 NP B98,49  
P P --> PI0 X  
W IN GEV 53.2  
THETA(P=3,P=1,RF=CM) IN DEG 90.0  
x = PT(P=3,RF=CM) IN GEV  
y = E(P=3,RF=CM)/PI*D2(SIG)/D(PL(P=3,RF=CM))/D(PT(P=3,RF=CM)**2) IN MB/GEV**2
