4.75   2.896e-06   8.79179e-07
5.25   1.28e-06   3.98705e-07
5.75   5.4e-07   1.71337e-07
6.25   2.36e-07   7.27872e-08
6.75   1.128e-07   3.6714e-08
7.50   4.184e-08   1.3899e-08
9.00   7.664e-09   6.20855e-09
4.75   2.61e-06   6.8e-07
5.25   9.45e-07   2.35e-07
5.73   4e-07   9e-08
6.23   2e-07   4.6e-08
6.73   1.01e-07   2.3e-08
7.23   5.5e-08   1.25e-08
7.72   2.59e-08   5.9e-09
8.23   1.37e-08   3.1e-09
8.75   7.32e-09   1.98e-09
9.38   3.02e-09   8.4e-10
10.40   6.7e-10   2.64e-10
3.05   0.000318584   0.000119851
3.15   0.000253033   9.51278e-05
3.25   0.000191259   7.20389e-05
3.35   0.000148878   5.60199e-05
3.45   0.000108981   4.08406e-05
3.55   8.24539e-05   3.10312e-05
3.65   6.27024e-05   2.36215e-05
3.75   4.93119e-05   1.85753e-05
3.85   3.51484e-05   1.32517e-05
3.95   2.84177e-05   1.07377e-05
4.10   1.9093e-05   7.20774e-06
4.30   1.14817e-05   4.34544e-06
4.50   6.91965e-06   2.61879e-06
4.70   4.63409e-06   1.76514e-06
4.90   2.8074e-06   1.07662e-06
5.20   1.69582e-06   6.47286e-07
5.60   8.24317e-07   3.19732e-07
6.00   3.45666e-07   1.38389e-07
4.10   2.13282e-05   7.76616e-06
4.30   1.31351e-05   4.79931e-06
4.50   8.11519e-06   2.96002e-06
4.70   5.23232e-06   1.90807e-06
4.90   3.37944e-06   1.23408e-06
5.20   1.85077e-06   6.74887e-07
5.60   7.95086e-07   2.90303e-07
6.00   3.37571e-07   1.23638e-07
6.40   1.82642e-07   6.70951e-08
6.80   9.47777e-08   3.50678e-08
7.25   4.21573e-08   1.56863e-08
7.75   1.95244e-08   7.38086e-09
8.50   7.40095e-09   2.81565e-09
9.50   1.33398e-09   5.57272e-10
6.50   1.41498e-07   5.76668e-08
7.50   5.0076e-08   1.83043e-08
8.50   1.02575e-08   3.75592e-09
9.50   2.71477e-09   9.92477e-10
10.50   7.29334e-10   2.6696e-10
11.50   2.25672e-10   8.34572e-11
12.50   6.67588e-11   2.53443e-11
13.50   1.75129e-11   7.2353e-12
15.00   3.09068e-12   1.27448e-12
3.72   2.99718e-05   8.00049e-06
4.22   9.31058e-06   2.46514e-06
4.72   2.96726e-06   8.36359e-07
5.22   1.23086e-06   3.30327e-07
5.72   5.29586e-07   1.41119e-07
6.21   2.54738e-07   6.88736e-08
6.71   1.11849e-07   2.9772e-08
7.20   5.37414e-08   1.44439e-08
7.70   2.4882e-08   6.35952e-09
8.21   1.30355e-08   3.34439e-09
8.71   7.27286e-09   1.86049e-09
9.21   3.82489e-09   9.82024e-10
9.70   2.08758e-09   5.4854e-10
10.20   1.10199e-09   2.86515e-10
10.70   5.52842e-10   1.47871e-10
11.20   3.36291e-10   9.03707e-11
11.70   1.84704e-10   5.09821e-11
12.20   1.23911e-10   3.64215e-11
12.70   6.29071e-11   2.14764e-11
13.19   5.0177e-11   1.54379e-11
13.68   2.33334e-11   8.15612e-12
5.25   1.30358e-06   4.44616e-07
5.74   5.94861e-07   1.91602e-07
6.23   2.92477e-07   9.63014e-08
6.72   1.3435e-07   4.45578e-08
7.23   7.01421e-08   2.42146e-08
7.72   3.52409e-08   1.17838e-08
8.23   1.65297e-08   5.66404e-09
8.72   8.63734e-09   3.02358e-09
9.21   4.24988e-09   1.55129e-09
9.72   1.82711e-09   7.46715e-10
10.34   8.07444e-10   3.52995e-10
11.48   2.89524e-10   1.61397e-10
12.29   4.87399e-11   4.78175e-11
13.13   6.76414e-12   1.81533e-11
14.61   5.35374e-12   2.02443e-11
15.69   7.52538e-13   8.88286e-12
16.51   1.0844e-13   4.12087e-12
2.46   0.00221   0.000593856
2.56   0.00138   0.000375283
2.66   0.00111   0.000305434
2.75   0.000831   0.000230744
2.85   0.000549   0.000143425
2.96   0.000414   0.000108201
3.05   0.000294   7.6968e-05
3.14   0.000201   5.28688e-05
3.24   0.000158   4.15159e-05
3.34   0.000113   2.98024e-05
3.44   8.84e-05   2.34014e-05
3.53   6.52e-05   1.73511e-05
3.63   4.98e-05   1.33139e-05
3.73   3.58e-05   9.66431e-06
3.82   3.24e-05   8.75921e-06
3.92   2.3e-05   6.30558e-06
4.04   1.68e-05   4.65182e-06
4.11   1.3e-05   3.52483e-06
4.20   1e-05   2.78568e-06
4.31   7.9e-06   2.33e-06
4.41   8.3e-06   2.42218e-06
4.50   3.3e-06   1.10732e-06
4.61   5.3e-06   1.59339e-06
4.70   3e-06   9.84073e-07
4.79   3e-06   9.84073e-07
4.87   2.5e-06   8.20061e-07
4.97   1.9e-06   7.02877e-07
5.08   1.6e-06   5.7711e-07
5.19   1.1e-06   4.14483e-07
5.29   1.2e-06   5.07291e-07
5.39   9.3e-07   3.9315e-07
5.49   1e-06   3.96989e-07
5.57   4e-07   2.25424e-07
5.67   8.8e-07   3.69391e-07
5.77   6.7e-07   3.12963e-07
5.85   7.6e-07   3.34583e-07
5.96   9.3e-07   3.77581e-07
6.07   9.2e-08   9.50588e-08
6.15   1.8e-07   1.38167e-07
6.24   8.9e-08   9.1959e-08
0.70   1.23   0.437435
0.89   0.48   0.173297
1.08   0.163   0.0608069
1.28   0.0568   0.0223323
1.48   0.0224   0.00954615
1.69   0.00772   0.00362925
1.90   0.003712   0.00194242
2.13   0.001744   0.000930442
2.37   0.000872   0.000464921
2.61   0.0004352   0.000221404
2.85   0.0002288   0.000110285
3.09   0.000125114   5.80647e-05
3.31   6.8506e-05   3.03596e-05
3.52   3.93622e-05   1.69553e-05
3.72   2.30905e-05   9.68696e-06
3.92   1.31253e-05   5.31672e-06
4.12   8.70556e-06   3.51445e-06
4.31   5.43395e-06   2.16525e-06
4.49   4.06772e-06   1.60832e-06
4.68   2.72543e-06   1.06559e-06
4.87   1.84159e-06   7.22548e-07
5.04   1.42858e-06   5.61494e-07
5.22   1.03145e-06   4.10154e-07
5.41   8.88031e-07   3.52376e-07
5.59   5.69692e-07   2.32271e-07
5.78   5.09992e-07   2.11234e-07
5.96   3.37829e-07   1.45168e-07
6.22   2.36716e-07   1.0789e-07
6.42   2.20377e-07   1.03575e-07
2.89   0.00033984   0.000195799
3.25   0.00028224   0.000162988
3.44   0.00015912   9.43596e-05
3.64   5.7024e-05   3.58085e-05
3.92   4.9968e-05   3.13671e-05
4.18   2.88e-05   1.81125e-05
4.56   1.1664e-05   8.29339e-06
3.35   5.49e-05   4.62002e-05
3.45   6.235e-05   1.43252e-05
3.55   4.155e-05   9.87065e-06
3.65   2.77e-05   7.24155e-06
3.75   2.655e-05   6.5858e-06
3.85   2.185e-05   5.65725e-06
3.95   1.47e-05   4.42316e-06
4.05   1.455e-05   4.24734e-06
4.15   9.92e-06   3.41761e-06
4.25   7.755e-06   2.89644e-06
4.35   4.12e-06   2.06475e-06
4.45   3.18e-06   1.51031e-06
4.55   3.3e-06   1.76777e-06
4.65   3.255e-06   1.46169e-06
4.80   2.08e-06   9.71315e-07
5.00   1.635e-06   8.2779e-07
5.20   1.41e-06   7.07107e-07
5.30   6.14e-07   3.28098e-07
5.40   1.81e-06   7.77817e-07
5.75   2.35e-07   1.66878e-07
7.00   5.33e-08   2.85671e-08
8.00   5.95e-09   2.45e-09
0.10   143   24.0416
0.20   66.95   5.04664
0.30   32.9   1.93802
0.40   16.65   0.984995
0.50   8.85   0.571212
0.60   4.515   0.325869
0.70   2.855   0.240571
0.80   1.255   0.0857287
0.90   1.043   0.15252
1.00   0.445   0.0263753
1.20   0.171   0.0112531
1.40   0.0638   0.00556901
1.50   0.04435   0.00674791
1.60   0.0393   0.00427061
1.70   0.02025   0.00152204
2.00   0.007255   0.000517032
2.40   0.00178   0.000197253
  1.250E+00  1.856E-01  1.856E-02
  1.750E+00  1.330E-02  1.330E-03
  2.250E+00  1.632E-03  1.632E-04
  2.750E+00  3.000E-04  3.000E-05
  3.250E+00  7.182E-05  7.182E-06
  3.750E+00  2.095E-05  2.095E-06
  4.250E+00  6.947E-06  6.947E-07
  4.750E+00  2.584E-06  2.584E-07
  5.250E+00  1.042E-06  1.042E-07
  5.750E+00  4.498E-07  4.498E-08
  6.250E+00  2.045E-07  2.045E-08
  6.750E+00  9.683E-08  9.683E-09
  7.250E+00  4.770E-08  4.770E-09
  7.750E+00  2.413E-08  2.413E-09
  8.250E+00  1.250E-08  1.250E-09
  8.750E+00  6.633E-09  6.633E-10
  9.250E+00  3.557E-09  3.557E-10
  9.750E+00  1.944E-09  1.944E-10
  1.025E+01  1.075E-09  1.075E-10
  1.075E+01  6.014E-10  6.014E-11
  1.125E+01  3.377E-10  3.377E-11
  1.175E+01  1.910E-10  1.910E-11
  1.225E+01  1.085E-10  1.085E-11
  1.275E+01  6.189E-11  6.189E-12
  1.325E+01  3.538E-11  3.538E-12
  1.375E+01  2.024E-11  2.024E-12
  1.425E+01  1.156E-11  1.156E-12
  1.475E+01  6.620E-12  6.620E-13
  1.525E+01  3.763E-12  3.763E-13



// not considered:
3.78   3.29e-05   2.75019e-06
4.18   1.23e-05   1.55353e-06
4.66   4.27e-06   7.26409e-07
5.10   1.52e-06   4.93934e-08
5.30   1.066e-06   3.74135e-08
5.50   7.055e-07   3.09439e-08
5.70   4.605e-07   2.39857e-08
5.90   3.26e-07   1.97026e-08
6.10   2.43e-07   1.76083e-08
6.30   1.58e-07   1.40536e-08
6.50   1.245e-07   1.19994e-08
6.70   7.915e-08   9.30763e-09
6.90   5.485e-08   7.79609e-09
7.10   4.505e-08   6.78674e-09
7.38   2.925e-08   3.82786e-09
7.78   1.585e-08   2.73002e-09
8.44   6.34e-09   1.02814e-09
9.45   1.64e-09   5.08555e-10
10.46   3.26e-10   2.18038e-10
11.46   1.639e-10   1.64084e-09
12.46   3.11e-11   3.11e-11

//=============================================================================
Sum of following files:
 <I> Will apply corrections (if there) for file: pp_meson0_isr_62.4GeV_angelis89_corr.txt
 <W> Substracting 20% eta contamination above pT = 1.5 GeV/c from pi0 yields for file pp_meson0_isr_62.4GeV_angelis89_corr.txt
 <W> Adding 17% (syst.) + 25% (5% en.scale) to point-to-point errors in quad. for file pp_meson0_isr_62.4GeV_angelis89_corr.txt
 <I> cm^2 ---> mb transformation for file pp_meson0_isr_62.4GeV_angelis89_corr.txt
 FUNCTION MUST BE MINIMIZED BEFORE CALLING MINOs     
dumping CORRECTED graph pp_meson0_isr_62.4GeV_angelis89_corr.txt
4.75   2.896e-06   8.79179e-07
5.25   1.28e-06   3.98705e-07
5.75   5.4e-07   1.71337e-07
6.25   2.36e-07   7.27872e-08
6.75   1.128e-07   3.6714e-08
7.50   4.184e-08   1.3899e-08
9.00   7.664e-09   6.20855e-09
 <I> Will apply corrections (if there) for file: pp_pi0_isr_63GeV_akesson89_corr.txt
 <I> pb ---> mb transformation for file pp_pi0_isr_63GeV_akesson89_corr.txt
pp_pi0_isr_63GeV_akesson89_corr.txt
dumping CORRECTED graph pp_pi0_isr_63GeV_akesson89_corr.txt
4.75   2.61e-06   6.8e-07
5.25   9.45e-07   2.35e-07
5.73   4e-07   9e-08
6.23   2e-07   4.6e-08
6.73   1.01e-07   2.3e-08
7.23   5.5e-08   1.25e-08
7.72   2.59e-08   5.9e-09
8.23   1.37e-08   3.1e-09
8.75   7.32e-09   1.98e-09
9.38   3.02e-09   8.4e-10
10.40   6.7e-10   2.64e-10
 <I> Will apply corrections (if there) for file: pp_pi0_isr_62.8GeV_kourkoumelis80_corr.txt
 <W> Subtracting direct-photon contamination for file  <W> Some of the pT points should be corrected for finite bin width ... 
 <W> Adding 35% (en.scale+norm.: 27%-42%) to point-to-point errors in quad. for file pp_pi0_isr_62.8GeV_kourkoumelis80_corr.txt
 <I> cm^2 ---> mb transformation for file pp_pi0_isr_62.8GeV_kourkoumelis80_corr.txt
 FUNCTION MUST BE MINIMIZED BEFORE CALLING MINOs     
dumping CORRECTED graph pp_pi0_isr_62.8GeV_kourkoumelis80_corr.txt
3.05   0.000318584   0.000119851
3.15   0.000253033   9.51278e-05
3.25   0.000191259   7.20389e-05
3.35   0.000148878   5.60199e-05
3.45   0.000108981   4.08406e-05
3.55   8.24539e-05   3.10312e-05
3.65   6.27024e-05   2.36215e-05
3.75   4.93119e-05   1.85753e-05
3.85   3.51484e-05   1.32517e-05
3.95   2.84177e-05   1.07377e-05
4.10   1.9093e-05   7.20774e-06
4.30   1.14817e-05   4.34544e-06
4.50   6.91965e-06   2.61879e-06
4.70   4.63409e-06   1.76514e-06
4.90   2.8074e-06   1.07662e-06
5.20   1.69582e-06   6.47286e-07
5.60   8.24317e-07   3.19732e-07
6.00   3.45666e-07   1.38389e-07
4.10   2.13282e-05   7.76616e-06
4.30   1.31351e-05   4.79931e-06
4.50   8.11519e-06   2.96002e-06
4.70   5.23232e-06   1.90807e-06
4.90   3.37944e-06   1.23408e-06
5.20   1.85077e-06   6.74887e-07
5.60   7.95086e-07   2.90303e-07
6.00   3.37571e-07   1.23638e-07
6.40   1.82642e-07   6.70951e-08
6.80   9.47777e-08   3.50678e-08
7.25   4.21573e-08   1.56863e-08
7.75   1.95244e-08   7.38086e-09
8.50   7.40095e-09   2.81565e-09
9.50   1.33398e-09   5.57272e-10
6.50   1.41498e-07   5.76668e-08
7.50   5.0076e-08   1.83043e-08
8.50   1.02575e-08   3.75592e-09
9.50   2.71477e-09   9.92477e-10
10.50   7.29334e-10   2.6696e-10
11.50   2.25672e-10   8.34572e-11
12.50   6.67588e-11   2.53443e-11
13.50   1.75129e-11   7.2353e-12
15.00   3.09068e-12   1.27448e-12
 <I> Will apply corrections (if there) for file: pp_pi0_isr_62.4GeV_angelis78_corr.txt
 <W> Substracting 20% eta contamination above pT = 1.5 GeV/c from pi0 yields for file pp_pi0_isr_62.4GeV_angelis78_corr.txt
 <W> Subtracting direct-photon contamination for file  <W> Adding 25% (5% en. scale)  + 5% (abs. normalization: luminosity) to point-to-point errors in quad. for file pp_pi0_isr_62.4GeV_angelis78_corr.txt
 <I> cm^2 ---> mb transformation for file pp_pi0_isr_62.4GeV_angelis78_corr.txt
 FUNCTION MUST BE MINIMIZED BEFORE CALLING MINOs     
dumping CORRECTED graph pp_pi0_isr_62.4GeV_angelis78_corr.txt
3.72   2.99718e-05   8.00049e-06
4.22   9.31058e-06   2.46514e-06
4.72   2.96726e-06   8.36359e-07
5.22   1.23086e-06   3.30327e-07
5.72   5.29586e-07   1.41119e-07
6.21   2.54738e-07   6.88736e-08
6.71   1.11849e-07   2.9772e-08
7.20   5.37414e-08   1.44439e-08
7.70   2.4882e-08   6.35952e-09
8.21   1.30355e-08   3.34439e-09
8.71   7.27286e-09   1.86049e-09
9.21   3.82489e-09   9.82024e-10
9.70   2.08758e-09   5.4854e-10
10.20   1.10199e-09   2.86515e-10
10.70   5.52842e-10   1.47871e-10
11.20   3.36291e-10   9.03707e-11
11.70   1.84704e-10   5.09821e-11
12.20   1.23911e-10   3.64215e-11
12.70   6.29071e-11   2.14764e-11
13.19   5.0177e-11   1.54379e-11
13.68   2.33334e-11   8.15612e-12
 <I> Will apply corrections (if there) for file: pp_pi0_isr_63GeV_clark78_corr.txt
 <W> Substracting 20% eta contamination above pT = 1.5 GeV/c from pi0 yields for file pp_pi0_isr_63GeV_clark78_corr.txt
 <W> Subtracting direct-photon contamination (authors claim -15% subtracted already...) for file  <W> Adding 17% (syst.) + 25% (3%+2% en. scale) to point-to-point errors in quad. for file pp_pi0_isr_63GeV_clark78_corr.txt
 <I> cm^2 ---> mb transformation for file pp_pi0_isr_63GeV_clark78_corr.txt
 FUNCTION MUST BE MINIMIZED BEFORE CALLING MINOs     
dumping CORRECTED graph pp_pi0_isr_63GeV_clark78_corr.txt
5.25   1.30358e-06   4.44616e-07
5.74   5.94861e-07   1.91602e-07
6.23   2.92477e-07   9.63014e-08
6.72   1.3435e-07   4.45578e-08
7.23   7.01421e-08   2.42146e-08
7.72   3.52409e-08   1.17838e-08
8.23   1.65297e-08   5.66404e-09
8.72   8.63734e-09   3.02358e-09
9.21   4.24988e-09   1.55129e-09
9.72   1.82711e-09   7.46715e-10
10.34   8.07444e-10   3.52995e-10
11.48   2.89524e-10   1.61397e-10
12.29   4.87399e-11   4.78175e-11
13.13   6.76414e-12   1.81533e-11
14.61   5.35374e-12   2.02443e-11
15.69   7.52538e-13   8.88286e-12
16.51   1.0844e-13   4.12087e-12
 <I> Will apply corrections (if there) for file: pp_pi0_isr_62.4GeV_busser76_corr.txt
 <W> Adding 26% syst. (3% en. scale) to point-to-point errors in quad. for file pp_pi0_isr_62.4GeV_busser76_corr.txt
 <I> cm^2 ---> mb transformation for file pp_pi0_isr_62.4GeV_busser76_corr.txt
dumping CORRECTED graph pp_pi0_isr_62.4GeV_busser76_corr.txt
2.46   0.00221   0.000593856
2.56   0.00138   0.000375283
2.66   0.00111   0.000305434
2.75   0.000831   0.000230744
2.85   0.000549   0.000143425
2.96   0.000414   0.000108201
3.05   0.000294   7.6968e-05
3.14   0.000201   5.28688e-05
3.24   0.000158   4.15159e-05
3.34   0.000113   2.98024e-05
3.44   8.84e-05   2.34014e-05
3.53   6.52e-05   1.73511e-05
3.63   4.98e-05   1.33139e-05
3.73   3.58e-05   9.66431e-06
3.82   3.24e-05   8.75921e-06
3.92   2.3e-05   6.30558e-06
4.04   1.68e-05   4.65182e-06
4.11   1.3e-05   3.52483e-06
4.20   1e-05   2.78568e-06
4.31   7.9e-06   2.33e-06
4.41   8.3e-06   2.42218e-06
4.50   3.3e-06   1.10732e-06
4.61   5.3e-06   1.59339e-06
4.70   3e-06   9.84073e-07
4.79   3e-06   9.84073e-07
4.87   2.5e-06   8.20061e-07
4.97   1.9e-06   7.02877e-07
5.08   1.6e-06   5.7711e-07
5.19   1.1e-06   4.14483e-07
5.29   1.2e-06   5.07291e-07
5.39   9.3e-07   3.9315e-07
5.49   1e-06   3.96989e-07
5.57   4e-07   2.25424e-07
5.67   8.8e-07   3.69391e-07
5.77   6.7e-07   3.12963e-07
5.85   7.6e-07   3.34583e-07
5.96   9.3e-07   3.77581e-07
6.07   9.2e-08   9.50588e-08
6.15   1.8e-07   1.38167e-07
6.24   8.9e-08   9.1959e-08
 <I> Will apply corrections (if there) for file: pp_pi0_isr_62.9GeV_eggert75_corr.txt
 <W> Substracting 20% eta contamination above pT = 1.5 GeV/c from pi0 yields for file pp_pi0_isr_62.9GeV_eggert75_corr.txt
 <W> Subtracting direct-photon contamination for file  <W> Adding 35% (5% + 50-MeV en. scale)  + 5% (abs. normalization: luminosity) to point-to-point errors in quad. for file pp_pi0_isr_62.9GeV_eggert75_corr.txt
dumping CORRECTED graph pp_pi0_isr_62.9GeV_eggert75_corr.txt
0.70   1.23   0.437435
0.89   0.48   0.173297
1.08   0.163   0.0608069
1.28   0.0568   0.0223323
1.48   0.0224   0.00954615
1.69   0.00772   0.00362925
1.90   0.003712   0.00194242
2.13   0.001744   0.000930442
2.37   0.000872   0.000464921
2.61   0.0004352   0.000221404
2.85   0.0002288   0.000110285
3.09   0.000125114   5.80647e-05
3.31   6.8506e-05   3.03596e-05
3.52   3.93622e-05   1.69553e-05
3.72   2.30905e-05   9.68696e-06
3.92   1.31253e-05   5.31672e-06
4.12   8.70556e-06   3.51445e-06
4.31   5.43395e-06   2.16525e-06
4.49   4.06772e-06   1.60832e-06
4.68   2.72543e-06   1.06559e-06
4.87   1.84159e-06   7.22548e-07
5.04   1.42858e-06   5.61494e-07
5.22   1.03145e-06   4.10154e-07
5.41   8.88031e-07   3.52376e-07
5.59   5.69692e-07   2.32271e-07
5.78   5.09992e-07   2.11234e-07
5.96   3.37829e-07   1.45168e-07
6.22   2.36716e-07   1.0789e-07
6.42   2.20377e-07   1.03575e-07
 <I> Will apply corrections (if there) for file: pp_pi0_isr_62.4GeV_busser73_corr.txt
 <W> Multipliying by 0.72 (eta contamination correction: Busser PLB75) from pi0 yields for file pp_pi0_isr_62.4GeV_busser73_corr.txt
 <W> Adding 55% syst. (6% en. scale) to point-to-point errors in quad. for file pp_pi0_isr_62.4GeV_busser73_corr.txt
 <I> cm^2 ---> mb transformation for file pp_pi0_isr_62.4GeV_busser73_corr.txt
dumping CORRECTED graph pp_pi0_isr_62.4GeV_busser73_corr.txt
2.89   0.00033984   0.000195799
3.25   0.00028224   0.000162988
3.44   0.00015912   9.43596e-05
3.64   5.7024e-05   3.58085e-05
3.92   4.9968e-05   3.13671e-05
4.18   2.88e-05   1.81125e-05
4.56   1.1664e-05   8.29339e-06
 <I> Will apply corrections (if there) for file: pp_pichg_isr_63GeV_50deg_drijard82_corr.txt
 <W> NO syst. errors added to point-to-point for file pp_pichg_isr_63GeV_50deg_drijard82_corr.txt
dumping CORRECTED graph pp_pichg_isr_63GeV_50deg_drijard82_corr.txt
3.78   3.29e-05   2.75019e-06
4.18   1.23e-05   1.55353e-06
4.66   4.27e-06   7.26409e-07
5.10   1.52e-06   4.93934e-08
5.30   1.066e-06   3.74135e-08
5.50   7.055e-07   3.09439e-08
5.70   4.605e-07   2.39857e-08
5.90   3.26e-07   1.97026e-08
6.10   2.43e-07   1.76083e-08
6.30   1.58e-07   1.40536e-08
6.50   1.245e-07   1.19994e-08
6.70   7.915e-08   9.30763e-09
6.90   5.485e-08   7.79609e-09
7.10   4.505e-08   6.78674e-09
7.38   2.925e-08   3.82786e-09
7.78   1.585e-08   2.73002e-09
8.44   6.34e-09   1.02814e-09
9.45   1.64e-09   5.08555e-10
10.46   3.26e-10   2.18038e-10
11.46   1.639e-10   1.64084e-09
12.46   3.11e-11   3.11e-11
 <I> Will apply corrections (if there) for file: pp_pichg_isr_62.4GeV_busser76_corr.txt
 <W> NO syst. errors added to point-to-point for file pp_pichg_isr_62.4GeV_busser76_corr.txt
 FUNCTION MUST BE MINIMIZED BEFORE CALLING MINOs     
dumping CORRECTED graph pp_pichg_isr_62.4GeV_busser76_corr.txt
3.35   5.49e-05   4.62002e-05
3.45   6.235e-05   1.43252e-05
3.55   4.155e-05   9.87065e-06
3.65   2.77e-05   7.24155e-06
3.75   2.655e-05   6.5858e-06
3.85   2.185e-05   5.65725e-06
3.95   1.47e-05   4.42316e-06
4.05   1.455e-05   4.24734e-06
4.15   9.92e-06   3.41761e-06
4.25   7.755e-06   2.89644e-06
4.35   4.12e-06   2.06475e-06
4.45   3.18e-06   1.51031e-06
4.55   3.3e-06   1.76777e-06
4.65   3.255e-06   1.46169e-06
4.80   2.08e-06   9.71315e-07
5.00   1.635e-06   8.2779e-07
5.20   1.41e-06   7.07107e-07
5.30   6.14e-07   3.28098e-07
5.40   1.81e-06   7.77817e-07
5.75   2.35e-07   1.66878e-07
7.00   5.33e-08   2.85671e-08
8.00   5.95e-09   2.45e-09
 <I> Will apply corrections (if there) for file: pp_pichg_isr_63GeV_alper75_corr.txt
 <W> NO syst. errors added to point-to-point for file pp_pichg_isr_63GeV_alper75_corr.txt
dumping CORRECTED graph pp_pichg_isr_63GeV_alper75_corr.txt
0.10   143   24.0416
0.20   66.95   5.04664
0.30   32.9   1.93802
0.40   16.65   0.984995
0.50   8.85   0.571212
0.60   4.515   0.325869
0.70   2.855   0.240571
0.80   1.255   0.0857287
0.90   1.043   0.15252
1.00   0.445   0.0263753
1.20   0.171   0.0112531
1.40   0.0638   0.00556901
1.50   0.04435   0.00674791
1.60   0.0393   0.00427061
1.70   0.02025   0.00152204
2.00   0.007255   0.000517032
2.40   0.00178   0.000197253
