2.1  9.2E-30 0.7E-30 
2.3  4.7E-30 0.5E-30 
2.5  2.1E-30 0.2E-30 
2.7  1.0E-30 0.1E-30 
2.9  5.8E-31 0.6E-31
3.1  2.8E-31 0.3E-31
3.3  1.7E-31 0.2E-31
3.5  8.9E-32 0.9E-32
3.7  4.7E-32 0.5E-32
3.9  3.3E-32 0.4E-32
4.1  2.1E-32 0.3E-32
4.3  1.2E-32 0.2E-32
4.5  8.7E-33 1.6E-33
4.7  4.8E-33 1.1E-33
4.9  3.4E-33 0.9E-33
5.1  2.0E-33 0.7E-33


2.9  5.8E-31 1.1E-31
3.1  2.8E-31 0.4E-31 
3.3  1.6E-31 0.3E-31 

read from table of: http://dx.doi.org/10.1016/0550-3213(79)90305-5

Invariant cross section for pi0 production (cm2c3GeV-2 at sqrt(s) = 53.2 and 0 = 90 °)
2 configurations:

2.1 (9.2 -~ 0.7) - 30 
2.3 (4.7 -+ 0.5) - 30 
2.5 (2.1 +- 0.2) - 30 
2.7 (1.0 -+ 0.1) - 30 
2.9 (5.8 -+ 1.1) - 31 (5.8 ± 0.6) 
3.1 (2.8 ± 0.4) - 31 (2.8 -+ 0.3) 
3.3 (1.6 ± 0.3) - 31 (1.7 ± 0.2) 
3.5 (8.9 ± 0.9)- 31 
3.7 (4.7 ± 0.5) - 31
3.9 (3.3 ± 0.4) - 31
4.1 (2.1 ± 0.3) - 31
4.3 (1.2 ± 0.2) - 31
4.5 (8.7 ± 1.6)  - 32
4.7 (4.8 ± 1.1)  - 32
4.9 (3.4 ± 0.9)  - 32
5.1 (2.0 -+ 0.7) - 32
