5.25 .19E-32 0.03E-32 -0.03E-32 
5.74 .09E-32 0.01E-32 -0.01E-32 
6.23 .46E-33 0.06E-33 -0.06E-33 
6.72 .22E-33 0.03E-33 -0.03E-33 
7.23 .12E-33 0.02E-33 -0.02E-33 
7.72 .63E-34 0.09E-34 -0.09E-34 
8.23 .31E-34 0.05E-34 -0.05E-34 
8.72 .17E-34 0.03E-34 -0.03E-34 
9.21 .88E-35 0.18E-35 -0.18E-35 
9.72 .40E-35 0.11E-35 -0.11E-35 
10.34 .19E-35 0.06E-35 -0.06E-35 
11.48 .79E-36 0.37E-36 -0.37E-36 
12.29 .15E-36 0.14E-36 -0.14E-36 
13.13 0.24E-37 0.64E-37 -0.24E-37 
14.61 0.26E-37 0.98E-37 -0.26E-37 
15.69 0.05E-37 0.59E-37 -0.05E-37 
16.51 0.01E-37 0.38E-37 -0.01E-37



13.13 +24E-37 0.64E-37 -0.24E-37 
14.61 +26E-37 0.98E-37 -0.26E-37 
15.69 +05E-37 0.59E-37 -0.05E-37 
16.51 +01E-37 0.38E-37 -0.01E-37


CLARK 78 PL 74B,267 
P P --> PI0 X 
W IN GEV 63. 
x = PT(P=3,RF=CM)
y = E(P=3,RF=CM)*D3(SIG)/D3(P(P=3,RF=CM)) IN CM**2/GEV**2 
x y dy 
