4.75   2.9684e-06   9.01158e-07 
5.25   1.312e-06   4.08673e-07 
5.75   5.535e-07   1.7562e-07 
6.25   2.419e-07   7.46069e-08 
6.75   1.1562e-07   3.76319e-08 
7.50   4.2886e-08   1.42464e-08 
9.00   7.8556e-09   6.36377e-09 
4.75   2.5349e-06   6.60435e-07 
5.25   9.15678e-07   2.27708e-07 
5.73   3.86672e-07   8.70011e-08 
6.23   1.92832e-07   4.43514e-08 
6.73   9.71126e-08   2.21148e-08 
7.23   5.27303e-08   1.19842e-08 
7.72   2.47575e-08   5.63974e-09 
8.23   1.30534e-08   2.95369e-09 
8.75   6.95052e-09   1.88006e-09 
9.38   2.85506e-09   7.94122e-10 
10.40   6.28656e-10   2.47709e-10 
3.72   3.03857e-05   8.11099e-06 
4.22   9.56353e-06   2.53212e-06 
4.72   3.08743e-06   8.70228e-07 
5.22   1.29792e-06   3.48322e-07 
5.72   5.66474e-07   1.50948e-07 
6.21   2.76665e-07   7.48021e-08 
6.71   1.2356e-07   3.28895e-08 
7.20   6.04585e-08   1.62492e-08 
7.70   2.85605e-08   7.29968e-09 
8.21   1.52958e-08   3.9243e-09 
8.71   8.73199e-09   2.23375e-09 
9.21   4.70423e-09   1.20779e-09 
9.70   2.63128e-09   6.91403e-10 
10.20   1.42529e-09   3.70573e-10 
10.70   7.3419e-10   1.96376e-10 
11.20   4.58836e-10   1.23302e-10 
11.70   2.59086e-10   7.15129e-11 
12.20   1.78857e-10   5.25719e-11 
12.70   9.35736e-11   3.19459e-11 
13.19   7.70398e-11   2.37028e-11 
13.68   3.71033e-11   1.29694e-11 
5.25   1.33305e-06   4.54666e-07 
5.74   6.15429e-07   1.98227e-07 
6.23   3.06468e-07   1.00908e-07 
6.72   1.42764e-07   4.73485e-08 
7.23   7.57408e-08   2.61473e-08 
7.72   3.86988e-08   1.294e-08 
8.23   1.8497e-08   6.33814e-09 
8.72   9.85341e-09   3.44928e-09 
9.21   4.94738e-09   1.80589e-09 
9.72   2.17407e-09   8.88516e-10 
10.34   9.87562e-10   4.31738e-10 
11.48   3.73196e-10   2.0804e-10 
12.29   6.5348e-11   6.41114e-11 
13.13   9.48653e-12   2.54595e-11 
14.61   8.36215e-12   3.16201e-11 
15.69   1.3471e-12   1.5901e-11 
16.51   2.32536e-13   8.83665e-12 
2.46   0.00217714   0.000585026 
2.56   0.00135623   0.000368818 
2.66   0.00108807   0.000299398 
2.75   0.000812566   0.000225626 
2.85   0.000535265   0.000139837 
2.96   0.000402282   0.000105138 
3.05   0.000284853   7.45734e-05 
3.14   0.000194162   5.10702e-05 
3.24   0.000152097   3.99649e-05 
3.34   0.000108389   2.85864e-05 
3.44   8.44799e-05   2.23636e-05 
3.53   6.2096e-05   1.65251e-05 
3.63   4.72449e-05   1.26308e-05 
3.73   3.38281e-05   9.132e-06 
3.82   3.05036e-05   8.24652e-06 
3.92   2.15643e-05   5.91198e-06 
4.04   1.56718e-05   4.33941e-06 
4.11   1.20906e-05   3.27826e-06 
4.20   9.26431e-06   2.58074e-06 
4.31   7.28356e-06   2.14819e-06 
4.41   7.61844e-06   2.22328e-06 
4.50   3.01681e-06   1.0123e-06 
4.61   4.82112e-06   1.44942e-06 
4.70   2.71775e-06   8.91487e-07 
4.79   2.70653e-06   8.87808e-07 
4.87   2.24712e-06   7.3711e-07 
4.97   1.69989e-06   6.28851e-07 
5.08   1.42415e-06   5.13683e-07 
5.19   9.74062e-07   3.67029e-07 
5.29   1.05762e-06   4.47099e-07 
5.39   8.15785e-07   3.44867e-07 
5.49   8.73037e-07   3.46586e-07 
5.57   3.47889e-07   1.96056e-07 
5.67   7.61718e-07   3.19741e-07 
5.77   5.77183e-07   2.69607e-07 
5.85   6.52216e-07   2.87132e-07 
5.96   7.93915e-07   3.2233e-07 
6.07   7.81247e-08   8.07221e-08 
6.15   1.52267e-07   1.1688e-07 
6.24   7.49626e-08   7.74549e-08 
3.05   0.000259662   6.74424e-05 
3.15   0.000195062   5.07212e-05 
3.25   0.000153006   3.97653e-05 
3.35   0.000110267   2.87028e-05 
3.45   8.34929e-05   2.17028e-05 
3.55   6.3095e-05   1.64114e-05 
3.65   4.9767e-05   1.29523e-05 
3.75   3.52171e-05   9.17235e-06 
3.85   2.83973e-05   7.391e-06 
3.95   2.11627e-05   5.53672e-06 
4.10   1.46081e-05   3.81032e-06 
4.30   8.00623e-06   2.10014e-06 
4.50   5.7228e-06   1.50904e-06 
4.70   3.27941e-06   8.71683e-07 
4.90   2.13628e-06   5.75483e-07 
5.20   1.4427e-06   3.86913e-07 
5.60   5.51486e-07   1.52299e-07 
6.00   2.51351e-07   7.35965e-08 
6.40   1.88059e-07   5.64795e-08 
6.50   1.18115e-07   3.48953e-08 
7.50   2.2976e-08   5.55239e-09 
8.50   6.10714e-09   1.47867e-09 
9.50   1.55267e-09   3.78836e-10 
10.50   5.21566e-10   1.28919e-10 
11.50   1.391e-10   3.61077e-11 
12.50   3.67045e-11   1.07852e-11 
13.50   1.5441e-11   5.15156e-12 
15.00   3.77404e-12   1.35953e-12 
0.23   38.495   3.93098 
0.28   32.25   2.8731 
0.33   25.08   2.21681 
0.38   19.085   1.65491 
0.42   14.435   1.2732 
0.47   10.76   1.06062 
0.53   7.825   0.770203 
0.57   5.9   0.6798 
0.62   4.73   0.587693 
0.68   3.42   0.468814 
0.72   2.59   0.37146 
0.78   1.99   0.332195 
0.82   1.501   0.246379 
0.88   1.124   0.238317 
0.93   0.786   0.162255 
0.97   0.787   0.177898 
1.05   0.531   0.0994391 
1.15   0.3395   0.0708091 
1.25   0.2355   0.0584262 
1.35   0.1145   0.0466159 
1.45   0.082   0.0351891 
3.35   5.49e-05   4.62002e-05 
3.45   6.235e-05   1.43252e-05 
3.55   4.155e-05   9.87065e-06 
3.65   2.77e-05   7.24155e-06 
3.75   2.655e-05   6.5858e-06 
3.85   2.185e-05   5.65725e-06 
3.95   1.47e-05   4.42316e-06 
4.05   1.455e-05   4.24734e-06 
4.15   9.92e-06   3.41761e-06 
4.25   7.755e-06   2.89644e-06 
4.35   4.12e-06   2.06475e-06 
4.45   3.18e-06   1.51031e-06 
4.55   3.3e-06   1.76777e-06 
4.65   3.255e-06   1.46169e-06 
4.80   2.08e-06   9.71315e-07 
5.00   1.635e-06   8.2779e-07 
5.20   1.41e-06   7.07107e-07 
5.30   6.14e-07   3.28098e-07 
5.40   1.81e-06   7.77817e-07 
5.75   2.35e-07   1.66878e-07 
7.00   5.33e-08   2.85671e-08 
8.00   1.19e-08   4.9e-09 
0.10   143   24.0416 
0.20   66.95   5.04664 
0.30   32.9   1.93802 
0.40   16.65   0.984995 
0.50   8.85   0.571212 
0.60   4.515   0.325869 
0.70   2.855   0.240571 
0.80   1.255   0.0857287 
0.90   1.043   0.15252 
1.00   0.445   0.0263753 
1.20   0.171   0.0112531 
1.40   0.0638   0.00556901 
1.50   0.04435   0.00674791 
1.60   0.0393   0.00427061 
1.70   0.02025   0.00152204 
2.00   0.007255   0.000517032 
2.40   0.00178   0.000197253 
0.25   30.7313   8.83793 
0.35   16.6656   4.79519 
0.45   8.87813   2.55687 
0.55   4.9875   1.43619 
0.65   2.86125   0.823975 
0.82   1.11594   0.32205 
1.12   0.25625   0.0741393 
1.42   0.0784375   0.0228191 
1.72   0.0214687   0.0064406 
2.18   0.00320313   0.00102282 
3.00   0.00018125   7.92968e-05 
0.25   28.9562   8.33569 
0.35   15.8656   4.5662 
0.45   9.0875   2.61717 
0.55   5.11563   1.47355 
0.65   2.94437   0.848435 
0.82   1.13281   0.326779 
1.12   0.2705   0.0781645 
1.42   0.0805625   0.0233457 
1.72   0.0214687   0.00633198 
2.18   0.0035875   0.0010961 
3.00   0.000283125   9.32773e-05 
2.25   0.0035   0.00152582 
2.33   0.00225   0.000565962 
2.55   0.001375   0.000349386 
2.73   0.00084375   0.00021324 
2.98   0.0004   0.000101213 
3.30   0.00015   3.80173e-05 
3.65   6.40625e-05   1.66875e-05 
4.05   2.40625e-05   6.40101e-06 
4.65   5.9375e-06   1.61059e-06 
5.80   7.5e-07   2.4407e-07 
  1.375E+01  2.024E-11  2.024E-12
  1.425E+01  1.156E-11  1.156E-12
  1.475E+01  6.620E-12  6.620E-13
  1.525E+01  3.763E-12  3.763E-13


3.05   0.000309075   0.000116273 
3.15   0.000246241   9.25745e-05 
3.25   0.000186686   7.03165e-05 
3.35   0.000145745   5.4841e-05 
3.45   0.000106993   4.00956e-05 
3.55   8.11765e-05   3.05505e-05 
3.65   6.19007e-05   2.33194e-05 
3.75   4.88129e-05   1.83873e-05 
3.85   3.48854e-05   1.31525e-05 
3.95   2.82793e-05   1.06854e-05 
4.10   1.90742e-05   7.20066e-06 
4.30   1.15297e-05   4.3636e-06 
4.50   6.98438e-06   2.64329e-06 
4.70   4.7017e-06   1.79089e-06 
4.90   2.86334e-06   1.09807e-06 
5.20   1.74364e-06   6.65536e-07 
5.60   8.57191e-07   3.32483e-07 
6.00   3.6382e-07   1.45657e-07 
4.10   2.13073e-05   7.75854e-06 
4.30   1.319e-05   4.81937e-06 
4.50   8.19111e-06   2.98771e-06 
4.70   5.30866e-06   1.93591e-06 
4.90   3.44678e-06   1.25867e-06 
5.20   1.90295e-06   6.93914e-07 
5.60   8.26794e-07   3.01881e-07 
6.00   3.55299e-07   1.30131e-07 
6.40   1.94745e-07   7.15413e-08 
6.80   1.02478e-07   3.7917e-08 
7.25   4.63596e-08   1.725e-08 
7.75   2.191e-08   8.2827e-09 
8.50   8.58463e-09   3.26597e-09 
9.50   1.62389e-09   6.78383e-10 
6.50   1.51387e-07   6.16973e-08 
7.50   5.56177e-08   2.03299e-08 
8.50   1.1898e-08   4.35663e-09 
9.50   3.30477e-09   1.20817e-09 
10.50   9.34946e-10   3.4222e-10 
11.50   3.05401e-10   1.12942e-10 
12.50   9.57019e-11   3.63322e-11 
13.50   2.6808e-11   1.10755e-11 
15.00   5.44411e-12   2.24495e-12 


// pQCD with 10% errors:
  1.250E+00  1.856E-01  1.856E-02
  1.750E+00  1.330E-02  1.330E-03
  2.250E+00  1.632E-03  1.632E-04
  2.750E+00  3.000e-04  3.000e-05
  3.250E+00  7.182E-05  7.182E-06
  3.250E+00  7.182E-05  7.182E-06
  3.750E+00  2.095E-05  2.095E-06
  4.250E+00  6.947E-06  6.947E-07
  4.750E+00  2.584E-06  2.584E-07
  5.250E+00  1.042E-06  1.042E-07
  5.750E+00  4.498E-07  4.498E-08
  6.250E+00  2.045E-07  2.045E-08
  6.750E+00  9.683E-08  9.683E-09
  7.250E+00  4.770E-08  4.770E-09
  7.750E+00  2.413E-08  2.413E-09
  8.250E+00  1.250E-08  1.250E-09
  8.750E+00  6.633E-09  6.633E-10
  9.250E+00  3.557E-09  3.557E-10
  9.750E+00  1.944E-09  1.944E-10
  1.025E+01  1.075E-09  1.075E-10
  1.075E+01  6.014E-10  6.014E-11
  1.125E+01  3.377E-10  3.377E-11
  1.175E+01  1.910E-10  1.910E-11
  1.225E+01  1.085E-10  1.085E-11
  1.275E+01  6.189E-11  6.189E-12
  1.325E+01  3.538E-11  3.538E-12
  1.375E+01  2.024E-11  2.024E-12
  1.425E+01  1.156E-11  1.156E-12
  1.475E+01  6.620E-12  6.620E-13
  1.525E+01  3.763E-12  3.763E-13

// not considered

dumping CORRECTED graph pp_pi0_isr_62.4GeV_busser73.txt
2.89   0.00033984   0.000195799 
3.25   0.00028224   0.000162988 
3.44   0.00015912   9.43596e-05 
3.64   5.7024e-05   3.58085e-05 
3.92   4.9968e-05   3.13671e-05 
4.18   2.88e-05   1.81125e-05 
4.56   1.1664e-05   8.29339e-06 


dumping CORRECTED graph pp_pi0_isr_62.9GeV_eggert75.txt
0.70   1.2107   0.430572 
0.89   0.472276   0.170509 
1.08   0.160308   0.0598028 
1.28   0.0558355   0.0219531 
1.48   0.0220086   0.00937936 
1.69   0.0077406   0.00363894 
1.90   0.00371378   0.00194335 
2.13   0.00173837   0.000927438 
2.37   0.000864672   0.000461014 
2.61   0.000428783   0.000218139 
2.85   0.000223745   0.000107848 
3.09   0.000121795   5.65243e-05 
3.31   6.70786e-05   2.9727e-05 
3.52   3.87432e-05   1.66887e-05 
3.72   2.28345e-05   9.57957e-06 
3.92   1.30385e-05   5.28157e-06 
4.12   8.68605e-06   3.50657e-06 
4.31   5.44402e-06   2.16927e-06 
4.49   4.09099e-06   1.61752e-06 
4.68   2.75221e-06   1.07606e-06 
4.87   1.86735e-06   7.32654e-07 
5.04   1.45399e-06   5.7148e-07 
5.22   1.05405e-06   4.19139e-07 
5.41   9.11467e-07   3.61675e-07 
5.59   5.87231e-07   2.39422e-07 
5.78   5.28151e-07   2.18755e-07 
5.96   3.51461e-07   1.51025e-07 
6.22   2.47971e-07   1.1302e-07 
6.42   2.32141e-07   1.09104e-07 

dumping CORRECTED graph pp_pichg_isr_63GeV_50deg_drijard82.txt
3.78   3.29e-05   2.75019e-06 
4.18   1.23e-05   1.55353e-06 
4.66   4.27e-06   7.26409e-07 
5.10   1.52e-06   4.93934e-08 
5.30   1.066e-06   3.74135e-08 
5.50   7.055e-07   3.09439e-08 
5.70   4.605e-07   2.39857e-08 
5.90   3.26e-07   1.97026e-08 
6.10   2.43e-07   1.76083e-08 
6.30   1.58e-07   1.40536e-08 
6.50   1.245e-07   1.19994e-08 
6.70   7.915e-08   9.30763e-09 
6.90   5.485e-08   7.79609e-09 
7.10   4.505e-08   6.78674e-09 
7.38   2.925e-08   3.82786e-09 
7.78   1.585e-08   2.73002e-09 
8.44   6.34e-09   1.02814e-09 
9.45   1.64e-09   5.08555e-10 
10.46   3.26e-10   2.18038e-10 
11.46   1.639e-10   1.64084e-09 
12.46   6.22e-11   6.22e-11 

dumping CORRECTED graph pp_pichg_isr_62.4GeV_busser76.txt
3.35   5.49e-05   4.62002e-05 
3.45   6.235e-05   1.43252e-05 
3.55   4.155e-05   9.87065e-06 
3.65   2.77e-05   7.24155e-06 
3.75   2.655e-05   6.5858e-06 
3.85   2.185e-05   5.65725e-06 
3.95   1.47e-05   4.42316e-06 
4.05   1.455e-05   4.24734e-06 
4.15   9.92e-06   3.41761e-06 
4.25   7.755e-06   2.89644e-06 
4.35   4.12e-06   2.06475e-06 
4.45   3.18e-06   1.51031e-06 
4.55   3.3e-06   1.76777e-06 
4.65   3.255e-06   1.46169e-06 
4.80   2.08e-06   9.71315e-07 
5.00   1.635e-06   8.2779e-07 
5.20   1.41e-06   7.07107e-07 
5.30   6.14e-07   3.28098e-07 
5.40   1.81e-06   7.77817e-07 
5.75   2.35e-07   1.66878e-07 
7.00   5.33e-08   2.85671e-08 
8.00   1.19e-08   4.9e-09 


//=============================================================================
Sum of following files:


dumping CORRECTED graph pp_meson0_isr_62.4GeV_angelis89.txt
4.75   2.9684e-06   9.01158e-07 
5.25   1.312e-06   4.08673e-07 
5.75   5.535e-07   1.7562e-07 
6.25   2.419e-07   7.46069e-08 
6.75   1.1562e-07   3.76319e-08 
7.50   4.2886e-08   1.42464e-08 
9.00   7.8556e-09   6.36377e-09 
dumping CORRECTED graph pp_pi0_isr_63GeV_akesson89.txt
4.75   2.5349e-06   6.60435e-07 
5.25   9.15678e-07   2.27708e-07 
5.73   3.86672e-07   8.70011e-08 
6.23   1.92832e-07   4.43514e-08 
6.73   9.71126e-08   2.21148e-08 
7.23   5.27303e-08   1.19842e-08 
7.72   2.47575e-08   5.63974e-09 
8.23   1.30534e-08   2.95369e-09 
8.75   6.95052e-09   1.88006e-09 
9.38   2.85506e-09   7.94122e-10 
10.40   6.28656e-10   2.47709e-10 
dumping CORRECTED graph pp_pi0_isr_62.8GeV_kourkoumelis80.txt
3.05   0.000309075   0.000116273 
3.15   0.000246241   9.25745e-05 
3.25   0.000186686   7.03165e-05 
3.35   0.000145745   5.4841e-05 
3.45   0.000106993   4.00956e-05 
3.55   8.11765e-05   3.05505e-05 
3.65   6.19007e-05   2.33194e-05 
3.75   4.88129e-05   1.83873e-05 
3.85   3.48854e-05   1.31525e-05 
3.95   2.82793e-05   1.06854e-05 
4.10   1.90742e-05   7.20066e-06 
4.30   1.15297e-05   4.3636e-06 
4.50   6.98438e-06   2.64329e-06 
4.70   4.7017e-06   1.79089e-06 
4.90   2.86334e-06   1.09807e-06 
5.20   1.74364e-06   6.65536e-07 
5.60   8.57191e-07   3.32483e-07 
6.00   3.6382e-07   1.45657e-07 
4.10   2.13073e-05   7.75854e-06 
4.30   1.319e-05   4.81937e-06 
4.50   8.19111e-06   2.98771e-06 
4.70   5.30866e-06   1.93591e-06 
4.90   3.44678e-06   1.25867e-06 
5.20   1.90295e-06   6.93914e-07 
5.60   8.26794e-07   3.01881e-07 
6.00   3.55299e-07   1.30131e-07 
6.40   1.94745e-07   7.15413e-08 
6.80   1.02478e-07   3.7917e-08 
7.25   4.63596e-08   1.725e-08 
7.75   2.191e-08   8.2827e-09 
8.50   8.58463e-09   3.26597e-09 
9.50   1.62389e-09   6.78383e-10 
6.50   1.51387e-07   6.16973e-08 
7.50   5.56177e-08   2.03299e-08 
8.50   1.1898e-08   4.35663e-09 
9.50   3.30477e-09   1.20817e-09 
10.50   9.34946e-10   3.4222e-10 
11.50   3.05401e-10   1.12942e-10 
12.50   9.57019e-11   3.63322e-11 
13.50   2.6808e-11   1.10755e-11 
15.00   5.44411e-12   2.24495e-12 
dumping CORRECTED graph pp_pi0_isr_62.4GeV_angelis78.txt
3.72   3.03857e-05   8.11099e-06 
4.22   9.56353e-06   2.53212e-06 
4.72   3.08743e-06   8.70228e-07 
5.22   1.29792e-06   3.48322e-07 
5.72   5.66474e-07   1.50948e-07 
6.21   2.76665e-07   7.48021e-08 
6.71   1.2356e-07   3.28895e-08 
7.20   6.04585e-08   1.62492e-08 
7.70   2.85605e-08   7.29968e-09 
8.21   1.52958e-08   3.9243e-09 
8.71   8.73199e-09   2.23375e-09 
9.21   4.70423e-09   1.20779e-09 
9.70   2.63128e-09   6.91403e-10 
10.20   1.42529e-09   3.70573e-10 
10.70   7.3419e-10   1.96376e-10 
11.20   4.58836e-10   1.23302e-10 
11.70   2.59086e-10   7.15129e-11 
12.20   1.78857e-10   5.25719e-11 
12.70   9.35736e-11   3.19459e-11 
13.19   7.70398e-11   2.37028e-11 
13.68   3.71033e-11   1.29694e-11 
dumping CORRECTED graph pp_pi0_isr_63GeV_clark78.txt
5.25   1.33305e-06   4.54666e-07 
5.74   6.15429e-07   1.98227e-07 
6.23   3.06468e-07   1.00908e-07 
6.72   1.42764e-07   4.73485e-08 
7.23   7.57408e-08   2.61473e-08 
7.72   3.86988e-08   1.294e-08 
8.23   1.8497e-08   6.33814e-09 
8.72   9.85341e-09   3.44928e-09 
9.21   4.94738e-09   1.80589e-09 
9.72   2.17407e-09   8.88516e-10 
10.34   9.87562e-10   4.31738e-10 
11.48   3.73196e-10   2.0804e-10 
12.29   6.5348e-11   6.41114e-11 
13.13   9.48653e-12   2.54595e-11 
14.61   8.36215e-12   3.16201e-11 
15.69   1.3471e-12   1.5901e-11 
16.51   2.32536e-13   8.83665e-12 
dumping CORRECTED graph pp_pi0_isr_62.4GeV_busser76.txt
2.46   0.00217714   0.000585026 
2.56   0.00135623   0.000368818 
2.66   0.00108807   0.000299398 
2.75   0.000812566   0.000225626 
2.85   0.000535265   0.000139837 
2.96   0.000402282   0.000105138 
3.05   0.000284853   7.45734e-05 
3.14   0.000194162   5.10702e-05 
3.24   0.000152097   3.99649e-05 
3.34   0.000108389   2.85864e-05 
3.44   8.44799e-05   2.23636e-05 
3.53   6.2096e-05   1.65251e-05 
3.63   4.72449e-05   1.26308e-05 
3.73   3.38281e-05   9.132e-06 
3.82   3.05036e-05   8.24652e-06 
3.92   2.15643e-05   5.91198e-06 
4.04   1.56718e-05   4.33941e-06 
4.11   1.20906e-05   3.27826e-06 
4.20   9.26431e-06   2.58074e-06 
4.31   7.28356e-06   2.14819e-06 
4.41   7.61844e-06   2.22328e-06 
4.50   3.01681e-06   1.0123e-06 
4.61   4.82112e-06   1.44942e-06 
4.70   2.71775e-06   8.91487e-07 
4.79   2.70653e-06   8.87808e-07 
4.87   2.24712e-06   7.3711e-07 
4.97   1.69989e-06   6.28851e-07 
5.08   1.42415e-06   5.13683e-07 
5.19   9.74062e-07   3.67029e-07 
5.29   1.05762e-06   4.47099e-07 
5.39   8.15785e-07   3.44867e-07 
5.49   8.73037e-07   3.46586e-07 
5.57   3.47889e-07   1.96056e-07 
5.67   7.61718e-07   3.19741e-07 
5.77   5.77183e-07   2.69607e-07 
5.85   6.52216e-07   2.87132e-07 
5.96   7.93915e-07   3.2233e-07 
6.07   7.81247e-08   8.07221e-08 
6.15   1.52267e-07   1.1688e-07 
6.24   7.49626e-08   7.74549e-08 
dumping CORRECTED graph pp_pi0_isr_62.9GeV_eggert75.txt
0.70   1.2107   0.430572 
0.89   0.472276   0.170509 
1.08   0.160308   0.0598028 
1.28   0.0558355   0.0219531 
1.48   0.0220086   0.00937936 
1.69   0.0077406   0.00363894 
1.90   0.00371378   0.00194335 
2.13   0.00173837   0.000927438 
2.37   0.000864672   0.000461014 
2.61   0.000428783   0.000218139 
2.85   0.000223745   0.000107848 
3.09   0.000121795   5.65243e-05 
3.31   6.70786e-05   2.9727e-05 
3.52   3.87432e-05   1.66887e-05 
3.72   2.28345e-05   9.57957e-06 
3.92   1.30385e-05   5.28157e-06 
4.12   8.68605e-06   3.50657e-06 
4.31   5.44402e-06   2.16927e-06 
4.49   4.09099e-06   1.61752e-06 
4.68   2.75221e-06   1.07606e-06 
4.87   1.86735e-06   7.32654e-07 
5.04   1.45399e-06   5.7148e-07 
5.22   1.05405e-06   4.19139e-07 
5.41   9.11467e-07   3.61675e-07 
5.59   5.87231e-07   2.39422e-07 
5.78   5.28151e-07   2.18755e-07 
5.96   3.51461e-07   1.51025e-07 
6.22   2.47971e-07   1.1302e-07 
6.42   2.32141e-07   1.09104e-07 
dumping CORRECTED graph pp_pi0_isr_62.4GeV_busser73.txt
2.89   0.00033984   0.000195799 
3.25   0.00028224   0.000162988 
3.44   0.00015912   9.43596e-05 
3.64   5.7024e-05   3.58085e-05 
3.92   4.9968e-05   3.13671e-05 
4.18   2.88e-05   1.81125e-05 
4.56   1.1664e-05   8.29339e-06 
dumping CORRECTED graph pp_pi0_isr_62.4GeV_kourkoumelis79.txt
3.05   0.000259662   6.74424e-05 
3.15   0.000195062   5.07212e-05 
3.25   0.000153006   3.97653e-05 
3.35   0.000110267   2.87028e-05 
3.45   8.34929e-05   2.17028e-05 
3.55   6.3095e-05   1.64114e-05 
3.65   4.9767e-05   1.29523e-05 
3.75   3.52171e-05   9.17235e-06 
3.85   2.83973e-05   7.391e-06 
3.95   2.11627e-05   5.53672e-06 
4.10   1.46081e-05   3.81032e-06 
4.30   8.00623e-06   2.10014e-06 
4.50   5.7228e-06   1.50904e-06 
4.70   3.27941e-06   8.71683e-07 
4.90   2.13628e-06   5.75483e-07 
5.20   1.4427e-06   3.86913e-07 
5.60   5.51486e-07   1.52299e-07 
6.00   2.51351e-07   7.35965e-08 
6.40   1.88059e-07   5.64795e-08 
6.50   1.18115e-07   3.48953e-08 
7.50   2.2976e-08   5.55239e-09 
8.50   6.10714e-09   1.47867e-09 
9.50   1.55267e-09   3.78836e-10 
10.50   5.21566e-10   1.28919e-10 
11.50   1.391e-10   3.61077e-11 
12.50   3.67045e-11   1.07852e-11 
13.50   1.5441e-11   5.15156e-12 
15.00   3.77404e-12   1.35953e-12 
dumping CORRECTED graph pp_pichg_isr_63GeV_50deg_drijard82.txt
3.78   3.29e-05   2.75019e-06 
4.18   1.23e-05   1.55353e-06 
4.66   4.27e-06   7.26409e-07 
5.10   1.52e-06   4.93934e-08 
5.30   1.066e-06   3.74135e-08 
5.50   7.055e-07   3.09439e-08 
5.70   4.605e-07   2.39857e-08 
5.90   3.26e-07   1.97026e-08 
6.10   2.43e-07   1.76083e-08 
6.30   1.58e-07   1.40536e-08 
6.50   1.245e-07   1.19994e-08 
6.70   7.915e-08   9.30763e-09 
6.90   5.485e-08   7.79609e-09 
7.10   4.505e-08   6.78674e-09 
7.38   2.925e-08   3.82786e-09 
7.78   1.585e-08   2.73002e-09 
8.44   6.34e-09   1.02814e-09 
9.45   1.64e-09   5.08555e-10 
10.46   3.26e-10   2.18038e-10 
11.46   1.639e-10   1.64084e-09 
12.46   6.22e-11   6.22e-11 
dumping CORRECTED graph pp_pichg_isr_62GeV_banner77.txt
0.23   38.495   3.93098 
0.28   32.25   2.8731 
0.33   25.08   2.21681 
0.38   19.085   1.65491 
0.42   14.435   1.2732 
0.47   10.76   1.06062 
0.53   7.825   0.770203 
0.57   5.9   0.6798 
0.62   4.73   0.587693 
0.68   3.42   0.468814 
0.72   2.59   0.37146 
0.78   1.99   0.332195 
0.82   1.501   0.246379 
0.88   1.124   0.238317 
0.93   0.786   0.162255 
0.97   0.787   0.177898 
1.05   0.531   0.0994391 
1.15   0.3395   0.0708091 
1.25   0.2355   0.0584262 
1.35   0.1145   0.0466159 
1.45   0.082   0.0351891 
dumping CORRECTED graph pp_pichg_isr_62.4GeV_busser76.txt
3.35   5.49e-05   4.62002e-05 
3.45   6.235e-05   1.43252e-05 
3.55   4.155e-05   9.87065e-06 
3.65   2.77e-05   7.24155e-06 
3.75   2.655e-05   6.5858e-06 
3.85   2.185e-05   5.65725e-06 
3.95   1.47e-05   4.42316e-06 
4.05   1.455e-05   4.24734e-06 
4.15   9.92e-06   3.41761e-06 
4.25   7.755e-06   2.89644e-06 
4.35   4.12e-06   2.06475e-06 
4.45   3.18e-06   1.51031e-06 
4.55   3.3e-06   1.76777e-06 
4.65   3.255e-06   1.46169e-06 
4.80   2.08e-06   9.71315e-07 
5.00   1.635e-06   8.2779e-07 
5.20   1.41e-06   7.07107e-07 
5.30   6.14e-07   3.28098e-07 
5.40   1.81e-06   7.77817e-07 
5.75   2.35e-07   1.66878e-07 
7.00   5.33e-08   2.85671e-08 
8.00   1.19e-08   4.9e-09 
dumping CORRECTED graph pp_pichg_isr_63GeV_alper75.txt
0.10   143   24.0416 
0.20   66.95   5.04664 
0.30   32.9   1.93802 
0.40   16.65   0.984995 
0.50   8.85   0.571212 
0.60   4.515   0.325869 
0.70   2.855   0.240571 
0.80   1.255   0.0857287 
0.90   1.043   0.15252 
1.00   0.445   0.0263753 
1.20   0.171   0.0112531 
1.40   0.0638   0.00556901 
1.50   0.04435   0.00674791 
1.60   0.0393   0.00427061 
1.70   0.02025   0.00152204 
2.00   0.007255   0.000517032 
2.40   0.00178   0.000197253 
dumping CORRECTED graph pp_chghad_isr_62GeV_breakstone95_eta0.25.txt
0.25   30.7313   8.83793 
0.35   16.6656   4.79519 
0.45   8.87813   2.55687 
0.55   4.9875   1.43619 
0.65   2.86125   0.823975 
0.82   1.11594   0.32205 
1.12   0.25625   0.0741393 
1.42   0.0784375   0.0228191 
1.72   0.0214687   0.0064406 
2.18   0.00320313   0.00102282 
3.00   0.00018125   7.92968e-05 
dumping CORRECTED graph pp_chghad_isr_62GeV_breakstone95_eta0.75.txt
0.25   28.9562   8.33569 
0.35   15.8656   4.5662 
0.45   9.0875   2.61717 
0.55   5.11563   1.47355 
0.65   2.94437   0.848435 
0.82   1.13281   0.326779 
1.12   0.2705   0.0781645 
1.42   0.0805625   0.0233457 
1.72   0.0214687   0.00633198 
2.18   0.0035875   0.0010961 
3.00   0.000283125   9.32773e-05 
dumping CORRECTED graph pp_chhad_isr_63GeV_akesson82.txt
2.25   0.0035   0.00152582 
2.33   0.00225   0.000565962 
2.55   0.001375   0.000349386 
2.73   0.00084375   0.00021324 
2.98   0.0004   0.000101213 
3.30   0.00015   3.80173e-05 
3.65   6.40625e-05   1.66875e-05 
4.05   2.40625e-05   6.40101e-06 
4.65   5.9375e-06   1.61059e-06 
5.80   7.5e-07   2.4407e-07 
