3.0 3.1 2.68E-31 0.37E-31 
3.1 3.2 2.02E-31 0.28E-31 
3.2 3.3 1.59E-31 0.22E-31 
3.3 3.4 1.15E-31 0.16E-31 
3.4 3.5 8.74E-32 1.21E-32 
3.5 3.6 6.63E-32 0.92E-32 
3.6 3.7 5.25E-32 0.73E-32 
3.7 3.8 3.73E-32 0.52E-32 
3.8 3.9 3.02E-32 0.42E-32 
3.9 4.0 2.26E-32 0.32E-32 
4.0 4.2 1.57E-32 0.22E-32 
4.2 4.4 8.68E-33 1.24E-33 
4.4 4.6 6.26E-33 0.91E-33 
4.6 4.8 3.62E-33 0.54E-33 
4.8 5.0 2.38E-33 0.37E-33 
5.0 5.4 1.63E-33 0.25E-33 
5.4 5.8 6.35E-34 1.06E-34 
5.8 6.2 2.95E-34 0.57E-34 
6.2 6.6 2.25E-34 0.46E-34 
6.5 6.5 1.42E-34 0.28E-34 
7.5 7.5 2.90E-35 0.29E-35 
8.5 8.5 8.11E-36 0.82E-36 
9.5 9.5 2.18E-36 0.23E-36 
10.5 10.5 7.81E-37 0.88E-37 
11.5 11.5 2.25E-37 0.31E-37 
12.5 12.5 6.52E-38 1.27E-38 
13.5 13.5 3.07E-38 0.77E-38 
15.0 15.0 9.22E-39 2.63E-39 




KOURKOUMELIS 79 PL 83B,257 
P P --> PI0 X 
W IN GEV 62.4 
THETA(P=3,P=1,RF=CM) IN DEG 90. 
x = PT(P=3,RF=CM) IN GEV 
y = E(P=3,RF=CM)*D3(SIG)/D3(P(P=3,RF=CM)) IN CM**2/GEV**2 
x1 TO x2 y +- dy 

TOTAL NORMALISATION UNCERTAINTY IS 22 PCT.