0.2  2.81     0.435
0.3  1.78     0.1359
0.4  1.183    0.08505
0.5  0.861    0.05535
0.6  0.590    0.0297
0.7  0.3745    0.0236
0.8  0.2575    0.01255
0.9  0.1685    0.0134
1.0  0.130    0.006795
1.1  0.0861    0.004605
1.2  0.0547    0.0119
1.3  0.05985    0.0128
1.5  0.02065    0.00165
1.7  0.00971    0.001933
1.9  0.004105    0.000601
2.3  0.0007795    7.73e-05
2.46 0.000444     4.40e-05
3.0  6.605e-05    4.22e-06
3.85 5.675e-06    8.565e-07
4.7  6.625e-07    4.42e-07


(p + pbar)/2. (pT = 2.46 is the result of a local fit)