4.500E-01 8.895E+02 2.137E+02
5.500E-01 5.116E+02 7.883E+01 
6.500E-01 2.708E+02 3.499E+01
7.500E-01 1.565E+02 1.726E+01 
8.500E-01 8.885E+01 9.637E+00 
9.500E-01 4.453E+01 5.210E+00 
1.050E+00 2.380E+01 2.920E+00 
1.150E+00 1.759E+01 1.985E+00 
1.250E+00 1.090E+01 1.290E+00 
1.350E+00 7.902E+00 9.954E-01
1.450E+00 4.156E+00 5.827E-01 
1.550E+00 2.656E+00 3.540E-01 
1.650E+00 1.611E+00 2.385E-01 
1.750E+00 6.605E-01 1.575E-01 
1.850E+00 4.543E-01 1.198E-01 
1.950E+00 3.343E-01 9.999E-02 
2.050E+00 2.310E-01 7.313E-02
2.150E+00 1.141E-01 5.097E-02 
2.250E+00 7.314E-02 3.868E-02 
2.350E+00 4.929E-02 3.018E-02 
2.500E+00 1.926E-02 8.812E-03 
2.700E+00 1.238E-02 5.996E-03


ALBRECHT 88 PL 201B, 390 O16 C --> PI0 X PLAB IN GEV/NUCLEON 200 x = PT
IN GEV y = E*D3(SIG)/D(P**3) IN MB.GEV**2 x y +- dy 