0.4 0.5 30000. 7000. 
0.5 0.6 10000. 2000. 
0.6 0.7 5500. 700. 
0.7 0.8 3300. 400. 
0.8 0.9 2000. 200. 
0.9 1.0 1200. 100. 
1.0 1.1 790. 80. 
1.1 1.2 480. 50. 
1.2 1.3 310. 30. 
1.3 1.4 160. 20. 
1.4 1.5 100. 10. 
1.5 1.6 69. 9. 
1.6 1.7 50. 7. 
1.7 1.8 38. 5. 
1.8 1.9 25. 3. 
1.9 2.0 14. 2. 
2.0 2.1 9.6 1.5 
2.1 2.2 6.6 1.0 
2.2 2.3 4.5 0.7 
2.3 2.4 2.4 0.5 
2.4 2.5 1.9 0.4 
2.5 2.6 1.3 0.3 
2.6 2.7 0.65 0.03 
2.7 2.8 0.53 0.23 
2.8 3.0 0.36 0.13 
3.0 3.2 0.17 0.08 
3.2 3.6 0.046 0.027 


ALBRECHT 90 ZP C47, 367 
Data for central collisions (0--30%)
O16 AU --> PI0 X 
ETARAP 1.5 TO 2.1 
PLAB IN GEV 200*A 
x = PT IN GEV 
y = E*D3(SIG)/DP**3 IN MB/GEV**2 
x1TO x2 y +- dy 

http://durpdg.dur.ac.uk/cgi-hepdata/hepreac/1928686