4.500E-01 4.205E+04 9.960E+03 
5.500E-01 1.591E+04 2.338E+03 
6.500E-01 8.728E+03 9.561E+02
7.500E-01 5.404E+03 5.162E+02 
8.500E-01 3.319E+03 2.881E+02 
9.500E-01 1.979E+03 1.652E+02 
1.050E+00 1.141E+03 9.559E+01 
1.150E+00 7.784E+02 6.559E+01 
1.250E+00 4.648E+02 4.085E+01 
1.350E+00 2.291E+02 2.341E+01
1.450E+00 1.478E+02 1.469E+01 
1.550E+00 9.488E+01 1.001E+01 
1.650E+00 6.084E+01 7.692E+00 
1.750E+00 4.498E+01 5.299E+00 
1.850E+00 3.123E+01 3.302E+00 
1.950E+00 1.964E+01 2.451E+00 
2.050E+00 1.248E+01 1.855E+00
2.150E+00 7.928E+00 1.410E+00 
2.250E+00 5.750E+00 9.264E-01 
2.350E+00 2.904E+00 5.205E-01 
2.450E+00 2.362E+00 4.494E-01 
2.550E+00 1.635E+00 3.173E-01 
2.650E+00 1.196E+00 2.364E-01 
2.750E+00 7.451E-01 1.830E-01
2.850E+00 4.495E-01 1.380E-01 
2.950E+00 2.987E-01 1.245E-01 
3.050E+00 2.685E-01 1.037E-01 
3.150E+00 1.271E-01 7.777E-02 
3.300E+00 8.913E-02 3.851E-02 
3.500E+00 5.455E-02 3.094E-02


ALBRECHT 88 PL 201B, 390 
O16 AU --> PI0 X 
PLAB IN GEV/NUCLEON 200 
x = PT IN GEV 
y = E*D3(SIG)/D(P**3) IN MB.GEV**2 
x y +- dy 
