0.4 0.5 6100. 1500. 
0.5 0.6 3000. 500. 
0.6 0.7 1400. 200. 
0.7 0.8 970. 100. 
0.8 0.9 580. 60. 
0.9 1.0 300. 30. 
1.0 1.1 160. 20. 
1.1 1.2 130. 10. 
1.2 1.3 79. 10. 
1.3 1.4 38. 5. 
1.4 1.5 21. 3.
1.5 1.6 13. 2. 
1.6 1.7 6.6 1.3 
1.7 1.8 4.8 1.0 
1.8 1.9 3.5 0.6
1.9 2.0 1.9 0.3 
2.0 2.2 1.1 0.2 
2.2 2.4 0.47 0.06 
2.4 2.6 0.28 0.04 
2.6 2.8 0.10 0.02


ALBRECHT 90 ZP C47, 367 
Data for peripheral collisions (40--88%) 
O16 AU --> PI0 X
ETARAP 1.5 TO 2.1 
PLAB IN GEV 200*A 
x = PT IN GEV 
y = E*D3(SIG)/DP**3 IN MB/GEV**2 
x1TO x2 y +- dy 
