4.500E-01 2.412E+04 5.695E+03 
5.500E-01 1.126E+04 1.753E+03 
6.500E-01 5.869E+03 7.219E+02
7.500E-01 3.883E+03 4.017E+02 
8.500E-01 2.228E+03 2.287E+02 
9.500E-01 1.280E+03 1.290E+02 
1.050E+00 6.716E+02 6.751E+01 
1.150E+00 4.143E+02 4.196E+01 
1.250E+00 2.462E+02 2.609E+01 
1.350E+00 1.561E+02 1.497E+01
1.450E+00 1.091E+02 1.071E+01 
1.550E+00 7.186E+01 7.700E+00 
1.650E+00 3.596E+01 4.144E+00 
1.750E+00 2.254E+01 2.594E+00 
1.850E+00 1.482E+01 2.008E+00 
1.950E+00 1.020E+01 1.190E+00 
2.050E+00 6.201E+00 9.215E-01
2.150E+00 4.141E+00 7.877E-01 
2.250E+00 2.429E+00 4.798E-01 
2.350E+00 1.482E+00 3.471E-01 
2.450E+00 1.353E+00 2.801E-01 
2.550E+00 8.816E-01 2.096E-01 
2.650E+00 5.008E-01 1.608E-01 
2.750E+00 2.929E-01 1.208E-01
3.000E+00 5.367E-02 4.317E-02


ALBRECHT 88 PL 201B, 390 O16 AU --> PI0 X PLAB IN GEV/NUCLEON 60 x = PT
IN GEV y = E*D3(SIG)/D(P**3) IN MB.GEV**2 x y +- dy 