0  443.491  63.1924  150.979   
1  443.491  51.2424  150.979   
2  443.491  39.2924  150.979   
3  443.491  27.3424  150.979   
4  443.491  15.3924  150.979   
5  443.491  3.4424  150.979   
6  443.491  -8.5076  150.979   
7  443.491  -20.4576  150.979  
8  443.491  -32.4076  150.979  
9  443.491  -44.3576  150.979  
10  443.491  63.1924  174.079  
11  443.491  51.2424  174.079  
12  443.491  39.2924  174.079  
13  443.491  27.3424  174.079  
14  443.491  15.3924  174.079  
15  443.491  3.4424  174.079   
16  443.491  -8.5076  174.079  
17  443.491  -20.4576  174.079 
18  443.491  -32.4076  174.079 
19  443.491  -44.3576  174.079 
20  443.491  63.1924  104.779  
21  443.491  51.2424  104.779  
22  443.491  39.2924  104.779  
23  443.491  27.3424  104.779  
24  443.491  15.3924  104.779  
25  443.491  3.4424  104.779   
26  443.491  -8.5076  104.779  
27  443.491  -20.4576  104.779 
28  443.491  -32.4076  104.779 
29  443.491  -44.3576  104.779 
30  443.491  63.1924  127.879  
31  443.491  51.2424  127.879  
32  443.491  39.2924  127.879  
33  443.491  27.3424  127.879  
34  443.491  15.3924  127.879  
35  443.491  3.4424  127.879   
36  443.491  -8.5076  127.879  
37  443.491  -20.4576  127.879 
38  443.491  -32.4076  127.879 
39  443.491  -44.3576  127.879 
40  443.491  63.1924  58.5794  
41  443.491  51.2424  58.5794  
42  443.491  39.2924  58.5794  
43  443.491  27.3424  58.5794  
44  443.491  15.3924  58.5794  
45  443.491  3.4424  58.5794   
46  443.491  -8.5076  58.5794  
47  443.491  -20.4576  58.5794 
48  443.491  -32.4076  58.5794 
49  443.491  -44.3576  58.5794 
50  443.491  63.1924  81.6794  
51  443.491  51.2424  81.6794  
52  443.491  39.2924  81.6794  
53  443.491  27.3424  81.6794  
54  443.491  15.3924  81.6794  
55  443.491  3.4424  81.6794   
56  443.491  -8.5076  81.6794  
57  443.491  -20.4576  81.6794 
58  443.491  -32.4076  81.6794 
59  443.491  -44.3576  81.6794 
60  443.491  63.1924  12.3794  
61  443.491  51.2424  12.3794  
62  443.491  39.2924  12.3794  
63  443.491  27.3424  12.3794  
64  443.491  15.3924  12.3794  
65  443.491  3.4424  12.3794   
66  443.491  -8.5076  12.3794  
67  443.491  -20.4576  12.3794 
68  443.491  -32.4076  12.3794 
69  443.491  -44.3576  12.3794 
70  443.491  63.1924  35.4794  
71  443.491  51.2424  35.4794  
72  443.491  39.2924  35.4794  
73  443.491  27.3424  35.4794  
74  443.491  15.3924  35.4794  
75  443.491  3.4424  35.4794   
76  443.491  -8.5076  35.4794  
77  443.491  -20.4576  35.4794 
78  443.491  -32.4076  35.4794 
79  443.491  -44.3576  35.4794 
