 1.250   2.164594e+00   1.608744e-01   1.014175e-01   1.248802e-01   7.656231e-02   7.784524e-02   6.060863e-02
 1.750   3.071214e-01   1.916075e-02   3.597859e-03   1.881993e-02   1.085849e-02   1.274100e-02   8.599398e-03
 2.250   5.098223e-02   3.432565e-03   7.412507e-04   3.351575e-03   1.803234e-03   2.437957e-03   1.427502e-03
 2.750   9.647506e-03   6.990702e-04   1.906659e-04   6.725665e-04   3.412592e-04   5.127548e-04   2.701302e-04
 3.250   1.995513e-03   1.564802e-04   5.683277e-05   1.457947e-04   7.056710e-05   1.146927e-04   5.587437e-05
 3.750   4.712410e-04   4.083322e-05   1.966043e-05   3.578854e-05   1.666299e-05   2.879346e-05   1.319475e-05
 4.250   1.273123e-04   1.260129e-05   7.675707e-06   9.993797e-06   4.501507e-06   8.179548e-06   3.564745e-06
 4.750   4.346173e-05   4.903485e-06   3.420671e-06   3.513285e-06   1.537031e-06   2.915440e-06   1.216929e-06
 5.250   1.381639e-05   1.923930e-06   1.457338e-06   1.256055e-06   4.903070e-07   1.089776e-06   3.868590e-07
 5.750   3.539331e-06   7.023811e-07   6.347175e-07   3.007871e-07   1.251342e-07   2.549377e-07   9.910127e-08
 6.250   1.772654e-06   4.414707e-07   4.137364e-07   1.540085e-07   6.267278e-08   1.316327e-07   4.963431e-08
 6.750   7.493827e-07   2.424852e-07   2.332045e-07   6.644345e-08   2.649468e-08   5.720568e-08   2.098272e-08


 pT  yield  TotErr  StaErr  SysErr  SysErrA  SysErrB  SysErrC


