 1.250   1.090726e+00   1.021307e-01   8.045121e-02   6.291489e-02   3.857005e-02   3.921635e-02   3.054034e-02
 1.750   1.700671e-01   1.053090e-02   1.443719e-03   1.043147e-02   6.020147e-03   7.063847e-03   4.761878e-03
 2.250   2.868589e-02   1.909310e-03   3.016211e-04   1.885335e-03   1.014302e-03   1.371328e-03   8.032049e-04
 2.750   5.700048e-03   4.050274e-04   7.918137e-05   3.972122e-04   2.015291e-04   3.028051e-04   1.596013e-04
 3.250   1.233875e-03   9.335783e-05   2.426710e-05   9.014872e-05   4.363355e-05   7.091761e-05   3.454849e-05
 3.750   3.066201e-04   2.485818e-05   8.648291e-06   2.330528e-05   1.085222e-05   1.875252e-05   8.585362e-06
 4.250   8.612104e-05   8.537021e-06   3.577221e-06   7.751402e-06   3.055958e-06   6.703025e-06   2.411389e-06
 4.750   2.577300e-05   2.659137e-06   1.651038e-06   2.084487e-06   9.120098e-07   1.729900e-06   7.216440e-07
 5.250   9.152545e-06   1.162715e-06   8.217458e-07   8.225812e-07   3.247692e-07   7.109781e-07   2.562713e-07
 5.750   3.042213e-06   4.608574e-07   3.810418e-07   2.592233e-07   1.078773e-07   2.197800e-07   8.518197e-08
 6.250   1.167505e-06   2.350185e-07   2.120024e-07   1.014330e-07   4.127753e-08   8.669592e-08   3.269013e-08
 6.750   2.611378e-07   1.176179e-07   1.153165e-07   2.315359e-08   9.232616e-09   1.993450e-08   7.311859e-09


 pT  yield  TotErr  StaErr  SysErr  SysErrA  SysErrB  SysErrC


