 1.250   6.399752e-01   4.995989e-02   3.366947e-02   3.691012e-02   2.262690e-02   2.300606e-02   1.791931e-02
 1.750   9.797783e-02   6.046655e-03   6.782946e-04   6.008490e-03   3.467399e-03   4.068534e-03   2.743379e-03
 2.250   1.630224e-02   1.079916e-03   1.318627e-04   1.071835e-03   5.766902e-04   7.796804e-04   4.564626e-04
 2.750   3.196107e-03   2.251981e-04   3.279794e-05   2.227970e-04   1.130452e-04   1.698547e-04   8.949100e-05
 3.250   6.987422e-04   5.200437e-05   9.794451e-06   5.107371e-05   2.472244e-05   4.018138e-05   1.956478e-05
 3.750   1.720040e-04   1.352077e-05   3.439668e-06   1.307593e-05   6.089050e-06   1.052181e-05   4.816113e-06
 4.250   4.867465e-05   4.649488e-06   1.395454e-06   4.435137e-06   1.727366e-06   3.850867e-06   1.362890e-06
 4.750   1.528114e-05   1.397263e-06   6.517871e-07   1.235928e-06   5.407469e-07   1.025689e-06   4.278720e-07
 5.250   5.136723e-06   5.323190e-07   3.175043e-07   4.272640e-07   1.821282e-07   3.587440e-07   1.438282e-07
 5.750   1.645015e-06   2.184531e-07   1.386826e-07   1.687865e-07   5.844274e-08   1.514984e-07   4.606043e-08
 6.250   7.871211e-07   1.136072e-07   8.797566e-08   7.188103e-08   2.793387e-08   6.245675e-08   2.203939e-08
 6.750   2.487594e-07   5.206470e-08   4.716209e-08   2.205607e-08   8.794974e-09   1.898957e-08   6.965264e-09
 7.250   7.963778e-08   2.493030e-08   2.386967e-08   7.194341e-09   2.815621e-09   6.233663e-09   2.229858e-09


 pT  yield  TotErr  StaErr  SysErr  SysErrA  SysErrB  SysErrC
