2175	    39000        39003
2178        39084        39092 
2181        39094        30109
2185        39340        39351 
2187        39354        39374
2189	    39445        39447
2193        39450        39455
2196        39460        39462
2198        39566        39568
2201        39570        39580
2207        39633        39647
2208        39649        39656
2212        39709        39722
2215        39724        39727
2216        39731        39740
2222        39767        39786
2224        39792        39792
2226        39830        39832
2233        39870        39887
2235        39895        39900
2237        39958        39958
2243        39960        39960
2244        39963        39974
2246        39978        39994
2251        40082        40092
2254        40115        40115
2257        40117        40118
2258        40121        40133
2265        40135        40136
2266        40139        40147
2267        40204        40204
2273        40208        40213
2275        40216        40228
2276        40285        40285
2277        40288        40301
2281        40304        40312
2284        40320        40322
2289        40376        40383
2290        40453        40463
2301        40562        40574
2303        40631        40640
2304        40645        40655

