0  0  0  0
0  1  0  0
0  2  0  0
0  3  0  0
0  4  0  0
0  5  0  0
0  6  0  0
0  7  0  0
0  8  0  0
0  9  0  0
0  10  0  0
0  11  0  0
1  0  2049.16  0.379187
1  1  2049.16  0.369798
1  2  2049.15  0.368675
1  3  2049.16  0.370809
1  4  2049.15  0.369594
1  5  2049.15  0.366184
1  6  2049.16  0.381731
1  7  2049.15  0.36801
1  8  2049.15  0.364176
1  9  2049.16  0.374544
1  10  2049.16  0.372466
1  11  2049.15  0.366882
2  0  2046.69  0.462536
2  1  2046.7  0.459534
2  2  2046.71  0.457004
2  3  2046.69  0.461668
2  4  2046.71  0.457846
2  5  2046.71  0.456249
2  6  2046.7  0.460138
2  7  2046.71  0.458199
2  8  2046.7  0.457598
2  9  2046.7  0.460181
2  10  2046.7  0.458128
2  11  2046.71  0.453497
3  0  2053.9  0.327976
3  1  2053.89  0.329832
3  2  2053.88  0.338231
3  3  2053.89  0.336155
3  4  2053.89  0.335926
3  5  2053.89  0.337976
3  6  2053.89  0.33145
3  7  2053.89  0.336815
3  8  2053.88  0.33932
3  9  2053.88  0.338548
3  10  2053.89  0.332667
3  11  2053.89  0.329027
4  0  2045.61  0.487437
4  1  2045.63  0.483219
4  2  2045.62  0.485368
4  3  2045.6  0.489354
4  4  2045.62  0.487275
4  5  2045.62  0.485599
4  6  2045.61  0.488703
4  7  2045.62  0.485822
4  8  2045.62  0.486186
4  9  2045.61  0.487637
4  10  2045.63  0.483198
4  11  2045.62  0.486416
5  0  2041.07  0.278768
5  1  2041.06  0.274569
5  2  2041.07  0.282048
5  3  2041.06  0.278067
5  4  2041.06  0.277085
5  5  2041.06  0.269693
5  6  2041.06  0.275863
5  7  2041.07  0.278914
5  8  2041.06  0.267759
5  9  2041.07  0.280945
5  10  2041.06  0.269675
5  11  2041.06  0.275817
6  0  2044.51  0.50071
6  1  2044.54  0.498369
6  2  2044.54  0.498788
6  3  2044.54  0.498395
6  4  2044.54  0.498457
6  5  2044.53  0.499172
6  6  2044.51  0.500821
6  7  2044.54  0.498727
6  8  2044.54  0.498256
6  9  2044.54  0.499441
6  10  2044.55  0.498259
6  11  2044.55  0.497124
7  0  2052.36  0.480908
7  1  2052.33  0.472455
7  2  2052.34  0.47413
7  3  2052.34  0.476333
7  4  2052.34  0.474395
7  5  2052.35  0.476948
7  6  2052.36  0.479989
7  7  2052.32  0.467859
7  8  2052.34  0.474395
7  9  2052.35  0.47786
7  10  2052.34  0.473619
7  11  2052.35  0.478119
8  0  2050.99  0.226981
8  1  2051.01  0.231488
8  2  2051  0.233879
8  3  2051  0.239991
8  4  2051.01  0.237164
8  5  2051  0.235128
8  6  2051  0.247159
8  7  2051.02  0.242316
8  8  2051  0.233653
8  9  2051  0.228902
8  10  2051.01  0.235124
8  11  2051  0.241842
9  0  2048.05  0.258933
9  1  2048.03  0.236987
9  2  2048.03  0.236987
9  3  2048.04  0.254736
9  4  2048.03  0.241074
9  5  2048.04  0.246829
9  6  2048.05  0.257479
9  7  2048.03  0.244252
9  8  2048.04  0.248543
9  9  2048.04  0.241484
9  10  2048.04  0.240777
9  11  2048.04  0.258329
10  0  2049.11  0.330584
10  1  2049.13  0.344894
10  2  2049.12  0.336185
10  3  2049.12  0.335746
10  4  2049.13  0.342723
10  5  2049.12  0.339158
10  6  2049.13  0.34323
10  7  2049.12  0.339204
10  8  2049.12  0.344614
10  9  2049.13  0.341883
10  10  2049.13  0.342652
10  11  2049.12  0.336067
11  0  2048.92  0.297222
11  1  2048.91  0.313883
11  2  2048.94  0.282219
11  3  2048.93  0.289523
11  4  2048.91  0.316807
11  5  2048.95  0.278416
11  6  2048.92  0.298007
11  7  2048.9  0.320607
11  8  2048.94  0.281355
11  9  2048.93  0.295614
11  10  2048.9  0.322381
11  11  2048.94  0.280359
12  0  2049.46  0.499529
12  1  2049.52  0.499787
12  2  2049.48  0.500056
12  3  2049.49  0.500035
12  4  2049.53  0.499294
12  5  2049.48  0.500306
12  6  2049.46  0.498951
12  7  2049.53  0.498939
12  8  2049.47  0.499752
12  9  2049.49  0.500216
12  10  2049.53  0.500121
12  11  2049.47  0.499396
13  0  2053.72  2.28494
13  1  2053.86  2.32009
13  2  2053.7  2.32703
13  3  2053.66  2.31989
13  4  2053.82  2.32843
13  5  2053.71  2.31388
13  6  2053.7  2.31937
13  7  2053.83  2.3102
13  8  2053.68  2.33025
13  9  2053.67  2.32593
13  10  2053.84  2.31271
13  11  2053.72  2.2987
14  0  2050.06  2.91762
14  1  2050.04  2.92854
14  2  2049.72  2.93209
14  3  2050.04  2.9511
14  4  2050.03  2.93546
14  5  2049.72  2.93186
14  6  2050.05  2.90645
14  7  2050.03  2.9039
14  8  2049.69  2.90088
14  9  2050.02  2.9201
14  10  2050.03  2.93448
14  11  2049.73  2.95841
15  0  2053.34  2.08318
15  1  2053.2  2.0772
15  2  2053.03  2.08509
15  3  2053.28  2.08962
15  4  2053.18  2.08392
15  5  2053.02  2.08345
15  6  2053.3  2.10004
15  7  2053.19  2.10312
15  8  2053.04  2.08994
15  9  2053.32  2.08377
15  10  2053.22  2.09694
15  11  2053.06  2.1088
16  0  2055.74  0.442635
16  1  2055.77  0.426477
16  2  2055.75  0.43973
16  3  2055.74  0.442745
16  4  2055.78  0.423298
16  5  2055.75  0.440234
16  6  2055.75  0.438701
16  7  2055.78  0.424547
16  8  2055.74  0.443922
16  9  2055.75  0.438169
16  10  2055.78  0.424031
16  11  2055.74  0.442806
17  0  2049.86  0.355912
17  1  2049.85  0.366652
17  2  2049.86  0.353609
17  3  2049.86  0.355044
17  4  2049.85  0.365692
17  5  2049.86  0.353071
17  6  2049.86  0.357047
17  7  2049.85  0.36587
17  8  2049.87  0.348722
17  9  2049.86  0.354485
17  10  2049.85  0.365921
17  11  2049.86  0.354198
18  0  2047.6  0.49003
18  1  2047.61  0.487486
18  2  2047.61  0.487086
18  3  2047.61  0.489257
18  4  2047.62  0.485862
18  5  2047.62  0.485364
18  6  2047.61  0.488371
18  7  2047.61  0.487479
18  8  2047.62  0.485596
18  9  2047.61  0.48986
18  10  2047.61  0.487543
18  11  2047.62  0.487402
19  0  2045.48  2.20585
19  1  2045.61  2.20268
19  2  2045.6  2.18625
19  3  2045.55  2.19941
19  4  2045.6  2.21183
19  5  2045.58  2.17744
19  6  2045.49  2.18468
19  7  2045.64  2.19541
19  8  2045.64  2.19379
19  9  2045.57  2.17931
19  10  2045.62  2.19516
19  11  2045.59  2.2128
20  0  2051.01  2.1087
20  1  2051.1  2.11766
20  2  2051.03  2.11251
20  3  2050.99  2.10319
20  4  2051.07  2.1238
20  5  2051.01  2.13575
20  6  2050.99  2.12696
20  7  2051.06  2.12943
20  8  2051  2.14727
20  9  2050.96  2.11399
20  10  2051.06  2.10908
20  11  2051.02  2.10357
21  0  2049.62  2.06077
21  1  2049.67  2.05137
21  2  2049.61  2.04526
21  3  2049.64  2.05807
21  4  2049.7  2.04644
21  5  2049.61  2.02459
21  6  2049.61  2.03779
21  7  2049.68  2.0463
21  8  2049.61  2.05118
21  9  2049.63  2.04331
21  10  2049.7  2.03149
21  11  2049.63  2.04203
22  0  2053.34  2.24902
22  1  2053.22  2.25006
22  2  2053.05  2.25216
22  3  2053.28  2.23104
22  4  2053.16  2.23383
22  5  2052.99  2.25158
22  6  2053.26  2.24681
22  7  2053.13  2.22811
22  8  2052.99  2.2148
22  9  2053.27  2.22444
22  10  2053.19  2.25703
22  11  2053.03  2.28292
23  0  2050.36  2.90741
23  1  2050.27  2.88421
23  2  2050.12  2.86894
23  3  2050.36  2.88884
23  4  2050.24  2.8751
23  5  2050.1  2.87615
23  6  2050.35  2.88506
23  7  2050.22  2.8831
23  8  2050.07  2.85872
23  9  2050.31  2.85962
23  10  2050.22  2.88924
23  11  2050.08  2.89994
24  0  2046.8  0.403698
24  1  2046.8  0.403672
24  2  2046.82  0.387944
24  3  2046.81  0.396121
24  4  2046.79  0.409601
24  5  2046.81  0.396616
24  6  2046.8  0.405613
24  7  2046.79  0.407631
24  8  2046.82  0.394112
24  9  2046.81  0.394168
24  10  2046.8  0.40211
24  11  2046.82  0.391943
25  0  2052.18  0.392557
25  1  2052.16  0.378124
25  2  2052.14  0.363694
25  3  2052.16  0.380306
25  4  2052.17  0.384173
25  5  2052.15  0.369213
25  6  2052.17  0.389968
25  7  2052.17  0.384779
25  8  2052.15  0.366304
25  9  2052.17  0.388144
25  10  2052.17  0.381999
25  11  2052.15  0.373001
26  0  2046.28  2.13821
26  1  2046.35  2.11944
26  2  2046.25  2.12913
26  3  2046.29  2.14203
26  4  2046.38  2.1289
26  5  2046.31  2.13732
26  6  2046.34  2.14597
26  7  2046.38  2.13573
26  8  2046.29  2.1269
26  9  2046.29  2.11253
26  10  2046.36  2.10787
26  11  2046.27  2.10778
27  0  2050.23  2.24316
27  1  2050.33  2.26474
27  2  2050.15  2.25984
27  3  2050.13  2.25324
27  4  2050.33  2.25118
27  5  2050.21  2.24699
27  6  2050.22  2.24531
27  7  2050.33  2.26546
27  8  2050.19  2.26817
27  9  2050.17  2.28358
27  10  2050.34  2.27351
27  11  2050.21  2.27707
28  0  2044.03  2.26283
28  1  2044.12  2.26269
28  2  2044.06  2.2797
28  3  2044.01  2.28844
28  4  2044.12  2.28123
28  5  2044.06  2.27001
28  6  2044.01  2.26822
28  7  2044.1  2.2555
28  8  2044.06  2.24109
28  9  2044.02  2.24695
28  10  2044.1  2.24137
28  11  2044.03  2.25228
29  0  2044.55  2.19227
29  1  2044.76  2.16919
29  2  2044.57  2.16003
29  3  2044.51  2.17123
29  4  2044.75  2.16376
29  5  2044.59  2.15714
29  6  2044.56  2.16447
29  7  2044.76  2.15096
29  8  2044.58  2.1448
29  9  2044.49  2.14074
29  10  2044.72  2.13502
29  11  2044.58  2.15423
30  0  2050.23  2.15773
30  1  2050.42  2.17374
30  2  2050.29  2.17585
30  3  2050.23  2.16447
30  4  2050.46  2.16287
30  5  2050.36  2.16221
30  6  2050.29  2.16346
30  7  2050.47  2.14266
30  8  2050.3  2.13281
30  9  2050.21  2.1666
30  10  2050.44  2.16542
30  11  2050.31  2.17921
31  0  2050.46  2.94915
31  1  2050.37  2.94514
31  2  2050.2  2.93125
31  3  2050.42  2.92615
31  4  2050.36  2.93662
31  5  2050.2  2.91027
31  6  2050.49  2.92813
31  7  2050.41  2.94599
31  8  2050.22  2.94328
31  9  2050.48  2.9448
31  10  2050.4  2.91482
31  11  2050.19  2.92375
32  0  2050.97  0.281963
32  1  2050.99  0.273527
32  2  2050.97  0.271295
32  3  2050.98  0.274314
32  4  2050.98  0.273149
32  5  2050.97  0.269216
32  6  2050.96  0.280034
32  7  2050.98  0.269568
32  8  2050.97  0.276357
32  9  2050.98  0.272852
32  10  2050.98  0.265067
32  11  2050.97  0.276619
33  0  2051.04  2.13916
33  1  2051.11  2.14193
33  2  2051.01  2.13475
33  3  2050.97  2.13925
33  4  2051.07  2.13972
33  5  2050.99  2.12804
33  6  2051  2.11909
33  7  2051.08  2.11878
33  8  2051.01  2.146
33  9  2050.96  2.17158
33  10  2051.09  2.15011
33  11  2051.01  2.14
34  0  2048.05  2.11479
34  1  2048.17  2.10368
34  2  2048.07  2.10248
34  3  2048.04  2.12734
34  4  2048.2  2.12651
34  5  2048.11  2.12369
34  6  2048.11  2.12234
34  7  2048.24  2.13208
34  8  2048.15  2.12493
34  9  2048.1  2.11356
34  10  2048.23  2.10498
34  11  2048.14  2.09902
35  0  2050.64  2.23384
35  1  2050.71  2.2301
35  2  2050.68  2.21655
35  3  2050.65  2.20639
35  4  2050.71  2.2052
35  5  2050.7  2.21454
35  6  2050.7  2.21869
35  7  2050.77  2.22323
35  8  2050.72  2.20529
35  9  2050.68  2.20602
35  10  2050.7  2.20212
35  11  2050.65  2.20647
36  0  2045.6  2.12094
36  1  2045.8  2.09747
36  2  2045.65  2.08545
36  3  2045.62  2.09413
36  4  2045.79  2.10027
36  5  2045.65  2.10421
36  6  2045.59  2.11955
36  7  2045.77  2.13588
36  8  2045.6  2.13511
36  9  2045.55  2.13934
36  10  2045.73  2.14582
36  11  2045.6  2.1194
37  0  2052.26  2.0764
37  1  2052.35  2.07823
37  2  2052.23  2.07345
37  3  2052.23  2.07921
37  4  2052.38  2.08807
37  5  2052.28  2.08711
37  6  2052.27  2.09028
37  7  2052.36  2.07658
37  8  2052.23  2.07191
37  9  2052.24  2.05359
37  10  2052.39  2.06565
37  11  2052.29  2.07773
38  0  2050.19  2.16673
38  1  2050.17  2.15547
38  2  2049.92  2.14494
38  3  2050.14  2.14614
38  4  2050.15  2.13368
38  5  2049.91  2.148
38  6  2050.15  2.1674
38  7  2050.15  2.18114
38  8  2049.91  2.17526
38  9  2050.15  2.182
38  10  2050.14  2.16086
38  11  2049.91  2.17069
39  0  2050.04  2.16899
39  1  2050  2.17306
39  2  2049.78  2.18011
39  3  2050.04  2.18078
39  4  2050.03  2.19722
39  5  2049.79  2.19334
39  6  2050.08  2.1853
39  7  2050.01  2.16495
39  8  2049.78  2.19181
39  9  2050.05  2.17996
39  10  2050.01  2.18215
39  11  2049.78  2.20344
40  0  2053.17  2.18287
40  1  2053.38  2.19684
40  2  2053.14  2.19203
40  3  2053.16  2.2068
40  4  2053.39  2.22676
40  5  2053.16  2.21747
40  6  2053.17  2.23367
40  7  2053.38  2.23251
40  8  2053.14  2.23913
40  9  2053.12  2.217
40  10  2053.36  2.21598
40  11  2053.16  2.21984
41  0  2051.54  2.10894
41  1  2051.68  2.1161
41  2  2051.56  2.13503
41  3  2051.5  2.12937
41  4  2051.64  2.12301
41  5  2051.53  2.12023
41  6  2051.53  2.11812
41  7  2051.67  2.12906
41  8  2051.56  2.11981
41  9  2051.55  2.11978
41  10  2051.7  2.11281
41  11  2051.59  2.10617
42  0  2051.31  2.15513
42  1  2051.18  2.1683
42  2  2051.15  2.14195
42  3  2051.28  2.14391
42  4  2051.25  2.15131
42  5  2051.22  2.15148
42  6  2051.35  2.14146
42  7  2051.27  2.1506
42  8  2051.24  2.15811
42  9  2051.35  2.16431
42  10  2051.26  2.15572
42  11  2051.2  2.15294
43  0  2049.52  2.16666
43  1  2049.64  2.16937
43  2  2049.56  2.16727
43  3  2049.51  2.16412
43  4  2049.63  2.14953
43  5  2049.55  2.15191
43  6  2049.53  2.1504
43  7  2049.64  2.14164
43  8  2049.54  2.14228
43  9  2049.51  2.15865
43  10  2049.63  2.16317
43  11  2049.55  2.16242
44  0  2045.79  2.14252
44  1  2045.89  2.13877
44  2  2045.75  2.13564
44  3  2045.78  2.11662
44  4  2045.89  2.10976
44  5  2045.74  2.10709
44  6  2045.75  2.0953
44  7  2045.88  2.10224
44  8  2045.73  2.10626
44  9  2045.75  2.12136
44  10  2045.88  2.10805
44  11  2045.76  2.112
45  0  2047.01  2.04163
45  1  2047.18  2.02213
45  2  2047.06  2.04703
45  3  2046.97  2.05517
45  4  2047.16  2.06568
45  5  2047.08  2.04498
45  6  2047.03  2.04018
45  7  2047.2  2.05014
45  8  2047.06  2.0819
45  9  2046.98  2.06943
45  10  2047.13  2.04652
45  11  2047.04  2.0497
46  0  2048.55  2.91566
46  1  2048.44  2.90522
46  2  2048.26  2.88564
46  3  2048.5  2.88527
46  4  2048.37  2.87659
46  5  2048.18  2.89697
46  6  2048.43  2.90856
46  7  2048.37  2.89621
46  8  2048.25  2.87481
46  9  2048.52  2.8753
46  10  2048.4  2.8827
46  11  2048.23  2.89272
47  0  2050.77  2.10915
47  1  2050.69  2.09685
47  2  2050.53  2.1075
47  3  2050.76  2.12598
47  4  2050.72  2.11877
47  5  2050.55  2.11342
47  6  2050.83  2.10771
47  7  2050.71  2.08435
47  8  2050.5  2.07846
47  9  2050.74  2.08824
47  10  2050.68  2.09551
47  11  2050.51  2.09453
48  0  0  0
48  1  0  0
48  2  0  0
48  3  0  0
48  4  0  0
48  5  0  0
48  6  0  0
48  7  0  0
48  8  0  0
48  9  0  0
48  10  0  0
48  11  0  0
49  0  2051.03  2.16987
49  1  2051.01  2.17492
49  2  2050.99  2.1606
49  3  2051.03  2.1722
49  4  2051.05  2.16312
49  5  2051.05  2.169
49  6  2051.08  2.13852
49  7  2051.04  2.13436
49  8  2050.99  2.14197
49  9  2050.99  2.16025
49  10  2051  2.16344
49  11  2050.99  2.14417
50  0  2043.36  2.02194
50  1  2043.28  2.01849
50  2  2043.34  2.01393
50  3  2043.39  2.01929
50  4  2043.32  2.02202
50  5  2043.35  2.02692
50  6  2043.37  2.0355
50  7  2043.29  2.02534
50  8  2043.35  2.02996
50  9  2043.38  2.01438
50  10  2043.33  2.03666
50  11  2043.38  2.05499
51  0  2051.66  2.11183
51  1  2051.65  2.10113
51  2  2051.66  2.09907
51  3  2051.7  2.11167
51  4  2051.64  2.1073
51  5  2051.64  2.10661
51  6  2051.68  2.11424
51  7  2051.66  2.12856
51  8  2051.66  2.12736
51  9  2051.71  2.09502
51  10  2051.65  2.10712
51  11  2051.61  2.12514
52  0  2048.47  2.23876
52  1  2048.52  2.23834
52  2  2048.44  2.2356
52  3  2048.45  2.2431
52  4  2048.52  2.25831
52  5  2048.46  2.26377
52  6  2048.47  2.25802
52  7  2048.5  2.24469
52  8  2048.46  2.23251
52  9  2048.48  2.22842
52  10  2048.55  2.19939
52  11  2048.46  2.22586
53  0  2047.03  2.27204
53  1  2047.06  2.28867
53  2  2046.99  2.30095
53  3  2046.98  2.28652
53  4  2047.05  2.29826
53  5  2047.02  2.29893
53  6  2047.02  2.28302
53  7  2047.06  2.25927
53  8  2047.02  2.25577
53  9  2047.03  2.25819
53  10  2047.09  2.27476
53  11  2047.06  2.28607
54  0  2044.76  2.15997
54  1  2044.78  2.1535
54  2  2044.77  2.15315
54  3  2044.79  2.1344
54  4  2044.82  2.13583
54  5  2044.79  2.14772
54  6  2044.83  2.14925
54  7  2044.86  2.1356
54  8  2044.8  2.13271
54  9  2044.8  2.14585
54  10  2044.82  2.1535
54  11  2044.78  2.14358
55  0  2052.02  0.269174
55  1  2052.02  0.265627
55  2  2052.01  0.271392
55  3  2052.01  0.265885
55  4  2052.02  0.268386
55  5  2052.01  0.265113
55  6  2052.02  0.270786
55  7  2052.02  0.269365
55  8  2052.01  0.266077
55  9  2052.01  0.263354
55  10  2052.02  0.260302
55  11  2052.02  0.267416
56  0  2052.62  2.14817
56  1  2052.59  2.15254
56  2  2052.58  2.15317
56  3  2052.62  2.14237
56  4  2052.58  2.14385
56  5  2052.55  2.15119
56  6  2052.61  2.17183
56  7  2052.57  2.16125
56  8  2052.55  2.15718
56  9  2052.58  2.14952
56  10  2052.56  2.14776
56  11  2052.56  2.15881
57  0  2051.78  2.14892
57  1  2051.71  2.14811
57  2  2051.72  2.16302
57  3  2051.75  2.17557
57  4  2051.69  2.17892
57  5  2051.73  2.17036
57  6  2051.79  2.16203
57  7  2051.73  2.16782
57  8  2051.73  2.17611
57  9  2051.77  2.16992
57  10  2051.72  2.16375
57  11  2051.71  2.16624
58  0  2048.22  2.0825
58  1  2048.23  2.0884
58  2  2048.18  2.0833
58  3  2048.18  2.08415
58  4  2048.21  2.08269
58  5  2048.16  2.07612
58  6  2048.2  2.07261
58  7  2048.24  2.04626
58  8  2048.2  2.0471
58  9  2048.23  2.0595
58  10  2048.27  2.05905
58  11  2048.21  2.08207
59  0  2056.54  2.09175
59  1  2056.58  2.06729
59  2  2056.53  2.09264
59  3  2056.55  2.0752
59  4  2056.58  2.065
59  5  2056.54  2.07161
59  6  2056.57  2.06188
59  7  2056.61  2.08362
59  8  2056.56  2.07976
59  9  2056.57  2.08353
59  10  2056.57  2.07228
59  11  2056.52  2.06989
60  0  2045.45  2.23101
60  1  2045.48  2.24096
60  2  2045.42  2.2209
60  3  2045.45  2.23307
60  4  2045.48  2.23149
60  5  2045.45  2.22731
60  6  2045.48  2.22784
60  7  2045.51  2.23097
60  8  2045.46  2.23478
60  9  2045.46  2.22323
60  10  2045.51  2.23755
60  11  2045.44  2.26297
61  0  2043.21  2.26099
61  1  2043.29  2.24494
61  2  2043.2  2.26126
61  3  2043.2  2.25943
61  4  2043.28  2.24861
61  5  2043.2  2.24064
61  6  2043.18  2.24596
61  7  2043.25  2.23221
61  8  2043.14  2.22916
61  9  2043.12  2.25403
61  10  2043.2  2.26338
61  11  2043.14  2.25801
62  0  2047.75  2.23282
62  1  2047.81  2.22192
62  2  2047.71  2.20654
62  3  2047.75  2.20739
62  4  2047.8  2.22242
62  5  2047.67  2.22311
62  6  2047.7  2.20755
62  7  2047.78  2.22454
62  8  2047.68  2.2363
62  9  2047.69  2.24907
62  10  2047.77  2.24232
62  11  2047.7  2.2301
63  0  2053.56  2.17267
63  1  2053.66  2.17623
63  2  2053.56  2.17336
63  3  2053.57  2.1695
63  4  2053.63  2.17461
63  5  2053.54  2.18558
63  6  2053.57  2.18938
63  7  2053.66  2.1644
63  8  2053.55  2.16777
63  9  2053.56  2.16665
63  10  2053.65  2.16317
63  11  2053.55  2.17207
64  0  2047.76  2.09268
64  1  2047.79  2.08242
64  2  2047.73  2.0936
64  3  2047.76  2.1183
64  4  2047.78  2.13045
64  5  2047.7  2.10893
64  6  2047.76  2.09205
64  7  2047.81  2.11746
64  8  2047.76  2.13366
64  9  2047.78  2.13925
64  10  2047.8  2.12765
64  11  2047.76  2.11922
65  0  2049.22  2.16426
65  1  2049.28  2.17443
65  2  2049.23  2.17739
65  3  2049.25  2.16621
65  4  2049.31  2.17432
65  5  2049.25  2.16914
65  6  2049.27  2.16907
65  7  2049.34  2.15808
65  8  2049.27  2.1385
65  9  2049.28  2.16431
65  10  2049.36  2.18766
65  11  2049.28  2.17366
66  0  2050.29  1.72397
66  1  2050.33  1.70463
66  2  2050.3  1.69761
66  3  2050.3  1.6942
66  4  2050.34  1.71617
66  5  2050.31  1.70812
66  6  2050.33  1.71158
66  7  2050.36  1.7319
66  8  2050.31  1.71533
66  9  2050.31  1.71759
66  10  2050.35  1.69022
66  11  2050.33  1.68833
67  0  2049.35  2.06793
67  1  2049.35  2.05195
67  2  2049.33  2.06465
67  3  2049.33  2.06966
67  4  2049.3  2.05502
67  5  2049.32  2.04517
67  6  2049.32  2.05483
67  7  2049.33  2.08148
67  8  2049.34  2.05821
67  9  2049.35  2.03786
67  10  2049.31  2.04445
67  11  2049.3  2.06823
68  0  2043.65  2.36964
68  1  2043.72  2.3816
68  2  2043.66  2.37271
68  3  2043.68  2.35801
68  4  2043.76  2.36118
68  5  2043.67  2.36358
68  6  2043.7  2.34928
68  7  2043.79  2.33572
68  8  2043.69  2.35811
68  9  2043.7  2.36137
68  10  2043.78  2.34315
68  11  2043.68  2.34499
69  0  2051.03  2.21957
69  1  2051.15  2.21589
69  2  2051.05  2.23572
69  3  2051.05  2.2554
69  4  2051.2  2.24414
69  5  2051.13  2.23485
69  6  2051.11  2.24555
69  7  2051.2  2.24883
69  8  2051.11  2.24982
69  9  2051.1  2.24078
69  10  2051.19  2.25018
69  11  2051.11  2.25133
70  0  2042.49  2.28807
70  1  2042.56  2.29203
70  2  2042.45  2.29562
70  3  2042.45  2.32205
70  4  2042.53  2.27498
70  5  2042.42  2.24928
70  6  2042.51  2.25998
70  7  2042.6  2.27765
70  8  2042.48  2.28491
70  9  2042.52  2.26605
70  10  2042.62  2.26314
70  11  2042.5  2.28153
71  0  2050.11  2.2527
71  1  2050.12  2.25576
71  2  2050.07  2.25034
71  3  2050.15  2.25987
71  4  2050.17  2.26792
71  5  2050.09  2.25834
71  6  2050.12  2.25724
71  7  2050.13  2.25105
71  8  2050.08  2.24887
71  9  2050.13  2.22922
71  10  2050.12  2.2169
71  11  2050.05  2.21999
72  0  2057.32  2.18845
72  1  2057.27  2.18196
72  2  2057.24  2.18745
72  3  2057.34  2.18242
72  4  2057.27  2.17662
72  5  2057.22  2.20609
72  6  2057.29  2.19695
72  7  2057.24  2.17892
72  8  2057.21  2.17332
72  9  2057.31  2.17215
72  10  2057.24  2.18722
72  11  2057.17  2.19365
73  0  2048.63  2.12376
73  1  2048.63  2.15278
73  2  2048.58  2.16397
73  3  2048.61  2.13595
73  4  2048.63  2.13083
73  5  2048.59  2.11241
73  6  2048.66  2.11552
73  7  2048.67  2.11363
73  8  2048.61  2.11042
73  9  2048.62  2.12586
73  10  2048.62  2.13279
73  11  2048.55  2.1309
74  0  2045.48  1.67638
74  1  2045.5  1.68691
74  2  2045.43  1.70114
74  3  2045.48  1.69359
74  4  2045.5  1.66507
74  5  2045.44  1.67318
74  6  2045.48  1.68533
74  7  2045.49  1.6873
74  8  2045.41  1.68913
74  9  2045.47  1.6957
74  10  2045.5  1.71115
74  11  2045.43  1.70334
75  0  2044.44  2.08104
75  1  2044.47  2.0694
75  2  2044.46  2.06857
75  3  2044.51  2.09444
75  4  2044.47  2.07084
75  5  2044.45  2.06438
75  6  2044.45  2.08149
75  7  2044.49  2.07584
75  8  2044.5  2.05026
75  9  2044.53  2.06883
75  10  2044.51  2.08615
75  11  2044.5  2.0883
76  0  2047.1  2.01808
76  1  2047.18  2.05675
76  2  2047.07  2.06601
76  3  2047.07  2.05321
76  4  2047.14  2.04612
76  5  2047.1  2.04734
76  6  2047.1  2.03628
76  7  2047.2  2.01677
76  8  2047.12  2.02863
76  9  2047.12  2.02447
76  10  2047.18  2.0078
76  11  2047.09  2.01862
77  0  2045.03  2.17572
77  1  2045.03  2.19783
77  2  2044.97  2.18612
77  3  2045.03  2.18641
77  4  2045.08  2.17383
77  5  2045  2.16773
77  6  2045.01  2.16729
77  7  2045.04  2.18493
77  8  2045.02  2.18248
77  9  2045.05  2.17087
77  10  2045.06  2.16861
77  11  2044.99  2.16976
78  0  2049.27  2.14881
78  1  2049.3  2.14604
78  2  2049.25  2.16418
78  3  2049.3  2.16659
78  4  2049.31  2.15916
78  5  2049.25  2.17008
78  6  2049.27  2.16742
78  7  2049.32  2.17788
78  8  2049.29  2.1738
78  9  2049.34  2.19132
78  10  2049.33  2.19024
78  11  2049.28  2.18714
79  0  2055.98  2.14466
79  1  2056.02  2.14263
79  2  2055.95  2.13287
79  3  2055.98  2.12099
79  4  2056.01  2.14345
79  5  2055.93  2.15373
79  6  2055.96  2.1733
79  7  2056  2.17756
79  8  2055.94  2.16341
79  9  2055.96  2.15127
79  10  2056  2.14566
79  11  2055.93  2.13131
80  0  2048.97  1.8239
80  1  2049.01  1.80919
80  2  2048.95  1.80498
80  3  2048.97  1.80395
80  4  2049  1.81654
80  5  2048.91  1.80089
80  6  2048.98  1.80142
80  7  2049  1.78326
80  8  2048.92  1.79082
80  9  2048.98  1.79209
80  10  2049.01  1.80629
80  11  2048.93  1.81599
81  0  2055.09  2.11228
81  1  2055.13  2.10797
81  2  2055  2.0976
81  3  2055.08  2.11033
81  4  2055.14  2.12795
81  5  2055.02  2.13763
81  6  2055.07  2.12565
81  7  2055.13  2.11883
81  8  2055.04  2.10661
81  9  2055.09  2.08757
81  10  2055.12  2.10355
81  11  2055.01  2.13515
82  0  2045.67  1.89685
82  1  2045.74  1.89346
82  2  2045.65  1.90415
82  3  2045.69  1.92727
82  4  2045.75  1.92197
82  5  2045.67  1.90102
82  6  2045.71  1.8707
82  7  2045.75  1.8678
82  8  2045.67  1.8861
82  9  2045.7  1.8869
82  10  2045.76  1.88923
82  11  2045.69  1.87221
83  0  2047.99  2.07947
83  1  2048.06  2.07884
83  2  2047.99  2.06827
83  3  2048.01  2.06555
83  4  2048.02  2.06254
83  5  2047.97  2.08107
83  6  2047.98  2.06965
83  7  2048.03  2.07337
83  8  2047.96  2.07785
83  9  2048.01  2.05742
83  10  2048.03  2.06517
83  11  2047.96  2.0777
84  0  2047.93  2.25014
84  1  2048.07  2.27812
84  2  2047.93  2.27123
84  3  2047.92  2.26334
84  4  2048.04  2.26486
84  5  2047.93  2.26107
84  6  2047.94  2.27526
84  7  2048.07  2.27157
84  8  2047.92  2.27679
84  9  2047.91  2.29703
84  10  2048.04  2.29384
84  11  2047.91  2.28413
85  0  2047.91  2.10696
85  1  2047.96  2.10848
85  2  2047.85  2.11464
85  3  2047.85  2.10537
85  4  2047.92  2.10621
85  5  2047.86  2.10037
85  6  2047.88  2.0913
85  7  2047.94  2.11
85  8  2047.87  2.12198
85  9  2047.89  2.10959
85  10  2047.91  2.09818
85  11  2047.82  2.07997
86  0  2054.29  2.18137
86  1  2054.36  2.19407
86  2  2054.27  2.18129
86  3  2054.3  2.17105
86  4  2054.37  2.19661
86  5  2054.29  2.1971
86  6  2054.34  2.19146
86  7  2054.43  2.17787
86  8  2054.31  2.1756
86  9  2054.32  2.19989
86  10  2054.36  2.20793
86  11  2054.27  2.20547
87  0  2054.96  2.18655
87  1  2055.01  2.19622
87  2  2054.93  2.1896
87  3  2054.97  2.18836
87  4  2055.01  2.18241
87  5  2054.93  2.19585
87  6  2054.94  2.16712
87  7  2054.98  2.15414
87  8  2054.92  2.18211
87  9  2054.94  2.20557
87  10  2054.99  2.18956
87  11  2054.94  2.18169
88  0  2046.56  2.09519
88  1  2046.63  2.11122
88  2  2046.53  2.10276
88  3  2046.59  2.10292
88  4  2046.65  2.1019
88  5  2046.55  2.13358
88  6  2046.6  2.14018
88  7  2046.65  2.14264
88  8  2046.52  2.11022
88  9  2046.56  2.11677
88  10  2046.62  2.1264
88  11  2046.52  2.10287
89  0  2049.89  0.328704
89  1  2049.9  0.321136
89  2  2049.89  0.328095
89  3  2049.9  0.328922
89  4  2049.9  0.33021
89  5  2049.89  0.329489
89  6  2049.89  0.331183
89  7  2049.9  0.326487
89  8  2049.89  0.337622
89  9  2049.9  0.329713
89  10  2049.9  0.321195
89  11  2049.89  0.330319
90  0  2045.09  0.313635
90  1  2045.1  0.325155
90  2  2045.09  0.317389
90  3  2045.09  0.316212
90  4  2045.11  0.335537
90  5  2045.1  0.317405
90  6  2045.09  0.313515
90  7  2045.1  0.321811
90  8  2045.09  0.308496
90  9  2045.1  0.319743
90  10  2045.1  0.324545
90  11  2045.09  0.310938
91  0  2053.86  0.369327
91  1  2053.86  0.367083
91  2  2053.83  0.391563
91  3  2053.87  0.364675
91  4  2053.86  0.370842
91  5  2053.84  0.388994
91  6  2053.85  0.381512
91  7  2053.86  0.372687
91  8  2053.83  0.393093
91  9  2053.87  0.357305
91  10  2053.87  0.364702
91  11  2053.84  0.39181
92  0  2055.38  0.487264
92  1  2055.38  0.485882
92  2  2055.37  0.484429
92  3  2055.37  0.483301
92  4  2055.37  0.484529
92  5  2055.37  0.483805
92  6  2055.38  0.48537
92  7  2055.37  0.485422
92  8  2055.36  0.482251
92  9  2055.37  0.483513
92  10  2055.38  0.484803
92  11  2055.36  0.482401
93  0  2049.69  0.462686
93  1  2049.7  0.461119
93  2  2049.67  0.471365
93  3  2049.7  0.459705
93  4  2049.7  0.461302
93  5  2049.68  0.469114
93  6  2049.69  0.463648
93  7  2049.69  0.462701
93  8  2049.67  0.471204
93  9  2049.69  0.464319
93  10  2049.7  0.45857
93  11  2049.67  0.47334
94  0  2047.01  0.248012
94  1  2047.01  0.250428
94  2  2047  0.25081
94  3  2047.01  0.249703
94  4  2047.01  0.250558
94  5  2047  0.250194
94  6  2047.01  0.241941
94  7  2047.01  0.244965
94  8  2047.01  0.25451
94  9  2047.01  0.250778
94  10  2047.01  0.241836
94  11  2047  0.247169
95  0  2047.53  2.24139
95  1  2047.57  2.2178
95  2  2047.44  2.21795
95  3  2047.53  2.23361
95  4  2047.59  2.25325
95  5  2047.49  2.23968
95  6  2047.53  2.23117
95  7  2047.56  2.24106
95  8  2047.44  2.23808
95  9  2047.51  2.25176
95  10  2047.57  2.24891
95  11  2047.47  2.2446
96  0  0  0
96  1  0  0
96  2  0  0
96  3  0  0
96  4  0  0
96  5  0  0
96  6  0  0
96  7  0  0
96  8  0  0
96  9  0  0
96  10  0  0
96  11  0  0
97  0  2055.84  0.38464
97  1  2055.83  0.385905
97  2  2055.81  0.40055
97  3  2055.83  0.388047
97  4  2055.83  0.388917
97  5  2055.81  0.401581
97  6  2055.84  0.380042
97  7  2055.83  0.388559
97  8  2055.81  0.402702
97  9  2055.83  0.389343
97  10  2055.84  0.383184
97  11  2055.82  0.40232
98  0  2048.89  0.326626
98  1  2048.9  0.317875
98  2  2048.89  0.323677
98  3  2048.89  0.337206
98  4  2048.9  0.319936
98  5  2048.89  0.325759
98  6  2048.89  0.327504
98  7  2048.9  0.313829
98  8  2048.9  0.3211
98  9  2048.89  0.327057
98  10  2048.9  0.328828
98  11  2048.89  0.329325
99  0  2050.39  0.487735
99  1  2050.38  0.484828
99  2  2050.38  0.4847
99  3  2050.39  0.487297
99  4  2050.38  0.487299
99  5  2050.37  0.483088
99  6  2050.38  0.485823
99  7  2050.38  0.487143
99  8  2050.37  0.48439
99  9  2050.38  0.485545
99  10  2050.38  0.485983
99  11  2050.37  0.483529
100  0  2049.74  0.440358
100  1  2049.74  0.44166
100  2  2049.75  0.434408
100  3  2049.75  0.437785
100  4  2049.73  0.445787
100  5  2049.75  0.434406
100  6  2049.74  0.44208
100  7  2049.74  0.442059
100  8  2049.75  0.437448
100  9  2049.75  0.437146
100  10  2049.74  0.444575
100  11  2049.75  0.433193
101  0  2050.76  0.427096
101  1  2050.76  0.431085
101  2  2050.76  0.426848
101  3  2050.77  0.420789
101  4  2050.75  0.435728
101  5  2050.76  0.427676
101  6  2050.76  0.426468
101  7  2050.75  0.431149
101  8  2050.75  0.431263
101  9  2050.76  0.427403
101  10  2050.75  0.434237
101  11  2050.76  0.4302
102  0  2046.94  0.283012
102  1  2046.94  0.279575
102  2  2046.94  0.272681
102  3  2046.94  0.278768
102  4  2046.94  0.279978
102  5  2046.95  0.271873
102  6  2046.93  0.279626
102  7  2046.93  0.287769
102  8  2046.94  0.276474
102  9  2046.93  0.285787
102  10  2046.94  0.28631
102  11  2046.94  0.28031
103  0  2052.27  0.448634
103  1  2052.26  0.440547
103  2  2052.25  0.438797
103  3  2052.27  0.443843
103  4  2052.25  0.43794
103  5  2052.25  0.436362
103  6  2052.27  0.44637
103  7  2052.25  0.435675
103  8  2052.25  0.437556
103  9  2052.26  0.44025
103  10  2052.25  0.436073
103  11  2052.25  0.43619
104  0  2053.47  0.499474
104  1  2053.52  0.500256
104  2  2053.51  0.499953
104  3  2053.49  0.50053
104  4  2053.52  0.500045
104  5  2053.5  0.500197
104  6  2053.46  0.49884
104  7  2053.51  0.500214
104  8  2053.5  0.500391
104  9  2053.49  0.500082
104  10  2053.5  0.500586
104  11  2053.5  0.499984
105  0  2048.85  0.363494
105  1  2048.83  0.381385
105  2  2048.83  0.382081
105  3  2048.84  0.372019
105  4  2048.82  0.388959
105  5  2048.83  0.383377
105  6  2048.85  0.365882
105  7  2048.83  0.384104
105  8  2048.83  0.38095
105  9  2048.84  0.376284
105  10  2048.83  0.383518
105  11  2048.83  0.382084
106  0  2057.03  0.256431
106  1  2057.03  0.260097
106  2  2057.04  0.271026
106  3  2057.04  0.262665
106  4  2057.04  0.263298
106  5  2057.03  0.263151
106  6  2057.04  0.265512
106  7  2057.03  0.264395
106  8  2057.04  0.268095
106  9  2057.03  0.261552
106  10  2057.04  0.265546
106  11  2057.04  0.261692
107  0  2050.01  0.312381
107  1  2049.99  0.309652
107  2  2050  0.306578
107  3  2050.01  0.295036
107  4  2049.99  0.307713
107  5  2049.99  0.314119
107  6  2050  0.297809
107  7  2049.99  0.30334
107  8  2049.99  0.311045
107  9  2050  0.306604
107  10  2049.99  0.307453
107  11  2050  0.309182
108  0  2045.95  0.287223
108  1  2045.98  0.287482
108  2  2045.97  0.280898
108  3  2045.96  0.284133
108  4  2045.97  0.280683
108  5  2045.97  0.280964
108  6  2045.95  0.296038
108  7  2045.98  0.283184
108  8  2045.97  0.293881
108  9  2045.97  0.288512
108  10  2045.98  0.276514
108  11  2045.97  0.290583
109  0  2044.63  2.38926
109  1  2044.65  2.40799
109  2  2044.59  2.41653
109  3  2044.56  2.4293
109  4  2044.59  2.44367
109  5  2044.57  2.40752
109  6  2044.61  2.4333
109  7  2044.68  2.4241
109  8  2044.64  2.38779
109  9  2044.63  2.38437
109  10  2044.65  2.38443
109  11  2044.64  2.3698
110  0  2048.35  2.98249
110  1  2048.42  2.97937
110  2  2048.34  2.9492
110  3  2048.35  2.94988
110  4  2048.42  2.95439
110  5  2048.36  2.96375
110  6  2048.39  2.97458
110  7  2048.44  2.99252
110  8  2048.35  2.97415
110  9  2048.36  2.96856
110  10  2048.42  2.98054
110  11  2048.37  2.97378
111  0  2046.33  2.24882
111  1  2046.34  2.23923
111  2  2046.3  2.21085
111  3  2046.3  2.23036
111  4  2046.32  2.26176
111  5  2046.32  2.26958
111  6  2046.35  2.25382
111  7  2046.37  2.23235
111  8  2046.33  2.23595
111  9  2046.32  2.22127
111  10  2046.34  2.22307
111  11  2046.33  2.22709
112  0  2050.28  0.453709
112  1  2050.3  0.464209
112  2  2050.29  0.45651
112  3  2050.29  0.459817
112  4  2050.31  0.467615
112  5  2050.29  0.458992
112  6  2050.28  0.453351
112  7  2050.3  0.464581
112  8  2050.29  0.458238
112  9  2050.3  0.463773
112  10  2050.3  0.464492
112  11  2050.29  0.459019
113  0  2054.08  0.302026
113  1  2054.06  0.291228
113  2  2054.08  0.306706
113  3  2054.07  0.302218
113  4  2054.07  0.299262
113  5  2054.07  0.301751
113  6  2054.07  0.302413
113  7  2054.07  0.293525
113  8  2054.08  0.304415
113  9  2054.07  0.295522
113  10  2054.06  0.293339
113  11  2054.07  0.299314
114  0  2049.1  0.314889
114  1  2049.1  0.30927
114  2  2049.11  0.322162
114  3  2049.11  0.318582
114  4  2049.1  0.316783
114  5  2049.11  0.321851
114  6  2049.11  0.322904
114  7  2049.11  0.327837
114  8  2049.12  0.326095
114  9  2049.1  0.316223
114  10  2049.11  0.32312
114  11  2049.11  0.31604
115  0  2048.67  2.10897
115  1  2048.61  2.10454
115  2  2048.65  2.08884
115  3  2048.65  2.08212
115  4  2048.63  2.09741
115  5  2048.69  2.11155
115  6  2048.74  2.09791
115  7  2048.67  2.09512
115  8  2048.68  2.08797
115  9  2048.65  2.08121
115  10  2048.61  2.08696
115  11  2048.68  2.08328
116  0  2044.63  2.14868
116  1  2044.7  2.15473
116  2  2044.65  2.14148
116  3  2044.65  2.12047
116  4  2044.7  2.1202
116  5  2044.65  2.14548
116  6  2044.64  2.14356
116  7  2044.69  2.13115
116  8  2044.63  2.13818
116  9  2044.63  2.12708
116  10  2044.68  2.14273
116  11  2044.63  2.14474
117  0  2049.82  2.09609
117  1  2049.83  2.08818
117  2  2049.74  2.0878
117  3  2049.75  2.10644
117  4  2049.78  2.10002
117  5  2049.73  2.09098
117  6  2049.76  2.09498
117  7  2049.8  2.11562
117  8  2049.79  2.11807
117  9  2049.81  2.10146
117  10  2049.82  2.09195
117  11  2049.8  2.09457
118  0  2046.74  2.99728
118  1  2046.75  2.98443
118  2  2046.69  3.00258
118  3  2046.67  3.03033
118  4  2046.71  3.03468
118  5  2046.67  3.02818
118  6  2046.69  3.0037
118  7  2046.76  3.00615
118  8  2046.71  2.99881
118  9  2046.71  3.00472
118  10  2046.77  3.01744
118  11  2046.72  3.01836
119  0  2047.51  2.2324
119  1  2047.49  2.22662
119  2  2047.44  2.23353
119  3  2047.44  2.23924
119  4  2047.47  2.24643
119  5  2047.46  2.24578
119  6  2047.48  2.23741
119  7  2047.48  2.25435
119  8  2047.45  2.25594
119  9  2047.43  2.24542
119  10  2047.45  2.24546
119  11  2047.41  2.23351
120  0  2046.99  0.232631
120  1  2046.98  0.234788
120  2  2046.99  0.228618
120  3  2046.98  0.24314
120  4  2046.98  0.240586
120  5  2046.98  0.232984
120  6  2046.99  0.23624
120  7  2046.98  0.233866
120  8  2046.98  0.241968
120  9  2046.98  0.243266
120  10  2046.98  0.248998
120  11  2046.99  0.241445
121  0  2056.11  0.355501
121  1  2056.11  0.348647
121  2  2056.11  0.346823
121  3  2056.11  0.351178
121  4  2056.12  0.359596
121  5  2056.1  0.347328
121  6  2056.11  0.351938
121  7  2056.12  0.354698
121  8  2056.11  0.348124
121  9  2056.1  0.335072
121  10  2056.11  0.351719
121  11  2056.11  0.348083
122  0  2047.27  2.13703
122  1  2047.32  2.1642
122  2  2047.26  2.16553
122  3  2047.25  2.16448
122  4  2047.31  2.14017
122  5  2047.25  2.1334
122  6  2047.26  2.14089
122  7  2047.32  2.12787
122  8  2047.27  2.13601
122  9  2047.23  2.15918
122  10  2047.28  2.16105
122  11  2047.23  2.17531
123  0  2053.53  2.06568
123  1  2053.56  2.08899
123  2  2053.52  2.10171
123  3  2053.5  2.10248
123  4  2053.51  2.07201
123  5  2053.48  2.06194
123  6  2053.55  2.07709
123  7  2053.51  2.08475
123  8  2053.48  2.08807
123  9  2053.47  2.07843
123  10  2053.5  2.0706
123  11  2053.46  2.08413
124  0  2047.43  2.12463
124  1  2047.51  2.13746
124  2  2047.45  2.15307
124  3  2047.44  2.14761
124  4  2047.47  2.13455
124  5  2047.42  2.14157
124  6  2047.44  2.13313
124  7  2047.49  2.12949
124  8  2047.43  2.12222
124  9  2047.45  2.13992
124  10  2047.48  2.15564
124  11  2047.44  2.12505
125  0  2053  2.20408
125  1  2053.02  2.20764
125  2  2052.94  2.20883
125  3  2052.97  2.19952
125  4  2053.01  2.19721
125  5  2052.91  2.20849
125  6  2052.94  2.21873
125  7  2053.01  2.20947
125  8  2052.95  2.17921
125  9  2052.98  2.18216
125  10  2053  2.18565
125  11  2052.94  2.20421
126  0  2046.48  2.18367
126  1  2046.51  2.18847
126  2  2046.46  2.18195
126  3  2046.49  2.16441
126  4  2046.49  2.15864
126  5  2046.43  2.15761
126  6  2046.47  2.1609
126  7  2046.51  2.1429
126  8  2046.45  2.15639
126  9  2046.48  2.16706
126  10  2046.49  2.18218
126  11  2046.43  2.18611
127  0  2055.96  2.28694
127  1  2056.07  2.28415
127  2  2055.95  2.24944
127  3  2055.96  2.24118
127  4  2056.06  2.25581
127  5  2055.92  2.24874
127  6  2055.95  2.2529
127  7  2056.06  2.25757
127  8  2055.92  2.26851
127  9  2055.94  2.26625
127  10  2056.06  2.25425
127  11  2055.95  2.23902
128  0  2048.54  0.499329
128  1  2048.56  0.496866
128  2  2048.55  0.498038
128  3  2048.55  0.49823
128  4  2048.56  0.497136
128  5  2048.54  0.498822
128  6  2048.53  0.499385
128  7  2048.56  0.497228
128  8  2048.54  0.498813
128  9  2048.55  0.497618
128  10  2048.55  0.498583
128  11  2048.54  0.498604
129  0  2038.16  1.96322
129  1  2038.19  1.98106
129  2  2038.14  1.9647
129  3  2038.14  1.95785
129  4  2038.16  1.96008
129  5  2038.13  1.96735
129  6  2038.16  1.98611
129  7  2038.18  1.98002
129  8  2038.13  1.97527
129  9  2038.14  1.96619
129  10  2038.18  1.96739
129  11  2038.14  1.95527
130  0  2046.66  2.17669
130  1  2046.75  2.17629
130  2  2046.71  2.15961
130  3  2046.7  2.16545
130  4  2046.75  2.18175
130  5  2046.68  2.15598
130  6  2046.69  2.15968
130  7  2046.74  2.15443
130  8  2046.66  2.16225
130  9  2046.66  2.17649
130  10  2046.71  2.18322
130  11  2046.66  2.18245
131  0  2053.57  2.21041
131  1  2053.53  2.21108
131  2  2053.54  2.20508
131  3  2053.53  2.22028
131  4  2053.52  2.23189
131  5  2053.52  2.23422
131  6  2053.56  2.22692
131  7  2053.52  2.23556
131  8  2053.52  2.226
131  9  2053.55  2.24359
131  10  2053.54  2.23037
131  11  2053.52  2.20918
132  0  2045.41  2.1155
132  1  2045.49  2.11428
132  2  2045.38  2.10655
132  3  2045.39  2.09976
132  4  2045.45  2.10687
132  5  2045.35  2.12941
132  6  2045.39  2.12295
132  7  2045.44  2.13235
132  8  2045.37  2.11325
132  9  2045.38  2.10817
132  10  2045.42  2.14092
132  11  2045.32  2.13287
133  0  2054.95  2.16188
133  1  2055.01  2.16428
133  2  2054.92  2.17986
133  3  2054.95  2.17079
133  4  2055.01  2.16708
133  5  2054.9  2.16203
133  6  2054.92  2.16875
133  7  2055  2.17866
133  8  2054.93  2.18833
133  9  2054.93  2.18863
133  10  2054.95  2.17176
133  11  2054.89  2.15567
134  0  2046.47  2.18164
134  1  2046.5  2.17068
134  2  2046.46  2.16647
134  3  2046.46  2.18609
134  4  2046.44  2.19576
134  5  2046.37  2.2068
134  6  2046.4  2.18229
134  7  2046.44  2.17544
134  8  2046.41  2.1929
134  9  2046.43  2.202
134  10  2046.44  2.20676
134  11  2046.4  2.20722
135  0  2051.52  2.16577
135  1  2051.58  2.17425
135  2  2051.46  2.18605
135  3  2051.5  2.19218
135  4  2051.57  2.17673
135  5  2051.46  2.15779
135  6  2051.52  2.15277
135  7  2051.6  2.17488
135  8  2051.49  2.17038
135  9  2051.52  2.17742
135  10  2051.59  2.169
135  11  2051.47  2.14945
136  0  2043.17  2.18268
136  1  2043.24  2.17124
136  2  2043.14  2.17982
136  3  2043.17  2.19152
136  4  2043.24  2.18578
136  5  2043.13  2.20033
136  6  2043.15  2.20163
136  7  2043.21  2.20517
136  8  2043.12  2.19097
136  9  2043.15  2.19089
136  10  2043.21  2.2013
136  11  2043.1  2.1799
137  0  2053.84  2.2245
137  1  2053.88  2.24346
137  2  2053.82  2.2339
137  3  2053.82  2.24738
137  4  2053.84  2.25425
137  5  2053.79  2.22369
137  6  2053.81  2.22092
137  7  2053.84  2.21598
137  8  2053.82  2.22695
137  9  2053.82  2.23155
137  10  2053.85  2.23983
137  11  2053.79  2.23353
138  0  2046.63  2.16625
138  1  2046.66  2.1757
138  2  2046.56  2.19268
138  3  2046.57  2.18217
138  4  2046.59  2.16913
138  5  2046.5  2.15723
138  6  2046.54  2.14136
138  7  2046.64  2.17109
138  8  2046.59  2.17606
138  9  2046.61  2.18432
138  10  2046.65  2.19902
138  11  2046.57  2.18471
139  0  2053.94  2.29561
139  1  2053.93  2.30595
139  2  2053.84  2.29258
139  3  2053.88  2.30684
139  4  2053.91  2.30619
139  5  2053.84  2.30581
139  6  2053.93  2.31666
139  7  2053.96  2.30562
139  8  2053.89  2.30547
139  9  2053.93  2.33794
139  10  2053.97  2.32722
139  11  2053.88  2.31039
140  0  2049.01  2.16464
140  1  2049.09  2.14888
140  2  2048.98  2.16155
140  3  2049.05  2.16074
140  4  2049.13  2.1662
140  5  2049.02  2.17789
140  6  2049.05  2.1643
140  7  2049.09  2.1735
140  8  2048.98  2.17647
140  9  2049.04  2.16305
140  10  2049.07  2.13063
140  11  2048.96  2.13855
141  0  2048.51  2.17968
141  1  2048.56  2.18263
141  2  2048.51  2.17278
141  3  2048.54  2.20521
141  4  2048.6  2.21128
141  5  2048.52  2.19068
141  6  2048.56  2.17719
141  7  2048.6  2.17087
141  8  2048.52  2.19135
141  9  2048.54  2.18968
141  10  2048.58  2.17243
141  11  2048.5  2.15677
142  0  2044.52  2.12543
142  1  2044.6  2.10656
142  2  2044.49  2.1208
142  3  2044.54  2.10644
142  4  2044.59  2.1106
142  5  2044.47  2.11403
142  6  2044.5  2.10352
142  7  2044.57  2.12599
142  8  2044.47  2.12126
142  9  2044.5  2.12161
142  10  2044.55  2.12562
142  11  2044.46  2.10506
143  0  2050.58  2.92571
143  1  2050.62  2.90632
143  2  2050.51  2.89647
143  3  2050.52  2.87682
143  4  2050.54  2.89489
143  5  2050.44  2.89941
143  6  2050.51  2.92733
143  7  2050.59  2.92894
143  8  2050.52  2.92685
143  9  2050.52  2.92112
143  10  2050.57  2.91993
143  11  2050.5  2.91795
144  0  0  0
144  1  0  0
144  2  0  0
144  3  0  0
144  4  0  0
144  5  0  0
144  6  0  0
144  7  0  0
144  8  0  0
144  9  0  0
144  10  0  0
144  11  0  0
145  0  2054.03  0.319797
145  1  2054.02  0.323642
145  2  2054.03  0.308009
145  3  2054.01  0.312395
145  4  2054.02  0.314718
145  5  2054.03  0.31816
145  6  2054.02  0.317592
145  7  2054.02  0.321618
145  8  2054.02  0.316447
145  9  2054.02  0.322255
145  10  2054.02  0.327262
145  11  2054.03  0.318459
146  0  2052.11  0.360924
146  1  2052.12  0.365843
146  2  2052.12  0.364598
146  3  2052.11  0.363975
146  4  2052.11  0.368529
146  5  2052.13  0.375932
146  6  2052.12  0.374015
146  7  2052.12  0.375742
146  8  2052.13  0.374058
146  9  2052.1  0.367711
146  10  2052.12  0.370675
146  11  2052.13  0.369408
147  0  2060.12  0.333905
147  1  2060.12  0.340125
147  2  2060.12  0.336176
147  3  2060.13  0.343997
147  4  2060.13  0.344943
147  5  2060.12  0.334181
147  6  2060.11  0.328413
147  7  2060.12  0.341445
147  8  2060.12  0.336631
147  9  2060.12  0.338399
147  10  2060.13  0.348527
147  11  2060.11  0.330198
148  0  2051.81  0.407403
148  1  2051.83  0.388543
148  2  2051.8  0.411691
148  3  2051.81  0.402251
148  4  2051.83  0.388059
148  5  2051.79  0.416518
148  6  2051.81  0.404714
148  7  2051.84  0.385098
148  8  2051.79  0.414473
148  9  2051.81  0.402716
148  10  2051.83  0.392436
148  11  2051.79  0.411139
149  0  2049.39  0.488956
149  1  2049.39  0.486928
149  2  2049.37  0.483533
149  3  2049.38  0.486992
149  4  2049.4  0.490101
149  5  2049.38  0.485882
149  6  2049.39  0.488775
149  7  2049.39  0.488121
149  8  2049.38  0.486786
149  9  2049.39  0.4893
149  10  2049.4  0.488881
149  11  2049.38  0.486549
150  0  2049.89  0.336585
150  1  2049.9  0.325998
150  2  2049.87  0.354054
150  3  2049.89  0.337403
150  4  2049.91  0.32064
150  5  2049.87  0.358824
150  6  2049.88  0.347646
150  7  2049.91  0.322923
150  8  2049.88  0.347865
150  9  2049.89  0.338708
150  10  2049.91  0.320794
150  11  2049.87  0.352167
151  0  2053.75  0.435147
151  1  2053.73  0.445163
151  2  2053.75  0.437507
151  3  2053.75  0.43886
151  4  2053.73  0.44691
151  5  2053.75  0.438648
151  6  2053.75  0.435847
151  7  2053.72  0.451163
151  8  2053.76  0.433903
151  9  2053.75  0.435098
151  10  2053.73  0.446134
151  11  2053.74  0.441403
152  0  2046.05  0.258416
152  1  2046.04  0.251474
152  2  2046.05  0.268442
152  3  2046.05  0.267817
152  4  2046.05  0.2643
152  5  2046.05  0.265511
152  6  2046.04  0.267582
152  7  2046.04  0.254799
152  8  2046.06  0.276122
152  9  2046.05  0.274319
152  10  2046.04  0.255324
152  11  2046.05  0.274512
153  0  2053.87  0.341368
153  1  2053.9  0.320542
153  2  2053.87  0.346762
153  3  2053.88  0.338272
153  4  2053.9  0.316664
153  5  2053.87  0.342967
153  6  2053.88  0.334678
153  7  2053.9  0.315164
153  8  2053.87  0.342397
153  9  2053.88  0.339274
153  10  2053.89  0.322204
153  11  2053.88  0.335308
154  0  2046.85  0.368941
154  1  2046.85  0.365171
154  2  2046.86  0.363379
154  3  2046.85  0.367354
154  4  2046.85  0.361763
154  5  2046.85  0.36366
154  6  2046.84  0.372288
154  7  2046.85  0.363299
154  8  2046.85  0.361385
154  9  2046.85  0.366111
154  10  2046.85  0.371725
154  11  2046.85  0.364021
155  0  2047.44  0.498868
155  1  2047.52  0.501555
155  2  2047.5  0.502189
155  3  2047.47  0.501178
155  4  2047.53  0.501749
155  5  2047.5  0.502589
155  6  2047.45  0.498541
155  7  2047.52  0.503687
155  8  2047.5  0.502373
155  9  2047.47  0.501633
155  10  2047.52  0.503227
155  11  2047.5  0.502576
156  0  2050.19  0.398267
156  1  2050.18  0.389466
156  2  2050.19  0.402635
156  3  2050.2  0.407435
156  4  2050.18  0.388195
156  5  2050.2  0.404284
156  6  2050.19  0.398015
156  7  2050.17  0.382498
156  8  2050.2  0.404157
156  9  2050.21  0.409978
156  10  2050.17  0.388516
156  11  2050.19  0.399873
157  0  2058.88  2.19164
157  1  2058.75  2.21331
157  2  2058.72  2.20555
157  3  2058.82  2.1771
157  4  2058.68  2.17122
157  5  2058.69  2.17266
157  6  2058.82  2.17067
157  7  2058.72  2.19247
157  8  2058.72  2.17982
157  9  2058.83  2.16111
157  10  2058.69  2.17153
157  11  2058.69  2.1804
158  0  2051  2.298
158  1  2051.07  2.30202
158  2  2051.03  2.29713
158  3  2050.99  2.27605
158  4  2051.03  2.25702
158  5  2051  2.25644
158  6  2050.97  2.24035
158  7  2051.04  2.2484
158  8  2051.01  2.25896
158  9  2051  2.24544
158  10  2051.06  2.24865
158  11  2051.04  2.27607
159  0  2052.14  2.93834
159  1  2052.31  2.91004
159  2  2052.13  2.93404
159  3  2052.1  2.94219
159  4  2052.24  2.93556
159  5  2052.08  2.93722
159  6  2052.12  2.95196
159  7  2052.3  2.95357
159  8  2052.11  2.92465
159  9  2052.12  2.91435
159  10  2052.28  2.92274
159  11  2052.12  2.92925
160  0  2049.35  0.47855
160  1  2049.31  0.463276
160  2  2049.32  0.467038
160  3  2049.3  0.460622
160  4  2049.3  0.460793
160  5  2049.31  0.46561
160  6  2049.34  0.476169
160  7  2049.31  0.464238
160  8  2049.32  0.467193
160  9  2049.3  0.460918
160  10  2049.31  0.463633
160  11  2049.32  0.467582
161  0  2053.04  0.258103
161  1  2053.05  0.269803
161  2  2053.05  0.268453
161  3  2053.05  0.271873
161  4  2053.05  0.27329
161  5  2053.05  0.274125
161  6  2053.04  0.259899
161  7  2053.05  0.271176
161  8  2053.05  0.274001
161  9  2053.05  0.27661
161  10  2053.05  0.264877
161  11  2053.05  0.266954
162  0  2051.03  0.245684
162  1  2051.02  0.23803
162  2  2051.03  0.255833
162  3  2051.02  0.246578
162  4  2051.02  0.246618
162  5  2051.03  0.252502
162  6  2051.03  0.246325
162  7  2051.03  0.24951
162  8  2051.03  0.252024
162  9  2051.03  0.252518
162  10  2051.03  0.252635
162  11  2051.03  0.253552
163  0  2051.25  2.19737
163  1  2051.18  2.19112
163  2  2051.24  2.18439
163  3  2051.23  2.18898
163  4  2051.12  2.17849
163  5  2051.22  2.16247
163  6  2051.25  2.16577
163  7  2051.15  2.17728
163  8  2051.21  2.17382
163  9  2051.25  2.19386
163  10  2051.14  2.19191
163  11  2051.2  2.17613
164  0  2045.82  2.24381
164  1  2045.74  2.24864
164  2  2045.68  2.25046
164  3  2045.73  2.25299
164  4  2045.69  2.24679
164  5  2045.71  2.24547
164  6  2045.82  2.26604
164  7  2045.75  2.26159
164  8  2045.73  2.25913
164  9  2045.77  2.25156
164  10  2045.7  2.25515
164  11  2045.69  2.25335
165  0  2053.2  2.23809
165  1  2053.14  2.2259
165  2  2053.14  2.20143
165  3  2053.21  2.19294
165  4  2053.17  2.18285
165  5  2053.15  2.18924
165  6  2053.22  2.21481
165  7  2053.18  2.21363
165  8  2053.15  2.20597
165  9  2053.17  2.20476
165  10  2053.14  2.18337
165  11  2053.15  2.19359
166  0  2048.32  2.21461
166  1  2048.4  2.19373
166  2  2048.33  2.21153
166  3  2048.26  2.22578
166  4  2048.37  2.21243
166  5  2048.31  2.20239
166  6  2048.31  2.20398
166  7  2048.43  2.17942
166  8  2048.36  2.18975
166  9  2048.31  2.22645
166  10  2048.39  2.19478
166  11  2048.32  2.17836
167  0  2050.77  2.0891
167  1  2050.8  2.07594
167  2  2050.75  2.0965
167  3  2050.74  2.07614
167  4  2050.77  2.07407
167  5  2050.76  2.09273
167  6  2050.74  2.10448
167  7  2050.76  2.10851
167  8  2050.74  2.1339
167  9  2050.77  2.10408
167  10  2050.81  2.10726
167  11  2050.79  2.09929
168  0  2049.03  0.278505
168  1  2049.02  0.268719
168  2  2049.02  0.276608
168  3  2049.02  0.271879
168  4  2049.02  0.270107
168  5  2049.02  0.269412
168  6  2049.03  0.272894
168  7  2049.03  0.265832
168  8  2049.02  0.271336
168  9  2049.01  0.260888
168  10  2049.02  0.272129
168  11  2049.02  0.264073
169  0  2048.24  0.431049
169  1  2048.25  0.436529
169  2  2048.26  0.43938
169  3  2048.26  0.438159
169  4  2048.25  0.43756
169  5  2048.25  0.437325
169  6  2048.24  0.431811
169  7  2048.24  0.432185
169  8  2048.25  0.433077
169  9  2048.27  0.444528
169  10  2048.25  0.435671
169  11  2048.26  0.438615
170  0  2048.91  2.22711
170  1  2048.84  2.23064
170  2  2048.82  2.23219
170  3  2048.86  2.20118
170  4  2048.81  2.20034
170  5  2048.82  2.2109
170  6  2048.87  2.18813
170  7  2048.82  2.18421
170  8  2048.82  2.18755
170  9  2048.88  2.19217
170  10  2048.81  2.22735
170  11  2048.79  2.22628
171  0  2048.73  2.19071
171  1  2048.61  2.20062
171  2  2048.62  2.20625
171  3  2048.72  2.20653
171  4  2048.64  2.2181
171  5  2048.67  2.21398
171  6  2048.76  2.21517
171  7  2048.61  2.22132
171  8  2048.61  2.23263
171  9  2048.66  2.22459
171  10  2048.54  2.21489
171  11  2048.59  2.20777
172  0  2051.34  2.23754
172  1  2051.32  2.24236
172  2  2051.31  2.20601
172  3  2051.33  2.19346
172  4  2051.32  2.22496
172  5  2051.31  2.24078
172  6  2051.37  2.23483
172  7  2051.34  2.23539
172  8  2051.31  2.25129
172  9  2051.31  2.21979
172  10  2051.29  2.22899
172  11  2051.28  2.23872
173  0  2051.77  2.25257
173  1  2051.72  2.23009
173  2  2051.7  2.23769
173  3  2051.79  2.24306
173  4  2051.71  2.2484
173  5  2051.68  2.25931
173  6  2051.76  2.25603
173  7  2051.71  2.23757
173  8  2051.69  2.24156
173  9  2051.77  2.2378
173  10  2051.7  2.22503
173  11  2051.67  2.23727
174  0  2046.13  2.18329
174  1  2046.08  2.19153
174  2  2046.04  2.19613
174  3  2046.08  2.18935
174  4  2046.04  2.19922
174  5  2046.03  2.19499
174  6  2046.1  2.19799
174  7  2046.03  2.21065
174  8  2045.99  2.23275
174  9  2046.04  2.21551
174  10  2046.02  2.1912
174  11  2046.02  2.18229
175  0  2051.93  2.93179
175  1  2052.02  2.95
175  2  2051.93  2.97645
175  3  2051.94  2.98311
175  4  2052.03  2.96201
175  5  2051.94  2.95122
175  6  2051.95  2.9275
175  7  2052.05  2.96678
175  8  2051.95  2.97696
175  9  2051.94  2.97848
175  10  2052.01  2.96158
175  11  2051.9  2.95256
176  0  2054.06  0.287786
176  1  2054.05  0.281506
176  2  2054.06  0.291149
176  3  2054.04  0.277256
176  4  2054.05  0.288038
176  5  2054.06  0.294195
176  6  2054.06  0.288684
176  7  2054.05  0.281719
176  8  2054.06  0.290368
176  9  2054.05  0.289296
176  10  2054.05  0.282131
176  11  2054.06  0.2956
177  0  2048.22  2.18382
177  1  2048.17  2.18649
177  2  2048.14  2.17181
177  3  2048.23  2.16756
177  4  2048.16  2.1705
177  5  2048.14  2.17035
177  6  2048.21  2.17259
177  7  2048.17  2.17641
177  8  2048.14  2.18194
177  9  2048.21  2.19442
177  10  2048.12  2.19027
177  11  2048.1  2.19019
178  0  2047.47  2.11259
178  1  2047.43  2.11958
178  2  2047.42  2.11387
178  3  2047.46  2.11573
178  4  2047.38  2.12531
178  5  2047.4  2.12108
178  6  2047.48  2.12482
178  7  2047.42  2.13047
178  8  2047.41  2.14742
178  9  2047.47  2.11888
178  10  2047.38  2.10113
178  11  2047.38  2.09007
179  0  2047.4  2.12001
179  1  2047.3  2.13494
179  2  2047.27  2.16155
179  3  2047.36  2.16454
179  4  2047.24  2.14867
179  5  2047.25  2.17172
179  6  2047.4  2.16025
179  7  2047.3  2.1804
179  8  2047.31  2.18406
179  9  2047.39  2.18123
179  10  2047.27  2.15315
179  11  2047.28  2.15032
180  0  2046.91  2.09694
180  1  2046.83  2.10875
180  2  2046.86  2.12165
180  3  2046.88  2.11739
180  4  2046.84  2.11713
180  5  2046.86  2.1268
180  6  2046.88  2.11734
180  7  2046.82  2.11513
180  8  2046.86  2.13829
180  9  2046.88  2.14648
180  10  2046.83  2.15458
180  11  2046.87  2.14141
181  0  2050.97  2.22595
181  1  2050.86  2.23778
181  2  2050.86  2.22509
181  3  2050.91  2.22925
181  4  2050.81  2.22691
181  5  2050.83  2.21856
181  6  2050.92  2.22748
181  7  2050.85  2.21351
181  8  2050.86  2.21536
181  9  2050.92  2.21819
181  10  2050.85  2.2356
181  11  2050.88  2.22866
182  0  2049.83  2.23457
182  1  2049.89  2.22298
182  2  2049.87  2.2026
182  3  2049.85  2.19642
182  4  2049.93  2.19643
182  5  2049.89  2.21557
182  6  2049.86  2.21685
182  7  2049.91  2.21668
182  8  2049.88  2.21999
182  9  2049.81  2.21672
182  10  2049.85  2.21332
182  11  2049.84  2.20727
183  0  2048.74  2.16683
183  1  2048.79  2.16253
183  2  2048.7  2.15919
183  3  2048.68  2.18382
183  4  2048.75  2.18046
183  5  2048.71  2.18453
183  6  2048.7  2.19989
183  7  2048.76  2.20116
183  8  2048.75  2.20115
183  9  2048.77  2.2026
183  10  2048.83  2.19892
183  11  2048.77  2.19564
184  0  2053.13  2.22484
184  1  2053.02  2.19321
184  2  2053.08  2.2028
184  3  2053.11  2.21766
184  4  2053.01  2.21862
184  5  2053.08  2.22331
184  6  2053.13  2.22475
184  7  2053.05  2.20924
184  8  2053.07  2.20698
184  9  2053.14  2.22332
184  10  2053.05  2.21302
184  11  2053.1  2.21146
185  0  2056.68  2.24628
185  1  2056.6  2.23175
185  2  2056.58  2.21685
185  3  2056.66  2.19609
185  4  2056.6  2.1841
185  5  2056.62  2.20299
185  6  2056.7  2.20332
185  7  2056.66  2.2112
185  8  2056.6  2.22839
185  9  2056.65  2.21733
185  10  2056.59  2.20552
185  11  2056.6  2.21289
186  0  2048.67  2.12387
186  1  2048.6  2.1234
186  2  2048.6  2.12706
186  3  2048.69  2.13508
186  4  2048.62  2.14525
186  5  2048.63  2.12333
186  6  2048.72  2.11526
186  7  2048.67  2.11791
186  8  2048.62  2.13486
186  9  2048.67  2.14683
186  10  2048.6  2.14156
186  11  2048.6  2.14071
187  0  2050.61  2.24418
187  1  2050.53  2.24142
187  2  2050.48  2.23348
187  3  2050.59  2.21978
187  4  2050.5  2.22999
187  5  2050.51  2.23047
187  6  2050.64  2.21065
187  7  2050.55  2.21126
187  8  2050.53  2.22124
187  9  2050.62  2.21789
187  10  2050.54  2.22927
187  11  2050.53  2.2368
188  0  2046.7  2.18694
188  1  2046.64  2.1875
188  2  2046.61  2.15886
188  3  2046.66  2.15859
188  4  2046.6  2.17096
188  5  2046.61  2.1721
188  6  2046.7  2.16475
188  7  2046.64  2.17645
188  8  2046.63  2.17335
188  9  2046.68  2.18172
188  10  2046.63  2.1939
188  11  2046.63  2.17946
189  0  2047.6  2.11893
189  1  2047.5  2.12712
189  2  2047.51  2.14781
189  3  2047.61  2.14304
189  4  2047.52  2.13003
189  5  2047.54  2.13813
189  6  2047.61  2.12343
189  7  2047.53  2.12381
189  8  2047.52  2.14021
189  9  2047.62  2.13943
189  10  2047.53  2.15784
189  11  2047.56  2.16197
190  0  2046.01  2.95859
190  1  2046.11  2.94383
190  2  2045.95  2.93017
190  3  2045.9  2.92764
190  4  2046.03  2.94522
190  5  2045.95  2.94591
190  6  2046.03  2.92143
190  7  2046.22  2.93044
190  8  2046.09  2.92756
190  9  2046.03  2.93906
190  10  2046.14  2.94807
190  11  2046.02  2.91601
191  0  2050.85  0.689194
191  1  2050.95  0.709387
191  2  2050.85  0.690091
191  3  2050.87  0.691377
191  4  2050.94  0.704001
191  5  2050.84  0.690703
191  6  2050.86  0.698169
191  7  2050.95  0.709422
191  8  2050.85  0.693885
191  9  2050.86  0.697282
191  10  2050.94  0.713382
191  11  2050.84  0.686274
192  0  0  0
192  1  0  0
192  2  0  0
192  3  0  0
192  4  0  0
192  5  0  0
192  6  0  0
192  7  0  0
192  8  0  0
192  9  0  0
192  10  0  0
192  11  0  0
193  0  2052.77  2.20479
193  1  2052.73  2.21016
193  2  2052.7  2.24263
193  3  2052.71  2.22416
193  4  2052.71  2.20832
193  5  2052.76  2.23771
193  6  2052.81  2.25862
193  7  2052.8  2.23935
193  8  2052.79  2.22816
193  9  2052.77  2.23832
193  10  2052.73  2.24295
193  11  2052.73  2.24959
194  0  2050.64  2.14999
194  1  2050.64  2.16348
194  2  2050.68  2.16512
194  3  2050.69  2.13147
194  4  2050.65  2.10738
194  5  2050.64  2.13447
194  6  2050.67  2.14404
194  7  2050.64  2.11562
194  8  2050.65  2.12638
194  9  2050.65  2.12564
194  10  2050.63  2.13212
194  11  2050.66  2.13952
195  0  2051.88  1.81689
195  1  2051.84  1.8308
195  2  2051.87  1.82833
195  3  2051.88  1.83127
195  4  2051.84  1.81575
195  5  2051.88  1.79341
195  6  2051.89  1.79847
195  7  2051.86  1.80265
195  8  2051.88  1.81146
195  9  2051.89  1.8044
195  10  2051.84  1.80874
195  11  2051.89  1.82043
196  0  2044.29  2.26543
196  1  2044.29  2.26008
196  2  2044.18  2.27694
196  3  2044.27  2.27604
196  4  2044.24  2.27493
196  5  2044.11  2.2883
196  6  2044.24  2.26377
196  7  2044.22  2.2404
196  8  2044.13  2.24549
196  9  2044.26  2.2643
196  10  2044.26  2.27803
196  11  2044.12  2.28842
197  0  2049.59  2.30662
197  1  2049.6  2.30133
197  2  2049.56  2.28309
197  3  2049.6  2.27228
197  4  2049.61  2.28469
197  5  2049.58  2.30699
197  6  2049.62  2.31633
197  7  2049.61  2.30522
197  8  2049.55  2.28524
197  9  2049.59  2.27105
197  10  2049.6  2.2891
197  11  2049.57  2.3069
198  0  2044.6  2.21097
198  1  2044.57  2.19575
198  2  2044.42  2.16892
198  3  2044.59  2.16005
198  4  2044.6  2.17191
198  5  2044.45  2.19143
198  6  2044.64  2.18013
198  7  2044.63  2.16932
198  8  2044.47  2.17837
198  9  2044.6  2.20197
198  10  2044.58  2.20865
198  11  2044.4  2.16975
199  0  2055.93  0.325309
199  1  2055.93  0.323029
199  2  2055.93  0.325616
199  3  2055.93  0.325869
199  4  2055.93  0.331314
199  5  2055.93  0.320743
199  6  2055.93  0.316353
199  7  2055.93  0.32253
199  8  2055.93  0.32579
199  9  2055.93  0.316674
199  10  2055.93  0.32384
199  11  2055.92  0.328915
200  0  2044.6  2.19055
200  1  2044.55  2.22087
200  2  2044.55  2.23255
200  3  2044.56  2.23069
200  4  2044.5  2.21623
200  5  2044.57  2.20914
200  6  2044.6  2.19346
200  7  2044.53  2.2039
200  8  2044.55  2.22354
200  9  2044.56  2.20509
200  10  2044.52  2.19133
200  11  2044.54  2.19855
201  0  2046.58  2.19658
201  1  2046.55  2.18464
201  2  2046.52  2.19501
201  3  2046.54  2.21004
201  4  2046.5  2.20858
201  5  2046.49  2.19278
201  6  2046.52  2.18165
201  7  2046.49  2.1866
201  8  2046.52  2.19211
201  9  2046.56  2.20023
201  10  2046.51  2.18886
201  11  2046.55  2.18617
202  0  2049.24  2.26621
202  1  2049.22  2.26918
202  2  2048.88  2.26076
202  3  2049.24  2.28343
202  4  2049.24  2.26981
202  5  2048.9  2.24214
202  6  2049.23  2.2603
202  7  2049.19  2.26023
202  8  2048.86  2.26965
202  9  2049.19  2.28492
202  10  2049.15  2.28447
202  11  2048.83  2.26618
203  0  2051.23  2.17931
203  1  2051.23  2.19084
203  2  2051.18  2.1771
203  3  2051.24  2.17827
203  4  2051.24  2.15681
203  5  2051.19  2.15167
203  6  2051.23  2.16405
203  7  2051.26  2.16629
203  8  2051.24  2.15068
203  9  2051.25  2.13062
203  10  2051.25  2.13653
203  11  2051.22  2.16442
204  0  2048.64  2.21443
204  1  2048.66  2.22098
204  2  2048.55  2.21086
204  3  2048.59  2.21915
204  4  2048.63  2.20986
204  5  2048.52  2.19723
204  6  2048.59  2.19993
204  7  2048.63  2.19974
204  8  2048.56  2.21468
204  9  2048.61  2.19982
204  10  2048.64  2.20206
204  11  2048.56  2.19718
205  0  2051.48  2.2042
205  1  2051.51  2.23638
205  2  2051.45  2.24369
205  3  2051.5  2.23237
205  4  2051.51  2.24014
205  5  2051.41  2.24896
205  6  2051.52  2.24255
205  7  2051.51  2.24195
205  8  2051.42  2.24263
205  9  2051.49  2.23419
205  10  2051.53  2.22068
205  11  2051.43  2.23994
206  0  2049.69  2.24084
206  1  2049.71  2.2356
206  2  2049.6  2.23179
206  3  2049.69  2.22019
206  4  2049.74  2.20039
206  5  2049.62  2.20114
206  6  2049.71  2.21508
206  7  2049.73  2.2268
206  8  2049.63  2.22906
206  9  2049.67  2.20191
206  10  2049.7  2.2142
206  11  2049.62  2.21047
207  0  2052.48  2.17236
207  1  2052.44  2.17337
207  2  2052.39  2.16651
207  3  2052.47  2.17786
207  4  2052.48  2.16796
207  5  2052.42  2.15962
207  6  2052.51  2.15465
207  7  2052.47  2.17893
207  8  2052.42  2.18801
207  9  2052.51  2.17557
207  10  2052.51  2.17094
207  11  2052.45  2.17749
208  0  2053.42  2.22301
208  1  2053.38  2.22828
208  2  2053.37  2.19679
208  3  2053.43  2.21233
208  4  2053.4  2.2199
208  5  2053.36  2.22122
208  6  2053.42  2.21889
208  7  2053.39  2.22414
208  8  2053.37  2.21502
208  9  2053.39  2.21883
208  10  2053.35  2.22721
208  11  2053.34  2.20094
209  0  2058.46  2.3003
209  1  2058.44  2.31523
209  2  2058.39  2.27668
209  3  2058.41  2.28278
209  4  2058.36  2.29184
209  5  2058.31  2.3041
209  6  2058.38  2.27968
209  7  2058.37  2.26575
209  8  2058.34  2.29484
209  9  2058.39  2.29764
209  10  2058.38  2.29543
209  11  2058.36  2.27947
210  0  2044.77  2.20384
210  1  2044.78  2.18029
210  2  2044.81  2.1735
210  3  2044.82  2.16614
210  4  2044.75  2.15343
210  5  2044.75  2.14808
210  6  2044.77  2.16578
210  7  2044.76  2.19063
210  8  2044.79  2.17809
210  9  2044.81  2.16622
210  10  2044.75  2.17629
210  11  2044.78  2.1842
211  0  2049.54  2.17466
211  1  2049.53  2.1766
211  2  2049.5  2.17946
211  3  2049.59  2.18224
211  4  2049.54  2.19908
211  5  2049.49  2.18405
211  6  2049.52  2.18315
211  7  2049.52  2.18042
211  8  2049.5  2.20378
211  9  2049.57  2.21017
211  10  2049.5  2.21058
211  11  2049.48  2.19089
212  0  2044.18  2.15779
212  1  2044.16  2.14243
212  2  2044.1  2.15891
212  3  2044.16  2.1469
212  4  2044.18  2.17513
212  5  2044.13  2.19176
212  6  2044.19  2.19759
212  7  2044.18  2.19237
212  8  2044.13  2.19194
212  9  2044.21  2.18638
212  10  2044.23  2.16141
212  11  2044.17  2.17568
213  0  2047.9  2.23403
213  1  2047.93  2.25712
213  2  2047.91  2.23208
213  3  2047.94  2.22375
213  4  2047.95  2.21099
213  5  2047.87  2.21914
213  6  2047.9  2.21158
213  7  2047.94  2.21229
213  8  2047.88  2.21624
213  9  2047.91  2.21363
213  10  2047.93  2.22642
213  11  2047.88  2.23183
214  0  2052.41  2.17534
214  1  2052.4  2.17492
214  2  2052.29  2.16493
214  3  2052.41  2.16259
214  4  2052.38  2.15839
214  5  2052.27  2.15818
214  6  2052.41  2.17909
214  7  2052.37  2.17673
214  8  2052.25  2.16693
214  9  2052.38  2.15202
214  10  2052.37  2.17677
214  11  2052.27  2.18818
215  0  2047.73  2.17649
215  1  2047.72  2.17976
215  2  2047.64  2.20401
215  3  2047.68  2.17442
215  4  2047.71  2.18464
215  5  2047.69  2.20006
215  6  2047.73  2.22852
215  7  2047.71  2.22251
215  8  2047.68  2.2139
215  9  2047.75  2.19173
215  10  2047.75  2.20231
215  11  2047.7  2.19548
216  0  2052.97  2.23316
216  1  2052.92  2.22423
216  2  2052.94  2.22725
216  3  2053.02  2.22424
216  4  2052.96  2.23315
216  5  2052.98  2.21703
216  6  2053.02  2.20846
216  7  2052.95  2.21529
216  8  2052.95  2.224
216  9  2053.02  2.22267
216  10  2052.92  2.21484
216  11  2052.96  2.1999
217  0  2050.65  2.15131
217  1  2050.63  2.15265
217  2  2050.57  2.15632
217  3  2050.63  2.1712
217  4  2050.61  2.16846
217  5  2050.55  2.16676
217  6  2050.62  2.15782
217  7  2050.61  2.1523
217  8  2050.54  2.17386
217  9  2050.6  2.17033
217  10  2050.59  2.16838
217  11  2050.54  2.17301
218  0  2053.35  2.14971
218  1  2053.31  2.16018
218  2  2053.27  2.1634
218  3  2053.34  2.18249
218  4  2053.31  2.18657
218  5  2053.29  2.15687
218  6  2053.37  2.1328
218  7  2053.32  2.17151
218  8  2053.26  2.18469
218  9  2053.33  2.17289
218  10  2053.29  2.17042
218  11  2053.26  2.16686
219  0  2055.85  2.21547
219  1  2055.84  2.21494
219  2  2055.8  2.22585
219  3  2055.9  2.24747
219  4  2055.86  2.2624
219  5  2055.83  2.24731
219  6  2055.85  2.24013
219  7  2055.88  2.2589
219  8  2055.85  2.25087
219  9  2055.89  2.22063
219  10  2055.88  2.20781
219  11  2055.85  2.20661
220  0  2047.84  2.21833
220  1  2047.87  2.23947
220  2  2047.83  2.2277
220  3  2047.88  2.21805
220  4  2047.87  2.2279
220  5  2047.8  2.22954
220  6  2047.82  2.22395
220  7  2047.84  2.23858
220  8  2047.81  2.22335
220  9  2047.85  2.22443
220  10  2047.86  2.23648
220  11  2047.84  2.22206
221  0  2050.2  2.24169
221  1  2050.19  2.24193
221  2  2050.15  2.22269
221  3  2050.18  2.20449
221  4  2050.2  2.2076
221  5  2050.17  2.22392
221  6  2050.21  2.25381
221  7  2050.22  2.22186
221  8  2050.16  2.19936
221  9  2050.21  2.21606
221  10  2050.22  2.22255
221  11  2050.18  2.23234
222  0  2051.2  2.15803
222  1  2051.13  2.16509
222  2  2051.08  2.15227
222  3  2051.2  2.14593
222  4  2051.14  2.16788
222  5  2051.08  2.1783
222  6  2051.19  2.17342
222  7  2051.17  2.1714
222  8  2051.12  2.15832
222  9  2051.22  2.15003
222  10  2051.17  2.17459
222  11  2051.12  2.19167
223  0  2048.69  2.18836
223  1  2048.69  2.19471
223  2  2048.6  2.20658
223  3  2048.7  2.19155
223  4  2048.67  2.1888
223  5  2048.58  2.19871
223  6  2048.68  2.20016
223  7  2048.68  2.19238
223  8  2048.61  2.18588
223  9  2048.71  2.18871
223  10  2048.73  2.20609
223  11  2048.64  2.20612
224  0  2046.91  2.2043
224  1  2046.82  2.21432
224  2  2046.78  2.20754
224  3  2046.92  2.22036
224  4  2046.84  2.20627
224  5  2046.81  2.1959
224  6  2046.91  2.18825
224  7  2046.85  2.18699
224  8  2046.8  2.19657
224  9  2046.88  2.22006
224  10  2046.82  2.22872
224  11  2046.79  2.22182
225  0  2060.21  2.1117
225  1  2060.19  2.13943
225  2  2060.13  2.13017
225  3  2060.19  2.14773
225  4  2060.15  2.14441
225  5  2060.13  2.11385
225  6  2060.23  2.11488
225  7  2060.2  2.12323
225  8  2060.16  2.13966
225  9  2060.23  2.12595
225  10  2060.18  2.10203
225  11  2060.16  2.10578
226  0  2051.52  2.10484
226  1  2051.49  2.12009
226  2  2051.49  2.13572
226  3  2051.52  2.14354
226  4  2051.48  2.16178
226  5  2051.46  2.15919
226  6  2051.5  2.14999
226  7  2051.5  2.14756
226  8  2051.51  2.11598
226  9  2051.54  2.10686
226  10  2051.51  2.12605
226  11  2051.5  2.15398
227  0  2052.54  2.19815
227  1  2052.5  2.22379
227  2  2052.53  2.24694
227  3  2052.55  2.23293
227  4  2052.48  2.21216
227  5  2052.51  2.20534
227  6  2052.49  2.21554
227  7  2052.44  2.2446
227  8  2052.5  2.23438
227  9  2052.54  2.21335
227  10  2052.48  2.22345
227  11  2052.56  2.23578
228  0  2047.22  2.12465
228  1  2047.22  2.14343
228  2  2047.12  2.1134
228  3  2047.24  2.0953
228  4  2047.24  2.10884
228  5  2047.11  2.13978
228  6  2047.21  2.13466
228  7  2047.21  2.13308
228  8  2047.1  2.14125
228  9  2047.23  2.14803
228  10  2047.25  2.1436
228  11  2047.14  2.1166
229  0  2048.49  2.14872
229  1  2048.49  2.1386
229  2  2048.44  2.18092
229  3  2048.51  2.19375
229  4  2048.51  2.18475
229  5  2048.42  2.18284
229  6  2048.5  2.1687
229  7  2048.49  2.16756
229  8  2048.41  2.16886
229  9  2048.47  2.1815
229  10  2048.48  2.19508
229  11  2048.42  2.19434
230  0  2048.46  2.13333
230  1  2048.48  2.11547
230  2  2048.43  2.1287
230  3  2048.49  2.13228
230  4  2048.48  2.13085
230  5  2048.4  2.13025
230  6  2048.47  2.13343
230  7  2048.46  2.15298
230  8  2048.41  2.14184
230  9  2048.44  2.12919
230  10  2048.43  2.11833
230  11  2048.38  2.11709
231  0  2044.48  2.13761
231  1  2044.45  2.14696
231  2  2044.36  2.14691
231  3  2044.46  2.13169
231  4  2044.45  2.13268
231  5  2044.39  2.14639
231  6  2044.48  2.16835
231  7  2044.45  2.16978
231  8  2044.4  2.16315
231  9  2044.47  2.14386
231  10  2044.47  2.14605
231  11  2044.39  2.12518
232  0  2051.1  2.24539
232  1  2051.06  2.22657
232  2  2050.97  2.23735
232  3  2051.09  2.26248
232  4  2051.05  2.24777
232  5  2050.98  2.22756
232  6  2051.1  2.23679
232  7  2051.07  2.25243
232  8  2050.96  2.25068
232  9  2051.08  2.26365
232  10  2051.04  2.26278
232  11  2050.96  2.24865
233  0  2048.74  0.446199
233  1  2048.74  0.440822
233  2  2048.74  0.44369
233  3  2048.75  0.4375
233  4  2048.74  0.442968
233  5  2048.74  0.441455
233  6  2048.73  0.444495
233  7  2048.74  0.444363
233  8  2048.74  0.441369
233  9  2048.75  0.43504
233  10  2048.75  0.437271
233  11  2048.75  0.436076
234  0  2049.98  0.298316
234  1  2049.98  0.289032
234  2  2049.98  0.280414
234  3  2049.98  0.276564
234  4  2049.98  0.277631
234  5  2049.98  0.282492
234  6  2049.98  0.285357
234  7  2049.98  0.288416
234  8  2049.97  0.286311
234  9  2049.97  0.279841
234  10  2049.97  0.275803
234  11  2049.97  0.28655
235  0  2054.45  0.498139
235  1  2054.46  0.499076
235  2  2054.43  0.495343
235  3  2054.43  0.496397
235  4  2054.45  0.498522
235  5  2054.44  0.49714
235  6  2054.45  0.49789
235  7  2054.45  0.497637
235  8  2054.43  0.495792
235  9  2054.43  0.495343
235  10  2054.45  0.49792
235  11  2054.44  0.496361
236  0  2047.01  0.254016
236  1  2047.01  0.248374
236  2  2047  0.257272
236  3  2047.01  0.247006
236  4  2047.01  0.241301
236  5  2047.01  0.249709
236  6  2047.01  0.24214
236  7  2047.02  0.244342
236  8  2047.01  0.252485
236  9  2047.01  0.257226
236  10  2047.01  0.249484
236  11  2047.01  0.254419
237  0  2046.37  0.485448
237  1  2046.36  0.482018
237  2  2046.36  0.48063
237  3  2046.37  0.482134
237  4  2046.36  0.481564
237  5  2046.36  0.481282
237  6  2046.37  0.484545
237  7  2046.36  0.479213
237  8  2046.36  0.480225
237  9  2046.38  0.484571
237  10  2046.36  0.480281
237  11  2046.36  0.481254
238  0  2045.25  0.436237
238  1  2045.24  0.432399
238  2  2045.23  0.428205
238  3  2045.24  0.43167
238  4  2045.25  0.433646
238  5  2045.23  0.426963
238  6  2045.24  0.434292
238  7  2045.25  0.43825
238  8  2045.23  0.426264
238  9  2045.24  0.430167
238  10  2045.25  0.434911
238  11  2045.22  0.420166
239  0  2050.98  0.310419
239  1  2050.98  0.314108
239  2  2050.98  0.319963
239  3  2050.99  0.304385
239  4  2050.98  0.306528
239  5  2050.98  0.31118
239  6  2050.98  0.304771
239  7  2050.97  0.307171
239  8  2050.98  0.300783
239  9  2050.99  0.30102
239  10  2050.97  0.309197
239  11  2050.98  0.303343
240  0  0  0
240  1  0  0
240  2  0  0
240  3  0  0
240  4  0  0
240  5  0  0
240  6  0  0
240  7  0  0
240  8  0  0
240  9  0  0
240  10  0  0
240  11  0  0
241  0  2049.08  0.333403
241  1  2049.08  0.336481
241  2  2049.1  0.344334
241  3  2049.08  0.32863
241  4  2049.09  0.341668
241  5  2049.1  0.346019
241  6  2049.08  0.337548
241  7  2049.08  0.336802
241  8  2049.09  0.339843
241  9  2049.08  0.336953
241  10  2049.08  0.332372
241  11  2049.1  0.350787
242  0  2057.9  0.350157
242  1  2057.91  0.346598
242  2  2057.91  0.329219
242  3  2057.9  0.347108
242  4  2057.9  0.345896
242  5  2057.91  0.338375
242  6  2057.9  0.34329
242  7  2057.9  0.348234
242  8  2057.91  0.344425
242  9  2057.9  0.349119
242  10  2057.9  0.344386
242  11  2057.91  0.343327
243  0  2049.89  0.335466
243  1  2049.89  0.336217
243  2  2049.9  0.323462
243  3  2049.89  0.333515
243  4  2049.89  0.335064
243  5  2049.91  0.318174
243  6  2049.89  0.333203
243  7  2049.89  0.33269
243  8  2049.9  0.32107
243  9  2049.89  0.338343
243  10  2049.89  0.33907
243  11  2049.9  0.322926
244  0  2044.8  0.409856
244  1  2044.78  0.419986
244  2  2044.77  0.425005
244  3  2044.8  0.410732
244  4  2044.78  0.422499
244  5  2044.78  0.421221
244  6  2044.79  0.417722
244  7  2044.77  0.428288
244  8  2044.77  0.425858
244  9  2044.8  0.410713
244  10  2044.77  0.423417
244  11  2044.76  0.429114
245  0  2048.75  0.434641
245  1  2048.74  0.442
245  2  2048.73  0.443723
245  3  2048.74  0.442036
245  4  2048.72  0.447925
245  5  2048.73  0.445167
245  6  2048.74  0.441476
245  7  2048.74  0.441119
245  8  2048.73  0.443474
245  9  2048.74  0.44036
245  10  2048.73  0.446075
245  11  2048.73  0.4443
246  0  2041.92  0.331133
246  1  2041.91  0.343687
246  2  2041.9  0.352419
246  3  2041.92  0.337512
246  4  2041.9  0.34111
246  5  2041.9  0.347913
246  6  2041.92  0.339368
246  7  2041.91  0.343249
246  8  2041.9  0.35254
246  9  2041.91  0.340183
246  10  2041.91  0.341558
246  11  2041.9  0.347924
247  0  2042.82  0.393471
247  1  2042.83  0.383185
247  2  2042.83  0.382311
247  3  2042.82  0.389691
247  4  2042.82  0.386897
247  5  2042.82  0.38547
247  6  2042.82  0.389319
247  7  2042.83  0.385663
247  8  2042.82  0.388035
247  9  2042.82  0.388623
247  10  2042.82  0.386247
247  11  2042.82  0.389502
248  0  2046.96  0.255864
248  1  2046.98  0.252518
248  2  2046.97  0.259248
248  3  2046.96  0.263123
248  4  2046.97  0.240319
248  5  2046.96  0.266647
248  6  2046.96  0.260033
248  7  2046.98  0.25609
248  8  2046.96  0.265282
248  9  2046.96  0.264775
248  10  2046.98  0.246909
248  11  2046.96  0.260657
249  0  2052.52  0.499745
249  1  2052.49  0.49986
249  2  2052.5  0.500592
249  3  2052.52  0.499909
249  4  2052.49  0.499988
249  5  2052.51  0.500736
249  6  2052.51  0.499895
249  7  2052.48  0.500155
249  8  2052.49  0.500569
249  9  2052.52  0.500316
249  10  2052.49  0.500138
249  11  2052.51  0.500173
250  0  2051.96  0.288614
250  1  2051.97  0.282261
250  2  2051.96  0.280095
250  3  2051.97  0.283198
250  4  2051.97  0.278706
250  5  2051.96  0.286025
250  6  2051.97  0.285515
250  7  2051.97  0.280256
250  8  2051.97  0.290125
250  9  2051.97  0.285124
250  10  2051.97  0.288427
250  11  2051.97  0.279902
251  0  2054.3  0.460751
251  1  2054.28  0.451478
251  2  2054.32  0.465022
251  3  2054.31  0.464385
251  4  2054.28  0.45324
251  5  2054.31  0.466268
251  6  2054.3  0.458046
251  7  2054.27  0.448634
251  8  2054.31  0.465099
251  9  2054.31  0.464898
251  10  2054.28  0.447601
251  11  2054.32  0.467969
252  0  2046  0.262682
252  1  2046.01  0.263336
252  2  2046  0.259435
252  3  2045.99  0.259739
252  4  2046.01  0.267535
252  5  2046  0.263072
252  6  2046  0.267741
252  7  2046.01  0.266695
252  8  2046  0.263826
252  9  2046  0.262648
252  10  2046.01  0.275369
252  11  2046  0.261349
253  0  2047.88  2.23637
253  1  2047.97  2.24791
253  2  2047.7  2.2624
253  3  2047.87  2.27069
253  4  2047.94  2.2718
253  5  2047.67  2.25895
253  6  2047.86  2.24721
253  7  2047.91  2.24249
253  8  2047.67  2.27335
253  9  2047.86  2.25323
253  10  2047.92  2.24463
253  11  2047.66  2.24684
254  0  2046.7  3.02375
254  1  2046.72  3.03768
254  2  2046.44  3.02708
254  3  2046.65  3.01246
254  4  2046.7  2.9993
254  5  2046.44  3.01861
254  6  2046.69  2.99217
254  7  2046.69  3.01885
254  8  2046.45  3.04223
254  9  2046.68  3.05691
254  10  2046.71  3.07732
254  11  2046.47  3.07005
255  0  2048.37  2.33262
255  1  2048.39  2.32789
255  2  2048.11  2.30472
255  3  2048.39  2.33985
255  4  2048.4  2.33404
255  5  2048.11  2.35265
255  6  2048.38  2.33887
255  7  2048.38  2.32966
255  8  2048.08  2.31581
255  9  2048.36  2.32595
255  10  2048.37  2.36292
255  11  2048.08  2.34791
256  0  2054.01  0.247378
256  1  2054.02  0.255343
256  2  2054.01  0.239121
256  3  2054.01  0.24766
256  4  2054.02  0.255996
256  5  2054.01  0.251679
256  6  2054.01  0.252385
256  7  2054.03  0.256974
256  8  2054.01  0.243823
256  9  2054.01  0.255493
256  10  2054.02  0.250679
256  11  2054.01  0.246889
257  0  2054.21  0.41687
257  1  2054.2  0.410863
257  2  2054.22  0.42694
257  3  2054.22  0.420659
257  4  2054.2  0.408766
257  5  2054.22  0.422328
257  6  2054.21  0.418143
257  7  2054.2  0.409179
257  8  2054.23  0.424767
257  9  2054.22  0.421999
257  10  2054.21  0.414871
257  11  2054.22  0.426002
258  0  2045.71  0.456233
258  1  2045.72  0.452279
258  2  2045.71  0.455053
258  3  2045.71  0.45679
258  4  2045.72  0.45461
258  5  2045.72  0.450747
258  6  2045.7  0.459312
258  7  2045.71  0.453402
258  8  2045.72  0.454754
258  9  2045.71  0.456944
258  10  2045.71  0.456178
258  11  2045.73  0.447614
259  0  2053.17  2.28176
259  1  2053.14  2.25806
259  2  2053.15  2.24305
259  3  2053.23  2.25188
259  4  2053.15  2.26762
259  5  2053.13  2.26404
259  6  2053.2  2.2334
259  7  2053.17  2.21939
259  8  2053.18  2.24404
259  9  2053.22  2.26188
259  10  2053.17  2.25445
259  11  2053.16  2.24977
260  0  2052.16  2.19974
260  1  2052.15  2.18563
260  2  2052.08  2.17178
260  3  2052.13  2.18046
260  4  2052.15  2.20459
260  5  2052.11  2.22157
260  6  2052.19  2.2238
260  7  2052.17  2.19817
260  8  2052.1  2.16997
260  9  2052.17  2.18959
260  10  2052.18  2.19725
260  11  2052.1  2.18494
261  0  2056.05  2.21255
261  1  2056.08  2.22835
261  2  2056  2.22883
261  3  2056.02  2.22463
261  4  2056.04  2.23324
261  5  2055.99  2.23925
261  6  2056.05  2.22251
261  7  2056.06  2.22302
261  8  2055.99  2.22693
261  9  2056.06  2.23795
261  10  2056.05  2.24431
261  11  2055.97  2.2251
262  0  2045.96  3.00825
262  1  2045.83  2.97754
262  2  2045.53  2.96698
262  3  2045.94  2.99888
262  4  2045.85  3.01771
262  5  2045.55  3.02603
262  6  2045.98  3.00366
262  7  2045.87  2.97424
262  8  2045.56  2.98435
262  9  2045.94  3.01243
262  10  2045.85  3.01133
262  11  2045.53  3.00192
263  0  2050  2.24179
263  1  2049.99  2.26401
263  2  2049.75  2.26883
263  3  2049.97  2.25776
263  4  2049.96  2.25874
263  5  2049.74  2.25276
263  6  2049.98  2.27288
263  7  2049.99  2.29128
263  8  2049.76  2.26344
263  9  2050.01  2.24443
263  10  2049.96  2.24892
263  11  2049.73  2.27855
264  0  2053.56  0.497895
264  1  2053.58  0.493931
264  2  2053.57  0.495814
264  3  2053.57  0.49655
264  4  2053.58  0.494944
264  5  2053.56  0.497565
264  6  2053.56  0.49677
264  7  2053.58  0.494892
264  8  2053.57  0.496292
264  9  2053.57  0.495688
264  10  2053.58  0.495394
264  11  2053.58  0.495161
265  0  2047.61  0.488602
265  1  2047.6  0.490925
265  2  2047.61  0.488908
265  3  2047.6  0.491041
265  4  2047.6  0.490721
265  5  2047.61  0.489079
265  6  2047.61  0.487819
265  7  2047.59  0.492134
265  8  2047.6  0.490577
265  9  2047.6  0.490857
265  10  2047.59  0.492014
265  11  2047.61  0.489349
266  0  2054.27  2.30594
266  1  2054.21  2.29863
266  2  2054.21  2.30089
266  3  2054.24  2.30992
266  4  2054.2  2.30366
266  5  2054.2  2.29278
266  6  2054.23  2.28284
266  7  2054.17  2.28496
266  8  2054.17  2.29561
266  9  2054.21  2.28826
266  10  2054.18  2.28637
266  11  2054.18  2.29674
267  0  2052.65  2.21044
267  1  2052.62  2.21159
267  2  2052.64  2.22121
267  3  2052.67  2.2123
267  4  2052.61  2.19705
267  5  2052.63  2.22011
267  6  2052.67  2.23639
267  7  2052.67  2.20424
267  8  2052.7  2.1938
267  9  2052.75  2.21411
267  10  2052.7  2.22904
267  11  2052.71  2.19971
268  0  2054.61  2.18071
268  1  2054.61  2.20862
268  2  2054.57  2.21544
268  3  2054.62  2.1919
268  4  2054.62  2.18051
268  5  2054.57  2.20127
268  6  2054.61  2.21098
268  7  2054.63  2.21195
268  8  2054.56  2.1917
268  9  2054.61  2.16828
268  10  2054.62  2.18284
268  11  2054.57  2.19554
269  0  2046.73  2.2148
269  1  2046.71  2.19998
269  2  2046.69  2.18823
269  3  2046.75  2.19643
269  4  2046.7  2.22821
269  5  2046.66  2.24258
269  6  2046.72  2.24112
269  7  2046.68  2.22666
269  8  2046.65  2.2169
269  9  2046.72  2.22454
269  10  2046.69  2.21827
269  11  2046.69  2.22372
270  0  2050.31  2.21199
270  1  2050.38  2.20599
270  2  2050.08  2.20155
270  3  2050.32  2.20848
270  4  2050.38  2.20468
270  5  2050.09  2.19837
270  6  2050.32  2.19498
270  7  2050.38  2.19941
270  8  2050.11  2.19252
270  9  2050.34  2.17503
270  10  2050.39  2.16497
270  11  2050.11  2.16643
271  0  2054.68  2.25604
271  1  2054.52  2.24885
271  2  2054.44  2.23558
271  3  2054.68  2.23042
271  4  2054.51  2.25292
271  5  2054.41  2.2445
271  6  2054.67  2.24021
271  7  2054.52  2.23862
271  8  2054.46  2.23914
271  9  2054.71  2.24091
271  10  2054.55  2.24712
271  11  2054.49  2.2441
272  0  2050.22  0.41682
272  1  2050.26  0.438371
272  2  2050.25  0.435904
272  3  2050.24  0.427564
272  4  2050.25  0.435042
272  5  2050.24  0.430989
272  6  2050.23  0.422301
272  7  2050.25  0.436649
272  8  2050.25  0.436628
272  9  2050.24  0.430585
272  10  2050.25  0.433188
272  11  2050.25  0.435098
273  0  2059.13  2.26218
273  1  2059.15  2.25998
273  2  2059.06  2.25275
273  3  2059.09  2.24754
273  4  2059.1  2.24832
273  5  2059.02  2.24166
273  6  2059.1  2.23665
273  7  2059.12  2.25396
273  8  2059.04  2.25862
273  9  2059.13  2.25822
273  10  2059.18  2.26764
273  11  2059.12  2.26648
274  0  2051.22  2.25009
274  1  2051.25  2.27707
274  2  2051.16  2.28792
274  3  2051.23  2.28257
274  4  2051.3  2.28044
274  5  2051.23  2.26912
274  6  2051.3  2.26434
274  7  2051.32  2.27225
274  8  2051.21  2.25334
274  9  2051.25  2.24877
274  10  2051.28  2.26721
274  11  2051.2  2.28198
275  0  2052.55  2.2125
275  1  2052.56  2.21803
275  2  2052.49  2.21189
275  3  2052.57  2.21514
275  4  2052.56  2.22074
275  5  2052.47  2.20809
275  6  2052.56  2.19374
275  7  2052.59  2.19781
275  8  2052.5  2.20999
275  9  2052.58  2.21662
275  10  2052.58  2.22326
275  11  2052.49  2.22008
276  0  2049.98  2.20023
276  1  2050  2.17156
276  2  2049.91  2.17787
276  3  2049.98  2.17087
276  4  2049.97  2.17314
276  5  2049.88  2.17708
276  6  2049.96  2.16845
276  7  2049.96  2.20072
276  8  2049.87  2.19757
276  9  2049.95  2.18529
276  10  2049.94  2.17891
276  11  2049.86  2.17253
277  0  2056.03  2.12961
277  1  2055.99  2.13279
277  2  2055.96  2.15203
277  3  2056.01  2.13477
277  4  2055.98  2.13518
277  5  2055.99  2.13291
277  6  2056.03  2.12215
277  7  2056.02  2.11583
277  8  2055.99  2.1172
277  9  2056.01  2.11227
277  10  2055.96  2.11803
277  11  2055.94  2.12163
278  0  2046.17  2.17222
278  1  2046.19  2.17952
278  2  2046.16  2.18525
278  3  2046.22  2.18276
278  4  2046.2  2.19387
278  5  2046.16  2.16655
278  6  2046.21  2.17845
278  7  2046.2  2.1861
278  8  2046.13  2.19303
278  9  2046.16  2.20699
278  10  2046.12  2.1993
278  11  2046.09  2.18281
279  0  2045.27  2.29682
279  1  2045.19  2.31173
279  2  2044.92  2.31054
279  3  2045.25  2.32591
279  4  2045.21  2.28651
279  5  2044.94  2.27683
279  6  2045.28  2.27784
279  7  2045.2  2.30042
279  8  2044.93  2.2875
279  9  2045.24  2.27682
279  10  2045.19  2.29048
279  11  2044.93  2.27527
280  0  2049.97  2.28007
280  1  2050  2.29443
280  2  2049.87  2.29446
280  3  2049.95  2.30967
280  4  2050  2.30022
280  5  2049.9  2.27297
280  6  2050  2.27671
280  7  2050.01  2.28561
280  8  2049.89  2.29638
280  9  2049.96  2.29535
280  10  2049.97  2.27156
280  11  2049.85  2.27462
281  0  2045.05  2.3062
281  1  2045.1  2.27696
281  2  2045.05  2.27275
281  3  2045.1  2.28974
281  4  2045.09  2.29364
281  5  2045.02  2.29222
281  6  2045.06  2.28986
281  7  2045.07  2.28659
281  8  2044.99  2.26431
281  9  2045.05  2.25817
281  10  2045.05  2.28372
281  11  2044.97  2.3044
282  0  2048.91  2.18679
282  1  2048.93  2.18565
282  2  2048.87  2.16771
282  3  2048.94  2.1739
282  4  2048.94  2.18539
282  5  2048.89  2.21429
282  6  2048.93  2.20394
282  7  2048.91  2.19289
282  8  2048.85  2.19052
282  9  2048.93  2.20489
282  10  2048.97  2.20775
282  11  2048.9  2.18554
283  0  2047.4  2.19517
283  1  2047.44  2.17947
283  2  2047.36  2.18353
283  3  2047.44  2.16255
283  4  2047.47  2.15217
283  5  2047.36  2.12808
283  6  2047.42  2.13618
283  7  2047.44  2.15427
283  8  2047.35  2.14876
283  9  2047.44  2.14944
283  10  2047.44  2.16574
283  11  2047.35  2.17036
284  0  2048.01  2.15178
284  1  2048.01  2.15463
284  2  2047.93  2.15848
284  3  2048.02  2.1639
284  4  2048.05  2.16593
284  5  2047.95  2.15936
284  6  2048.01  2.16927
284  7  2048.02  2.16543
284  8  2047.95  2.1583
284  9  2048.03  2.16655
284  10  2048.02  2.16181
284  11  2047.94  2.17045
285  0  2048.96  2.24539
285  1  2048.93  2.23039
285  2  2048.85  2.21698
285  3  2048.95  2.23071
285  4  2048.96  2.25594
285  5  2048.86  2.22813
285  6  2048.93  2.22955
285  7  2048.91  2.21713
285  8  2048.84  2.20512
285  9  2048.91  2.21545
285  10  2048.9  2.23567
285  11  2048.84  2.25124
286  0  2045.48  2.1972
286  1  2045.53  2.19636
286  2  2045.4  2.19368
286  3  2045.46  2.19676
286  4  2045.54  2.18188
286  5  2045.43  2.18339
286  6  2045.44  2.20902
286  7  2045.53  2.21499
286  8  2045.41  2.19854
286  9  2045.45  2.19131
286  10  2045.53  2.19011
286  11  2045.45  2.20519
287  0  2049.55  2.97528
287  1  2049.43  2.96164
287  2  2048.71  2.92693
287  3  2049.53  2.9115
287  4  2049.46  2.91188
287  5  2048.68  2.91719
287  6  2049.51  2.9368
287  7  2049.36  2.94639
287  8  2048.63  2.96308
287  9  2049.44  2.96194
287  10  2049.37  2.94208
287  11  2048.62  2.9671
