3.12 0.457 0.062 
3.37 0.491 0.062 
3.62 0.531 0.060 
3.87 0.466 0.020 
4.12 0.447 0.016 
4.37 0.471 0.017 
4.62 0.493 0.020 
4.87 0.522 0.022 
5.12 0.482 0.024 
5.38 0.486 0.029 
5.63 0.546 0.038 
5.88 0.474 0.044 
6.13 0.661 0.059 
6.38 0.508 0.071 
6.63 0.562 0.082 
6.88 0.453 0.099 
7.50 0.420 0.079


pT		ratio		dratio

pi-Be @ 515 GeV/c
-0.75 < y < 0.75
data from: http://home.fnal.gov/~apana/etapi0/tables/etapi_515_be_v20a_indx16.html
The systematic uncertainty on the ratios is conservatively estimated at ~7%.

3.00 3.25 0.457 0.062 
3.25 3.50 0.491 0.062 
3.50 3.75 0.531 0.060 
3.75 4.00 0.466 0.020 
4.00 4.25 0.447 0.016 
4.25 4.50 0.471 0.017 
4.50 4.75 0.493 0.020 
4.75 5.00 0.522 0.022 
5.00 5.25 0.482 0.024 
5.25 5.50 0.486 0.029 
5.50 5.75 0.546 0.038 
5.75 6.00 0.474 0.044 
6.00 6.25 0.661 0.059 
6.25 6.50 0.508 0.071 
6.50 6.75 0.562 0.082 
6.75 7.00 0.453 0.099 
7.00 8.00 0.420 0.079
