3.12 0.413 0.082 
3.37 0.421 0.075 
3.62 0.247 0.097 
3.87 0.437 0.046 
4.12 0.405 0.032 
4.37 0.363 0.030 
4.62 0.402 0.036 
4.87 0.436 0.036 
5.12 0.492 0.040 
5.38 0.400 0.042 
5.63 0.500 0.056 
5.88 0.468 0.066 
6.13 0.528 0.080 
6.38 0.304 0.096 
6.63 0.57 0.12 
6.88 0.48 0.16 
7.50 0.61 0.13


pT		ratio		dratio

pBe @ 530 GeV/c
-0.75 < y < 0.75
data from http://home.fnal.gov/~apana/etapi0/tables/etapi_800_be_v20a_indx16.html
The systematic uncertainty on the ratios is conservatively estimated at ~7%.

3.00 3.25 0.413 0.082 
3.25 3.50 0.421 0.075 
3.50 3.75 0.247 0.097 
3.75 4.00 0.437 0.046 
4.00 4.25 0.405 0.032 
4.25 4.50 0.363 0.030 
4.50 4.75 0.402 0.036 
4.75 5.00 0.436 0.036 
5.00 5.25 0.492 0.040 
5.25 5.50 0.400 0.042 
5.50 5.75 0.500 0.056 
5.75 6.00 0.468 0.066 
6.00 6.25 0.528 0.080 
6.25 6.50 0.304 0.096 
6.50 6.75 0.57 0.12 
6.75 7.00 0.48 0.16 
7.00 8.00 0.61 0.13

data for pBe at 530GeV
read off from paper

3.12235817575  0.415422885572  0.067164179104 
3.37263626251  0.480099502488  0.069651741294  
3.62291434928  0.542288557214  0.084577114428 
3.8787541713  0.437810945274  0.024875621891 
4.1234705228  0.430348258706  0.022388059701 
4.37374860957  0.455223880597  0.022388059701 
4.62402669633  0.445273631841  0.024875621891 
4.87986651835  0.504975124378  0.022388059701  
5.12458286986  0.482587064677  0.037313432836 
5.38042269188  0.490049751244  0.037313432836 
5.63070077864  0.519900497512  0.067164179104 
5.88097886541  0.390547263682  0.044776119403 
6.13681868743  0.42039800995  0.07960199005 
6.38153503893  0.430348258706  0.084577114427 
6.6318131257   0.559701492537  0.124378109452 
6.88209121246  0.47263681592  0.116915422885 
7.5050	       0.2289	      0.1269



