3.30 0.34 0.14 
3.70 0.62 0.15 
4.20 0.418 0.049 
4.70 0.442 0.050 
5.20 0.392 0.061 
5.70 0.410 0.087 
6.40 0.22 0.12 
7.40 0.41 0.32


eta/pi0 ratio
pp @ 530 GeV/c
-0.75 < y < 0.75

data from http://home.fnal.gov/~apana/etapi0/tables/etapi_530_p_v20a_indx14.html :
The systematic uncertainty on the ratios is conservatively estimated at ~7%.

3.00 3.50 0.34 0.14 
3.50 4.00 0.62 0.15 
4.00 4.50 0.418 0.049 
4.50 5.00 0.442 0.050 
5.00 5.50 0.392 0.061 
5.50 6.00 0.410 0.087 
6.00 7.00 0.22 0.12 
7.00 8.00 0.41 0.32


computed from paper:
3.25   0.430476   0.182964 
3.75   0.601742   0.157657 
4.25   0.525851   0.0624594 
4.75   0.409511   0.0472494 
5.25   0.468655   0.0761865 
5.75   0.395659   0.0875542 
6.5   0.212963   0.128764 
7.5   0.39806	 0.34013 


p+p at 530GeV fnal706
