3.20 0.44 0.15 
3.70 0.46 0.15 
4.20 0.336 0.055 
4.70 0.423 0.057 
5.20 0.476 0.080 
5.70 0.74 0.11 
6.40 0.55 0.13 
7.40 0.76 0.33


Eta to pi0 ratio
pp @ 800 GeV/c
-0.50 < y < 1.00
Data from: http://home.fnal.gov/~apana/etapi0/tables/etapi_800_p_v20a_indx14.html
The systematic uncertainty on the ratios is conservatively estimated at ~7%.

3.00 3.50 0.44 0.15 
3.50 4.00 0.46 0.15 
4.00 4.50 0.336 0.055 
4.50 5.00 0.423 0.057 
5.00 5.50 0.476 0.080 
5.50 6.00 0.74 0.11 
6.00 7.00 0.55 0.13 
7.00 8.00 0.76 0.33

computed from paper:

3.25   0.495   0.19
3.75   0.49    0.16
4.25   0.37    0.07
4.75   0.44    0.07 
5.25   0.49    0.09
5.75   0.72    0.15 
6.50   0.65    0.16
7.50   1.00    0.55 
9.00   3.75    3.75




ratio direct (diff. binning !):

    3.25 (3.25,3.30)   0.25    0.556    0.188
    3.75 (3.75,3.90)   0.25    0.776    0.261
    4.25 (4.25,4.30)   0.25    0.423    0.069
    4.75 (4.75,4.90)   0.25    0.641    0.089
    5.25 (5.25,5.30)   0.25    0.550    0.095
    5.75 (5.75,5.90)   0.25    1.098    0.185
    6.50 (6.50,6.62)   0.50    0.746    0.188
    7.50 (7.50,7.75)   0.50    1.313    0.595
    9.00 (9.00,9.50)   1.00    12.651    17.153

