3.12 0.413 0.082 
3.37 0.421 0.075 
3.62 0.247 0.097 
3.88 0.437 0.046 
4.12 0.405 0.032 
4.37 0.363 0.030 
4.62 0.402 0.036 
4.87 0.436 0.036 
5.12 0.492 0.040 
5.38 0.400 0.042 
5.62 0.500 0.056 
5.87 0.468 0.066 
6.13 0.528 0.080 
6.37 0.304 0.096 
6.63 0.57 0.12 
6.88 0.48 0.16 
7.50 0.61 0.13


pBe @ 800 GeV/c
-0.50 < y < 1.00
data from http://home.fnal.gov/~apana/etapi0/tables/etapi_800_be_v20a_indx16.html :
The systematic uncertainty on the ratios is conservatively estimated at ~7%.

3.00 3.25 0.413 0.082 
3.25 3.50 0.421 0.075 
3.50 3.75 0.247 0.097 
3.75 4.00 0.437 0.046 
4.00 4.25 0.405 0.032 
4.25 4.50 0.363 0.030 
4.50 4.75 0.402 0.036 
4.75 5.00 0.436 0.036 
5.00 5.25 0.492 0.040 
5.25 5.50 0.400 0.042 
5.50 5.75 0.500 0.056 
5.75 6.00 0.468 0.066 
6.00 6.25 0.528 0.080 
6.25 6.50 0.304 0.096 
6.50 6.75 0.57 0.12 
6.75 7.00 0.48 0.16 
7.00 8.00 0.61 0.13

read off from paper

3.13053348468  0.420918367347  0.081632653061 
3.37457434733  0.426020408163  0.06887755102 
3.62429057889  0.244897959184  0.099489795919 
3.87968217934  0.441326530612  0.048469387755 
4.123723042  0.413265306122  0.030612244898 
4.37343927355  0.367346938776  0.02806122449 
4.62315550511  0.408163265306  0.035714285714 
4.87854710556  0.44387755102  0.033163265306 
5.12826333712  0.5  0.035714285714 
5.37797956867  0.408163265306  0.038265306122 
5.62769580023  0.507653061224  0.051020408163 
5.87741203178  0.477040816327  0.061224489796 
6.13280363224  0.535714285714  0.066326530612 
6.37684449489  0.301020408163  0.091836734694 
6.63223609535  0.579081632653  0.117346938775 
6.8819523269  0.487244897959  0.163265306122 
7.5062	      0.6224	      0.1378 



pBe at 800GeV at Fermilab
pT		ratio		dratio


