2.25   0.419749   0.0378923   0.0283115   0.0251849   0 
2.75   0.471779   0.0436036   0.0331663   0.0283068   0 
3.25   0.382767   0.0453436   0.0390974   0.022966   0 
3.75   0.471779   0.0336856   0.0182605   0.0283067   0 
4.25   0.478407   0.0332263   0.0167345   0.0287044   0 
4.75   0.48344    0.0351272   0.0198128   0.0290064   0 
5.25   0.464588   0.037252    0.0247119   0.0278753   0 
5.75   0.509861   0.0430253   0.0302544   0.0305916   0 
6.50   0.551667   0.0476667   0.0343002   0.0331   0 
7.50   0.478125   0.0698796   0.0637195   0.0286875   0 
8.50   0.498969   0.0919926   0.0869847   0.0299382   0 
9.50   0.676856   0.118085    0.110882    0.0406114   0 
11.0   0.60939    0.124162    0.118656    0.0365634   0 


% min bias
$p_T$ & eta/pi0  & tot.err & stat.err.+error A  & error B  & error C 

