2036.001 253 1  0 2 0 0 0 0 0 0 0 0 0 2 0 0 0 0 2 2 2 2 2 0 0 0 0 0 0 0 0 0 0 0 0 0 0 0 2 2 2 2 2 0 0 0 0 0 0 0 0 0 0 0 0 0 0 0 3 3 3 3 3
2036.001 254 2  0 2 0 0 0 0 0 0 0 0 0 2 0 0 0 0 2 2 2 2 2 0 0 0 0 0 0 0 0 0 0 0 0 0 0 0 2 2 2 2 2 0 0 0 0 0 0 0 0 0 0 0 0 0 0 0 3 3 3 3 3
2039.002 259 1  0 2 0 0 0 0 0 0 0 0 0 2 0 0 0 0 2 2 2 2 2 0 0 0 0 0 0 0 0 0 0 0 0 0 0 0 2 2 2 2 2 0 0 0 0 0 0 0 0 0 0 0 0 0 0 0 3 3 3 3 3
2039.002 260 2  0 2 0 0 0 0 0 0 0 0 0 2 0 0 0 0 2 2 2 2 2 0 0 0 0 0 0 0 0 0 0 0 0 0 0 0 2 2 2 2 2 0 0 0 0 0 0 0 0 0 0 0 0 0 0 0 3 3 3 3 3
2039.003 261 1  0 2 0 0 0 0 0 0 0 0 0 2 0 0 0 0 2 2 2 2 2 0 0 0 0 0 0 0 0 0 0 0 0 0 0 0 2 2 2 2 2 0 0 0 0 0 0 0 0 0 0 0 0 0 0 0 3 3 3 3 3
2039.003 262 2  0 2 0 0 0 0 0 0 0 0 0 2 0 0 0 0 2 2 2 2 2 0 0 0 0 0 0 0 0 0 0 0 0 0 0 0 2 2 2 2 2 0 0 0 0 0 0 0 0 0 0 0 0 0 0 0 3 3 3 3 3
2039.004 263 1  0 2 0 0 0 0 0 0 0 0 0 2 0 0 0 0 2 2 2 2 2 0 0 0 0 0 0 0 0 0 0 0 0 0 0 0 2 2 2 2 2 0 0 0 0 0 0 0 0 0 0 0 0 0 0 0 3 3 3 3 3
2039.004 264 2  0 2 0 0 0 0 0 0 0 0 0 2 0 0 0 0 2 2 2 2 2 0 0 0 0 0 0 0 0 0 0 0 0 0 0 0 2 2 2 2 2 0 0 0 0 0 0 0 0 0 0 0 0 0 0 0 3 3 3 3 3
2053.003 268 1  0 2 0 0 0 0 0 0 0 0 0 2 0 0 0 0 2 2 2 2 2 0 0 0 0 0 0 0 0 0 0 0 0 0 0 0 2 2 2 2 2 0 0 0 0 0 0 0 0 0 0 0 0 0 0 0 3 3 3 3 3
2053.102 269 2  0 2 0 0 0 0 0 0 0 0 0 2 0 0 0 0 2 2 2 2 2 0 0 0 0 0 0 0 0 0 0 0 0 0 0 0 2 2 2 2 2 0 0 0 0 0 0 0 0 0 0 0 0 0 0 0 3 3 3 3 3
2053.004 270 1  0 2 0 0 0 0 0 0 0 0 0 2 0 0 0 0 2 2 2 2 2 0 0 0 0 0 0 0 0 0 0 0 0 0 0 0 2 2 2 2 2 0 0 0 0 0 0 0 0 0 0 0 0 0 0 0 3 3 3 3 3
2053.103 271 2  0 2 0 0 0 0 0 0 0 0 0 2 0 0 0 0 2 2 2 2 2 0 0 0 0 0 0 0 0 0 0 0 0 0 0 0 2 2 2 2 2 0 0 0 0 0 0 0 0 0 0 0 0 0 0 0 3 3 3 3 3
2074.102 276 2  0 2 0 0 0 0 0 0 0 0 0 2 0 0 0 0 2 2 2 2 2 0 0 0 0 0 0 0 0 0 0 0 0 0 0 0 2 2 2 2 2 0 0 0 0 0 0 0 0 0 0 0 0 0 0 0 3 3 3 3 3
2074.002 277 1  0 2 0 0 0 0 0 0 0 0 0 2 0 0 0 0 2 2 2 2 2 0 0 0 0 0 0 0 0 0 0 0 0 0 0 0 2 2 2 2 2 0 0 0 0 0 0 0 0 0 0 0 0 0 0 0 3 3 3 3 3
2075.002 280 1  1 2 0 0 0 0 0 0 0 0 0 2 0 0 0 0 2 2 2 2 2 1 0 0 0 0 0 0 0 0 0 0 0 0 0 0 2 2 2 2 2 0 0 0 0 0 0 0 0 0 0 0 0 0 0 0 3 3 3 3 3
2075.102 281 2  0 2 0 0 0 0 0 0 0 0 0 2 0 0 0 0 2 2 2 2 2 0 0 0 0 0 0 0 0 0 0 0 0 0 0 0 2 2 2 2 2 0 0 0 0 0 0 0 0 0 0 0 0 0 0 0 3 3 3 3 3
2075.003 282 1  0 2 0 0 0 0 0 0 0 0 0 2 0 0 0 0 2 2 2 2 2 0 0 0 0 0 0 0 0 0 0 0 0 0 0 0 2 2 2 2 2 0 0 0 0 0 0 0 0 0 0 0 0 0 0 0 3 3 3 3 3
2075.103 283 2  0 2 0 0 0 0 0 0 0 0 0 2 0 0 0 0 2 2 2 2 2 0 0 0 0 0 0 0 0 0 0 0 0 0 0 0 2 2 2 2 2 0 0 0 0 0 0 0 0 0 0 0 0 0 0 0 3 3 3 3 3
2075.004 284 1  1 2 0 0 0 0 0 0 0 0 0 2 0 0 0 0 2 2 2 2 2 1 0 0 0 0 0 0 0 0 0 0 0 0 0 0 2 2 2 2 2 0 0 0 0 0 0 0 0 0 0 0 0 0 0 0 3 3 3 3 3
2075.104 285 2  0 2 0 0 0 0 0 0 0 0 0 2 0 0 0 0 2 2 2 2 2 0 0 0 0 0 0 0 0 0 0 0 0 0 0 0 2 2 2 2 2 0 0 0 0 0 0 0 0 0 0 0 0 0 0 0 3 3 3 3 3
2075.005 286 1  1 2 0 0 0 0 0 0 0 0 0 2 0 0 0 0 2 2 2 2 2 1 0 0 0 0 0 0 0 0 0 0 0 0 0 0 2 2 2 2 2 0 0 0 0 0 0 0 0 0 0 0 0 0 0 0 3 3 3 3 3
2075.105 287 2  0 2 0 0 0 0 0 0 0 0 0 2 0 0 0 0 2 2 2 2 2 0 0 0 0 0 0 0 0 0 0 0 0 0 0 0 2 2 2 2 2 0 0 0 0 0 0 0 0 0 0 0 0 0 0 0 3 3 3 3 3
2076.002 290 1  0 2 0 0 0 0 0 0 0 0 0 2 0 0 0 0 2 2 2 2 2 0 0 0 0 0 0 0 0 0 0 0 0 0 0 0 2 2 2 2 2 0 0 0 0 0 0 0 0 0 0 0 0 0 0 0 3 3 3 3 3
2076.102 291 2  0 2 0 0 0 0 0 0 0 0 0 2 0 0 0 0 2 2 2 2 2 0 0 0 0 0 0 0 0 0 0 0 0 0 0 0 2 2 2 2 2 0 0 0 0 0 0 0 0 0 0 0 0 0 0 0 3 3 3 3 3
2083.102 300 2  2 2 0 0 0 0 0 0 0 0 0 2 0 0 0 0 2 2 2 2 2 0 0 1 0 0 0 1 0 0 0 0 0 0 0 0 2 2 2 2 2 0 0 0 0 0 0 0 0 0 0 0 0 0 0 0 3 3 3 3 3
2083.002 301 1  0 2 0 0 0 0 0 0 0 0 0 2 0 0 0 0 2 2 2 2 2 0 0 0 0 0 0 0 0 0 0 0 0 0 0 0 2 2 2 2 2 0 0 0 0 0 0 0 0 0 0 0 0 0 0 0 3 3 3 3 3
2083.103 302 2  0 2 0 0 0 0 0 0 0 0 0 2 0 0 0 0 2 2 2 2 2 0 0 0 0 0 0 0 0 0 0 0 0 0 0 0 2 2 2 2 2 0 0 0 0 0 0 0 0 0 0 0 0 0 0 0 3 3 3 3 3
2083.003 303 1  0 2 0 0 0 0 0 0 0 0 0 2 0 0 0 0 2 2 2 2 2 0 0 0 0 0 0 0 0 0 0 0 0 0 0 0 2 2 2 2 2 0 0 0 0 0 0 0 0 0 0 0 0 0 0 0 3 3 3 3 3
2090.002 310 1  0 2 0 0 0 0 0 0 0 0 0 2 0 0 0 0 2 2 2 2 2 0 0 0 0 0 0 0 0 0 0 0 0 0 0 0 2 2 2 2 2 0 0 0 0 0 0 0 0 0 0 0 0 0 0 0 3 3 3 3 3
2090.102 311 2  0 2 0 0 0 0 0 0 0 0 0 2 0 0 0 0 2 2 2 2 2 0 0 0 0 0 0 0 0 0 0 0 0 0 0 0 2 2 2 2 2 0 0 0 0 0 0 0 0 0 0 0 0 0 0 0 3 3 3 3 3
2090.003 312 1  0 2 0 0 0 0 0 0 0 0 0 2 0 0 0 0 2 2 2 2 2 0 0 0 0 0 0 0 0 0 0 0 0 0 0 0 2 2 2 2 2 0 0 0 0 0 0 0 0 0 0 0 0 0 0 0 3 3 3 3 3
2090.103 313 2  0 2 0 0 0 0 0 0 0 0 0 2 0 0 0 0 2 2 2 2 2 0 0 0 0 0 0 0 0 0 0 0 0 0 0 0 2 2 2 2 2 0 0 0 0 0 0 0 0 0 0 0 0 0 0 0 3 3 3 3 3
2090.004 314 1  0 2 0 0 0 0 0 0 0 0 0 2 0 0 0 0 2 2 2 2 2 0 0 0 0 0 0 0 0 0 0 0 0 0 0 0 2 2 2 2 2 0 0 0 0 0 0 0 0 0 0 0 0 0 0 0 3 3 3 3 3
2090.104 315 2  0 2 0 0 0 0 0 0 0 0 0 2 0 0 0 0 2 2 2 2 2 0 0 0 0 0 0 0 0 0 0 0 0 0 0 0 2 2 2 2 2 0 0 0 0 0 0 0 0 0 0 0 0 0 0 0 3 3 3 3 3
2091.102 319 2  0 2 0 0 0 0 0 0 0 0 0 2 0 0 0 0 2 2 2 2 2 0 0 0 0 0 0 0 0 0 0 0 0 0 0 0 2 2 2 2 2 0 0 0 0 0 0 0 0 0 0 0 0 0 0 0 3 3 3 3 3
2092.102 322 2  0 2 0 0 0 0 0 0 0 0 0 2 0 0 0 0 2 2 2 2 2 0 0 0 0 0 0 0 0 0 0 0 0 0 0 0 2 2 2 2 2 0 0 0 0 0 0 0 0 0 0 0 0 0 0 0 3 3 3 3 3
2092.002 323 1  0 2 0 0 0 0 0 0 0 0 0 2 0 0 0 0 2 2 2 2 2 0 0 0 0 0 0 0 0 0 0 0 0 0 0 0 2 2 2 2 2 0 0 0 0 0 0 0 0 0 0 0 0 0 0 0 3 3 3 3 3
2092.003 324 1  0 2 0 0 0 0 0 0 0 0 0 2 0 0 0 0 2 2 2 2 2 0 0 0 0 0 0 0 0 0 0 0 0 0 0 0 2 2 2 2 2 0 0 0 0 0 0 0 0 0 0 0 0 0 0 0 3 3 3 3 3
2092.103 325 2  0 2 0 0 0 0 0 0 0 0 0 2 0 0 0 0 2 2 2 2 2 0 0 0 0 0 0 0 0 0 0 0 0 0 0 0 2 2 2 2 2 0 0 0 0 0 0 0 0 0 0 0 0 0 0 0 3 3 3 3 3
2093.108 328 2  0 2 0 0 0 0 0 0 0 0 0 2 0 0 0 0 2 2 2 2 2 0 0 0 0 0 0 0 0 0 0 0 0 0 0 0 2 2 2 2 2 0 0 0 0 0 0 0 0 0 0 0 0 0 0 0 3 3 3 3 3
2093.003 329 1  0 2 0 0 0 0 0 0 0 0 0 2 0 0 0 0 2 2 2 2 2 0 0 0 0 0 0 0 0 0 0 0 0 0 0 0 2 2 2 2 2 0 0 0 0 0 0 0 0 0 0 0 0 0 0 0 3 3 3 3 3
2095.102 332 2  0 2 0 0 0 0 0 0 0 0 0 2 0 0 0 0 2 2 2 2 2 0 0 0 0 0 0 0 0 0 0 0 0 0 0 0 2 2 2 2 2 0 0 0 0 0 0 0 0 0 0 0 0 0 0 0 3 3 3 3 3
2095.002 333 1  0 2 0 0 0 0 0 0 0 0 0 2 0 0 0 0 2 2 2 2 2 0 0 0 0 0 0 0 0 0 0 0 0 0 0 0 2 2 2 2 2 0 0 0 0 0 0 0 0 0 0 0 0 0 0 0 3 3 3 3 3
2095.103 334 2  0 2 0 0 0 0 0 0 0 0 0 2 0 0 0 0 2 2 2 2 2 0 0 0 0 0 0 0 0 0 0 0 0 0 0 0 2 2 2 2 2 0 0 0 0 0 0 0 0 0 0 0 0 0 0 0 3 3 3 3 3
2095.003 335 1  0 2 0 0 0 0 0 0 0 0 0 2 0 0 0 0 2 2 2 2 2 0 0 0 0 0 0 0 0 0 0 0 0 0 0 0 2 2 2 2 2 0 0 0 0 0 0 0 0 0 0 0 0 0 0 0 3 3 3 3 3
2095.104 336 2  0 2 0 0 0 0 0 0 0 0 0 2 0 0 0 0 2 2 2 2 2 0 0 0 0 0 0 0 0 0 0 0 0 0 0 0 2 2 2 2 2 0 0 0 0 0 0 0 0 0 0 0 0 0 0 0 3 3 3 3 3
2095.004 337 1  0 2 0 0 0 0 0 0 0 0 0 2 0 0 0 0 2 2 2 2 2 0 0 0 0 0 0 0 0 0 0 0 0 0 0 0 2 2 2 2 2 0 0 0 0 0 0 0 0 0 0 0 0 0 0 0 3 3 3 3 3
2097.002 340 1  2 2 0 0 0 0 1 0 0 0 0 2 0 0 0 0 2 2 2 2 2 0 0 0 0 0 0 0 0 0 0 0 1 0 0 0 2 2 2 2 2 0 0 0 0 0 0 0 0 0 0 0 0 0 0 0 3 3 3 3 3
2097.102 341 2  0 2 0 0 0 0 0 0 0 0 0 2 0 0 0 0 2 2 2 2 2 0 0 0 0 0 0 0 0 0 0 0 0 0 0 0 2 2 2 2 2 0 0 0 0 0 0 0 0 0 0 0 0 0 0 0 3 3 3 3 3
2097.004 343 1  0 2 0 0 0 0 0 0 0 0 0 2 0 0 0 0 2 2 2 2 2 0 0 0 0 0 0 0 0 0 0 0 0 0 0 0 2 2 2 2 2 0 0 0 0 0 0 0 0 0 0 0 0 0 0 0 3 3 3 3 3
2097.103 344 2  0 2 0 0 0 0 0 0 0 0 0 2 0 0 0 0 2 2 2 2 2 0 0 0 0 0 0 0 0 0 0 0 0 0 0 0 2 2 2 2 2 0 0 0 0 0 0 0 0 0 0 0 0 0 0 0 3 3 3 3 3
2101.102 348 2  0 2 0 0 0 0 0 0 0 0 0 2 0 0 0 0 2 2 2 2 2 0 0 0 0 0 0 0 0 0 0 0 0 0 0 0 2 2 2 2 2 0 0 0 0 0 0 0 0 0 0 0 0 0 0 0 3 3 3 3 3
2101.002 349 1  0 2 0 0 0 0 0 0 0 0 0 2 0 0 0 0 2 2 2 2 2 0 0 0 0 0 0 0 0 0 0 0 0 0 0 0 2 2 2 2 2 0 0 0 0 0 0 0 0 0 0 0 0 0 0 0 3 3 3 3 3
2102.102 352 2  0 2 0 0 0 0 0 0 0 0 0 2 0 0 0 0 2 2 2 2 2 0 0 0 0 0 0 0 0 0 0 0 0 0 0 0 2 2 2 2 2 0 0 0 0 0 0 0 0 0 0 0 0 0 0 0 3 3 3 3 3
2102.002 353 1  0 2 0 0 0 0 0 0 0 0 0 2 0 0 0 0 2 2 2 2 2 0 0 0 0 0 0 0 0 0 0 0 0 0 0 0 2 2 2 2 2 0 0 0 0 0 0 0 0 0 0 0 0 0 0 0 3 3 3 3 3
2102.003 354 1  0 2 0 0 0 0 0 0 0 0 0 2 0 0 0 0 2 2 2 2 2 0 0 0 0 0 0 0 0 0 0 0 0 0 0 0 2 2 2 2 2 0 0 0 0 0 0 0 0 0 0 0 0 0 0 0 3 3 3 3 3
2102.103 355 2  0 2 0 0 0 0 0 0 0 0 0 2 0 0 0 0 2 2 2 2 2 0 0 0 0 0 0 0 0 0 0 0 0 0 0 0 2 2 2 2 2 0 0 0 0 0 0 0 0 0 0 0 0 0 0 0 3 3 3 3 3
2103.002 358 1  0 2 0 0 0 0 0 0 0 0 0 2 0 0 0 0 2 2 2 2 2 0 0 0 0 0 0 0 0 0 0 0 0 0 0 0 2 2 2 2 2 0 0 0 0 0 0 0 0 0 0 0 0 0 0 0 3 3 3 3 3
2103.102 359 2  1 2 0 0 0 0 0 0 0 0 0 2 0 0 0 0 2 2 2 2 2 0 0 1 0 0 0 0 0 0 0 0 0 0 0 0 2 2 2 2 2 0 0 0 0 0 0 0 0 0 0 0 0 0 0 0 3 3 3 3 3
2105.002 364 1  0 2 0 0 0 0 0 0 0 0 0 2 0 0 0 0 2 2 2 2 2 0 0 0 0 0 0 0 0 0 0 0 0 0 0 0 2 2 2 2 2 0 0 0 0 0 0 0 0 0 0 0 0 0 0 0 3 3 3 3 3
2105.102 365 2  0 2 0 0 0 0 0 0 0 0 0 2 0 0 0 0 2 2 2 2 2 0 0 0 0 0 0 0 0 0 0 0 0 0 0 0 2 2 2 2 2 0 0 0 0 0 0 0 0 0 0 0 0 0 0 0 3 3 3 3 3
2105.003 366 1  0 2 0 0 0 0 0 0 0 0 0 2 0 0 0 0 2 2 2 2 2 0 0 0 0 0 0 0 0 0 0 0 0 0 0 0 2 2 2 2 2 0 0 0 0 0 0 0 0 0 0 0 0 0 0 0 3 3 3 3 3
2105.004 368 1  0 2 0 0 0 0 0 0 0 0 0 2 0 0 0 0 2 2 2 2 2 0 0 0 0 0 0 0 0 0 0 0 0 0 0 0 2 2 2 2 2 0 0 0 0 0 0 0 0 0 0 0 0 0 0 0 3 3 3 3 3
2105.104 369 2  0 2 0 0 0 0 0 0 0 0 0 2 0 0 0 0 2 2 2 2 2 0 0 0 0 0 0 0 0 0 0 0 0 0 0 0 2 2 2 2 2 0 0 0 0 0 0 0 0 0 0 0 0 0 0 0 3 3 3 3 3
2110.002 376 1  0 2 0 0 0 0 0 0 0 0 0 2 0 0 0 0 2 2 2 2 2 0 0 0 0 0 0 0 0 0 0 0 0 0 0 0 2 2 2 2 2 0 0 0 0 0 0 0 0 0 0 0 0 0 0 0 3 3 3 3 3
2110.102 377 2  0 2 0 0 0 0 0 0 0 0 0 2 0 0 0 0 2 2 2 2 2 0 0 0 0 0 0 0 0 0 0 0 0 0 0 0 2 2 2 2 2 0 0 0 0 0 0 0 0 0 0 0 0 0 0 0 3 3 3 3 3
2110.003 378 1  0 2 0 0 0 0 0 0 0 0 0 2 0 0 0 0 2 2 2 2 2 0 0 0 0 0 0 0 0 0 0 0 0 0 0 0 2 2 2 2 2 0 0 0 0 0 0 0 0 0 0 0 0 0 0 0 3 3 3 3 3
2110.103 379 2  0 2 0 0 0 0 0 0 0 0 0 2 0 0 0 0 2 2 2 2 2 0 0 0 0 0 0 0 0 0 0 0 0 0 0 0 2 2 2 2 2 0 0 0 0 0 0 0 0 0 0 0 0 0 0 0 3 3 3 3 3
2111.001 380 1  0 2 0 0 0 0 0 0 0 0 0 2 0 0 0 0 2 2 2 2 2 0 0 0 0 0 0 0 0 0 0 0 0 0 0 0 2 2 2 2 2 0 0 0 0 0 0 0 0 0 0 0 0 0 0 0 3 3 3 3 3
2111.101 381 2  0 2 0 0 0 0 0 0 0 0 0 2 0 0 0 0 2 2 2 2 2 0 0 0 0 0 0 0 0 0 0 0 0 0 0 0 2 2 2 2 2 0 0 0 0 0 0 0 0 0 0 0 0 0 0 0 3 3 3 3 3
2113.001 382 1  0 2 0 0 0 0 0 0 0 0 0 2 0 0 0 0 2 2 2 2 2 0 0 0 0 0 0 0 0 0 0 0 0 0 0 0 2 2 2 2 2 0 0 0 0 0 0 0 0 0 0 0 0 0 0 0 3 3 3 3 3
2113.101 383 2  2 2 0 0 0 0 0 0 0 0 0 2 0 0 0 0 2 2 2 2 2 0 0 0 0 0 0 0 0 0 0 0 0 0 1 1 2 2 2 2 2 0 0 0 0 0 0 0 0 0 0 0 0 0 0 0 3 3 3 3 3
2115.002 386 1  0 2 0 0 0 0 0 0 0 0 0 2 0 0 0 0 2 2 2 2 2 0 0 0 0 0 0 0 0 0 0 0 0 0 0 0 2 2 2 2 2 0 0 0 0 0 0 0 0 0 0 0 0 0 0 0 3 3 3 3 3
2116.002 390 1  0 2 0 0 0 0 0 0 0 0 0 2 0 0 0 0 2 2 2 2 2 0 0 0 0 0 0 0 0 0 0 0 0 0 0 0 2 2 2 2 2 0 0 0 0 0 0 0 0 0 0 0 0 0 0 0 3 3 3 3 3
2116.102 391 2  1 2 0 0 0 0 0 0 0 0 0 2 0 0 0 0 2 2 2 2 2 0 0 0 0 0 0 0 0 0 0 0 0 0 0 0 2 2 2 2 2 0 0 0 0 0 0 0 0 0 0 0 0 0 1 0 3 3 3 3 3
2116.003 392 1  0 2 0 0 0 0 0 0 0 0 0 2 0 0 0 0 2 2 2 2 2 0 0 0 0 0 0 0 0 0 0 0 0 0 0 0 2 2 2 2 2 0 0 0 0 0 0 0 0 0 0 0 0 0 0 0 3 3 3 3 3
2116.103 393 2  1 2 0 0 0 0 0 0 0 0 0 2 0 0 0 0 2 2 2 2 2 0 0 0 0 0 0 0 0 0 0 0 0 0 0 0 2 2 2 2 2 0 0 0 0 0 0 0 0 0 0 0 0 0 1 0 3 3 3 3 3
2116.004 394 1  0 2 0 0 0 0 0 0 0 0 0 2 0 0 0 0 2 2 2 2 2 0 0 0 0 0 0 0 0 0 0 0 0 0 0 0 2 2 2 2 2 0 0 0 0 0 0 0 0 0 0 0 0 0 0 0 3 3 3 3 3
2116.104 395 2  1 2 0 0 0 0 0 0 0 0 0 2 0 0 0 0 2 2 2 2 2 0 0 0 0 0 0 0 0 0 0 0 0 0 0 0 2 2 2 2 2 0 0 0 0 0 0 0 0 0 0 0 0 0 1 0 3 3 3 3 3
2117.001 396 1  0 2 0 0 0 0 0 0 0 0 0 2 0 0 0 0 2 2 2 2 2 0 0 0 0 0 0 0 0 0 0 0 0 0 0 0 2 2 2 2 2 0 0 0 0 0 0 0 0 0 0 0 0 0 0 0 3 3 3 3 3
2117.101 397 2  0 2 0 0 0 0 0 0 0 0 0 2 0 0 0 0 2 2 2 2 2 0 0 0 0 0 0 0 0 0 0 0 0 0 0 0 2 2 2 2 2 0 0 0 0 0 0 0 0 0 0 0 0 0 0 0 3 3 3 3 3
2119.002 400 1  0 2 0 0 0 0 0 0 0 0 0 2 0 0 0 0 2 2 2 2 2 0 0 0 0 0 0 0 0 0 0 0 0 0 0 0 2 2 2 2 2 0 0 0 0 0 0 0 0 0 0 0 0 0 0 0 3 3 3 3 3
2119.102 401 2  1 2 0 0 0 0 0 0 0 0 0 2 0 0 0 0 2 2 2 2 2 0 1 0 0 0 0 0 0 0 0 0 0 0 0 0 2 2 2 2 2 0 0 0 0 0 0 0 0 0 0 0 0 0 0 0 3 3 3 3 3
2125.102 404 2  0 2 0 0 0 0 0 0 0 0 0 2 0 0 0 0 2 2 2 2 2 0 0 0 0 0 0 0 0 0 0 0 0 0 0 0 2 2 2 2 2 0 0 0 0 0 0 0 0 0 0 0 0 0 0 0 3 3 3 3 3
2125.002 405 1  0 2 0 0 0 0 0 0 0 0 0 2 0 0 0 0 2 2 2 2 2 0 0 0 0 0 0 0 0 0 0 0 0 0 0 0 2 2 2 2 2 0 0 0 0 0 0 0 0 0 0 0 0 0 0 0 3 3 3 3 3
2125.003 406 1  0 2 0 0 0 0 0 0 0 0 0 2 0 0 0 0 2 2 2 2 2 0 0 0 0 0 0 0 0 0 0 0 0 0 0 0 2 2 2 2 2 0 0 0 0 0 0 0 0 0 0 0 0 0 0 0 3 3 3 3 3
2127.002 409 1  0 2 0 0 0 0 0 0 0 0 0 2 0 0 0 0 2 2 2 2 2 0 0 0 0 0 0 0 0 0 0 0 0 0 0 0 2 2 2 2 2 0 0 0 0 0 0 0 0 0 0 0 0 0 0 0 3 3 3 3 3
2127.102 410 2  0 2 0 0 0 0 0 0 0 0 0 2 0 0 0 0 2 2 2 2 2 0 0 0 0 0 0 0 0 0 0 0 0 0 0 0 2 2 2 2 2 0 0 0 0 0 0 0 0 0 0 0 0 0 0 0 3 3 3 3 3
2127.003 411 1  0 2 0 0 0 0 0 0 0 0 0 2 0 0 0 0 2 2 2 2 2 0 0 0 0 0 0 0 0 0 0 0 0 0 0 0 2 2 2 2 2 0 0 0 0 0 0 0 0 0 0 0 0 0 0 0 3 3 3 3 3
2127.103 412 2  0 2 0 0 0 0 0 0 0 0 0 2 0 0 0 0 2 2 2 2 2 0 0 0 0 0 0 0 0 0 0 0 0 0 0 0 2 2 2 2 2 0 0 0 0 0 0 0 0 0 0 0 0 0 0 0 3 3 3 3 3
2127.004 413 1  0 2 0 0 0 0 0 0 0 0 0 2 0 0 0 0 2 2 2 2 2 0 0 0 0 0 0 0 0 0 0 0 0 0 0 0 2 2 2 2 2 0 0 0 0 0 0 0 0 0 0 0 0 0 0 0 3 3 3 3 3
2127.104 414 2  0 2 0 0 0 0 0 0 0 0 0 2 0 0 0 0 2 2 2 2 2 0 0 0 0 0 0 0 0 0 0 0 0 0 0 0 2 2 2 2 2 0 0 0 0 0 0 0 0 0 0 0 0 0 0 0 3 3 3 3 3
2127.005 415 1  0 2 0 0 0 0 0 0 0 0 0 2 0 0 0 0 2 2 2 2 2 0 0 0 0 0 0 0 0 0 0 0 0 0 0 0 2 2 2 2 2 0 0 0 0 0 0 0 0 0 0 0 0 0 0 0 3 3 3 3 3
2127.105 416 2  0 2 0 0 0 0 0 0 0 0 0 2 0 0 0 0 2 2 2 2 2 0 0 0 0 0 0 0 0 0 0 0 0 0 0 0 2 2 2 2 2 0 0 0 0 0 0 0 0 0 0 0 0 0 0 0 3 3 3 3 3
2127.006 417 1  0 2 0 0 0 0 0 0 0 0 0 2 0 0 0 0 2 2 2 2 2 0 0 0 0 0 0 0 0 0 0 0 0 0 0 0 2 2 2 2 2 0 0 0 0 0 0 0 0 0 0 0 0 0 0 0 3 3 3 3 3
2127.106 418 2  0 2 0 0 0 0 0 0 0 0 0 2 0 0 0 0 2 2 2 2 2 0 0 0 0 0 0 0 0 0 0 0 0 0 0 0 2 2 2 2 2 0 0 0 0 0 0 0 0 0 0 0 0 0 0 0 3 3 3 3 3
2132.002 423 1  0 2 0 0 0 0 0 0 0 0 0 2 0 0 0 0 2 2 2 2 2 0 0 0 0 0 0 0 0 0 0 0 0 0 0 0 2 2 2 2 2 0 0 0 0 0 0 0 0 0 0 0 0 0 0 0 3 3 3 3 3
2132.102 424 2  0 2 0 0 0 0 0 0 0 0 0 2 0 0 0 0 2 2 2 2 2 0 0 0 0 0 0 0 0 0 0 0 0 0 0 0 2 2 2 2 2 0 0 0 0 0 0 0 0 0 0 0 0 0 0 0 3 3 3 3 3
2134.002 427 1  0 2 0 0 0 0 0 0 0 0 0 2 0 0 0 0 2 2 2 2 2 0 0 0 0 0 0 0 0 0 0 0 0 0 0 0 2 2 2 2 2 0 0 0 0 0 0 0 0 0 0 0 0 0 0 0 3 3 3 3 3
2134.102 428 2  0 2 0 0 0 0 0 0 0 0 0 2 0 0 0 0 2 2 2 2 2 0 0 0 0 0 0 0 0 0 0 0 0 0 0 0 2 2 2 2 2 0 0 0 0 0 0 0 0 0 0 0 0 0 0 0 3 3 3 3 3
2134.003 429 1  0 2 0 0 0 0 0 0 0 0 0 2 0 0 0 0 2 2 2 2 2 0 0 0 0 0 0 0 0 0 0 0 0 0 0 0 2 2 2 2 2 0 0 0 0 0 0 0 0 0 0 0 0 0 0 0 3 3 3 3 3
2134.103 430 2  1 2 0 0 0 0 0 0 0 0 0 2 0 0 0 0 2 2 2 2 2 0 0 0 0 0 0 0 0 0 0 0 0 0 0 0 2 2 2 2 2 0 1 0 0 0 0 0 0 0 0 0 0 0 0 0 3 3 3 3 3
2134.104 431 2  1 2 0 0 0 0 0 0 0 0 0 2 0 0 0 0 2 2 2 2 2 0 0 0 0 0 0 0 0 0 0 0 0 0 0 0 2 2 2 2 2 0 1 0 0 0 0 0 0 0 0 0 0 0 0 0 3 3 3 3 3
2134.004 432 1  0 2 0 0 0 0 0 0 0 0 0 2 0 0 0 0 2 2 2 2 2 0 0 0 0 0 0 0 0 0 0 0 0 0 0 0 2 2 2 2 2 0 0 0 0 0 0 0 0 0 0 0 0 0 0 0 3 3 3 3 3
2135.002 435 1  0 2 0 0 0 0 0 0 0 0 0 2 0 0 0 0 2 2 2 2 2 0 0 0 0 0 0 0 0 0 0 0 0 0 0 0 2 2 2 2 2 0 0 0 0 0 0 0 0 0 0 0 0 0 0 0 3 3 3 3 3
2135.102 436 2  0 2 0 0 0 0 0 0 0 0 0 2 0 0 0 0 2 2 2 2 2 0 0 0 0 0 0 0 0 0 0 0 0 0 0 0 2 2 2 2 2 0 0 0 0 0 0 0 0 0 0 0 0 0 0 0 3 3 3 3 3
2135.003 437 1  0 2 0 0 0 0 0 0 0 0 0 2 0 0 0 0 2 2 2 2 2 0 0 0 0 0 0 0 0 0 0 0 0 0 0 0 2 2 2 2 2 0 0 0 0 0 0 0 0 0 0 0 0 0 0 0 3 3 3 3 3
2135.103 438 2  1 2 0 0 0 0 0 0 0 0 0 2 0 0 1 0 2 2 2 2 2 0 0 0 0 0 0 0 0 0 0 0 0 0 0 0 2 2 2 2 2 0 0 0 0 0 0 0 0 0 0 0 0 0 0 0 3 3 3 3 3
2135.004 439 1  0 2 0 0 0 0 0 0 0 0 0 2 0 0 0 0 2 2 2 2 2 0 0 0 0 0 0 0 0 0 0 0 0 0 0 0 2 2 2 2 2 0 0 0 0 0 0 0 0 0 0 0 0 0 0 0 3 3 3 3 3
2135.104 440 2  0 2 0 0 0 0 0 0 0 0 0 2 0 0 0 0 2 2 2 2 2 0 0 0 0 0 0 0 0 0 0 0 0 0 0 0 2 2 2 2 2 0 0 0 0 0 0 0 0 0 0 0 0 0 0 0 3 3 3 3 3
2136.003 444 1  0 2 0 0 0 0 0 0 0 0 0 2 0 0 0 0 2 2 2 2 2 0 0 0 0 0 0 0 0 0 0 0 0 0 0 0 2 2 2 2 2 0 0 0 0 0 0 0 0 0 0 0 0 0 0 0 3 3 3 3 3
2136.102 445 2  0 2 0 0 0 0 0 0 0 0 0 2 0 0 0 0 2 2 2 2 2 0 0 0 0 0 0 0 0 0 0 0 0 0 0 0 2 2 2 2 2 0 0 0 0 0 0 0 0 0 0 0 0 0 0 0 3 3 3 3 3
2136.004 446 1  0 2 0 0 0 0 0 0 0 0 0 2 0 0 0 0 2 2 2 2 2 0 0 0 0 0 0 0 0 0 0 0 0 0 0 0 2 2 2 2 2 0 0 0 0 0 0 0 0 0 0 0 0 0 0 0 3 3 3 3 3
2136.103 447 2  0 2 0 0 0 0 0 0 0 0 0 2 0 0 0 0 2 2 2 2 2 0 0 0 0 0 0 0 0 0 0 0 0 0 0 0 2 2 2 2 2 0 0 0 0 0 0 0 0 0 0 0 0 0 0 0 3 3 3 3 3
2136.005 448 1  0 2 0 0 0 0 0 0 0 0 0 2 0 0 0 0 2 2 2 2 2 0 0 0 0 0 0 0 0 0 0 0 0 0 0 0 2 2 2 2 2 0 0 0 0 0 0 0 0 0 0 0 0 0 0 0 3 3 3 3 3
2136.104 449 2  0 2 0 0 0 0 0 0 0 0 0 2 0 0 0 0 2 2 2 2 2 0 0 0 0 0 0 0 0 0 0 0 0 0 0 0 2 2 2 2 2 0 0 0 0 0 0 0 0 0 0 0 0 0 0 0 3 3 3 3 3
2136.006 450 1  0 2 0 0 0 0 0 0 0 0 0 2 0 0 0 0 2 2 2 2 2 0 0 0 0 0 0 0 0 0 0 0 0 0 0 0 2 2 2 2 2 0 0 0 0 0 0 0 0 0 0 0 0 0 0 0 3 3 3 3 3
2136.105 451 2  0 2 0 0 0 0 0 0 0 0 0 2 0 0 0 0 2 2 2 2 2 0 0 0 0 0 0 0 0 0 0 0 0 0 0 0 2 2 2 2 2 0 0 0 0 0 0 0 0 0 0 0 0 0 0 0 3 3 3 3 3
2140.002 465 1 10 2 0 0 0 1 0 1 0 0 0 2 0 0 0 0 2 2 2 2 2 0 1 0 0 0 0 0 0 1 0 0 0 1 0 1 2 2 2 2 2 1 0 1 0 1 0 0 0 0 0 1 0 0 0 0 3 3 3 3 3
2140.102 466 2  0 2 0 0 0 0 0 0 0 0 0 2 0 0 0 0 2 2 2 2 2 0 0 0 0 0 0 0 0 0 0 0 0 0 0 0 2 2 2 2 2 0 0 0 0 0 0 0 0 0 0 0 0 0 0 0 3 3 3 3 3
2140.003 467 1  9 2 0 0 0 0 0 1 0 1 0 2 0 0 0 0 2 2 2 2 2 0 1 0 0 0 1 0 0 0 0 0 1 1 0 1 2 2 2 2 2 1 0 0 0 1 0 0 0 0 0 0 0 0 0 0 3 3 3 3 3
2140.103 468 2  0 2 0 0 0 0 0 0 0 0 0 2 0 0 0 0 2 2 2 2 2 0 0 0 0 0 0 0 0 0 0 0 0 0 0 0 2 2 2 2 2 0 0 0 0 0 0 0 0 0 0 0 0 0 0 0 3 3 3 3 3
2140.004 469 1  4 2 0 0 0 0 0 0 0 0 0 2 0 0 0 0 2 2 2 2 2 0 0 1 0 0 0 0 0 1 0 0 0 0 0 1 2 2 2 2 2 0 0 0 0 0 0 1 0 0 0 0 0 0 0 0 3 3 3 3 3
2140.104 470 2  0 2 0 0 0 0 0 0 0 0 0 2 0 0 0 0 2 2 2 2 2 0 0 0 0 0 0 0 0 0 0 0 0 0 0 0 2 2 2 2 2 0 0 0 0 0 0 0 0 0 0 0 0 0 0 0 3 3 3 3 3
2147.002 484 1  0 2 0 0 0 0 0 0 0 0 0 2 0 0 0 0 2 2 2 2 2 0 0 0 0 0 0 0 0 0 0 0 0 0 0 0 2 2 2 2 2 0 0 0 0 0 0 0 0 0 0 0 0 0 0 0 3 3 3 3 3
2147.102 485 2  0 2 0 0 0 0 0 0 0 0 0 2 0 0 0 0 2 2 2 2 2 0 0 0 0 0 0 0 0 0 0 0 0 0 0 0 2 2 2 2 2 0 0 0 0 0 0 0 0 0 0 0 0 0 0 0 3 3 3 3 3
2147.003 486 1  0 2 0 0 0 0 0 0 0 0 0 2 0 0 0 0 2 2 2 2 2 0 0 0 0 0 0 0 0 0 0 0 0 0 0 0 2 2 2 2 2 0 0 0 0 0 0 0 0 0 0 0 0 0 0 0 3 3 3 3 3
2147.103 487 2  0 2 0 0 0 0 0 0 0 0 0 2 0 0 0 0 2 2 2 2 2 0 0 0 0 0 0 0 0 0 0 0 0 0 0 0 2 2 2 2 2 0 0 0 0 0 0 0 0 0 0 0 0 0 0 0 3 3 3 3 3
2147.104 488 2  0 2 0 0 0 0 0 0 0 0 0 2 0 0 0 0 2 2 2 2 2 0 0 0 0 0 0 0 0 0 0 0 0 0 0 0 2 2 2 2 2 0 0 0 0 0 0 0 0 0 0 0 0 0 0 0 3 3 3 3 3
2147.004 489 1  0 2 0 0 0 0 0 0 0 0 0 2 0 0 0 0 2 2 2 2 2 0 0 0 0 0 0 0 0 0 0 0 0 0 0 0 2 2 2 2 2 0 0 0 0 0 0 0 0 0 0 0 0 0 0 0 3 3 3 3 3
2151.002 494 1  9 2 0 0 0 0 0 0 0 1 0 2 0 0 0 1 2 2 2 2 2 0 0 1 0 0 0 1 0 0 1 0 1 0 1 0 2 2 2 2 2 0 0 0 0 0 0 1 1 0 0 0 0 0 0 0 3 3 3 3 3
2151.102 495 2  0 2 0 0 0 0 0 0 0 0 0 2 0 0 0 0 2 2 2 2 2 0 0 0 0 0 0 0 0 0 0 0 0 0 0 0 2 2 2 2 2 0 0 0 0 0 0 0 0 0 0 0 0 0 0 0 3 3 3 3 3
2153.102 498 2  0 2 0 0 0 0 0 0 0 0 0 2 0 0 0 0 2 2 2 2 2 0 0 0 0 0 0 0 0 0 0 0 0 0 0 0 2 2 2 2 2 0 0 0 0 0 0 0 0 0 0 0 0 0 0 0 3 3 3 3 3
2153.002 499 1 12 2 1 0 0 0 0 0 1 1 0 2 1 0 0 1 2 2 2 2 2 1 0 0 0 0 1 0 0 0 0 0 0 0 0 0 2 2 2 2 2 0 0 0 1 0 0 0 1 1 0 1 1 0 0 0 3 3 3 3 3
2153.003 500 1  3 2 0 0 0 0 0 0 0 0 1 2 0 0 0 1 2 2 2 2 2 1 0 0 0 0 0 0 0 0 0 0 0 0 0 0 2 2 2 2 2 0 0 0 0 0 0 0 0 0 0 0 0 0 0 0 3 3 3 3 3
2153.103 501 2  0 2 0 0 0 0 0 0 0 0 0 2 0 0 0 0 2 2 2 2 2 0 0 0 0 0 0 0 0 0 0 0 0 0 0 0 2 2 2 2 2 0 0 0 0 0 0 0 0 0 0 0 0 0 0 0 3 3 3 3 3
2153.004 502 1  1 2 0 0 0 0 0 0 0 0 0 2 0 0 0 0 2 2 2 2 2 1 0 0 0 0 0 0 0 0 0 0 0 0 0 0 2 2 2 2 2 0 0 0 0 0 0 0 0 0 0 0 0 0 0 0 3 3 3 3 3
2153.104 503 2  0 2 0 0 0 0 0 0 0 0 0 2 0 0 0 0 2 2 2 2 2 0 0 0 0 0 0 0 0 0 0 0 0 0 0 0 2 2 2 2 2 0 0 0 0 0 0 0 0 0 0 0 0 0 0 0 3 3 3 3 3
2153.005 504 1  2 2 0 0 0 0 0 0 0 0 0 2 0 0 0 0 2 2 2 2 2 0 0 0 0 0 1 0 0 0 0 0 0 0 0 0 2 2 2 2 2 0 0 0 0 0 0 0 0 0 0 1 0 0 0 0 3 3 3 3 3
2153.105 505 2  0 2 0 0 0 0 0 0 0 0 0 2 0 0 0 0 2 2 2 2 2 0 0 0 0 0 0 0 0 0 0 0 0 0 0 0 2 2 2 2 2 0 0 0 0 0 0 0 0 0 0 0 0 0 0 0 3 3 3 3 3
2156.002 508 1  1 2 0 0 0 0 0 0 0 0 0 2 0 0 0 0 2 2 2 2 2 0 0 0 0 0 0 0 0 0 0 0 0 0 0 1 2 2 2 2 2 0 0 0 0 0 0 0 0 0 0 0 0 0 0 0 3 3 3 3 3
2156.102 509 2  0 2 0 0 0 0 0 0 0 0 0 2 0 0 0 0 2 2 2 2 2 0 0 0 0 0 0 0 0 0 0 0 0 0 0 0 2 2 2 2 2 0 0 0 0 0 0 0 0 0 0 0 0 0 0 0 3 3 3 3 3
2156.003 510 1  4 2 0 0 0 1 0 0 0 0 0 2 0 0 0 0 2 2 2 2 2 0 0 1 0 0 0 0 0 0 0 0 0 0 0 1 2 2 2 2 2 0 0 0 0 1 0 0 0 0 0 0 0 0 0 0 3 3 3 3 3
2156.103 511 2  0 2 0 0 0 0 0 0 0 0 0 2 0 0 0 0 2 2 2 2 2 0 0 0 0 0 0 0 0 0 0 0 0 0 0 0 2 2 2 2 2 0 0 0 0 0 0 0 0 0 0 0 0 0 0 0 3 3 3 3 3
2158.002 515 1  0 2 0 0 0 0 0 0 0 0 0 2 0 0 0 0 2 2 2 2 2 0 0 0 0 0 0 0 0 0 0 0 0 0 0 0 2 2 2 2 2 0 0 0 0 0 0 0 0 0 0 0 0 0 0 0 3 3 3 3 3
2158.101 516 2  0 2 0 0 0 0 0 0 0 0 0 2 0 0 0 0 2 2 2 2 2 0 0 0 0 0 0 0 0 0 0 0 0 0 0 0 2 2 2 2 2 0 0 0 0 0 0 0 0 0 0 0 0 0 0 0 3 3 3 3 3
2158.102 517 2  0 2 0 0 0 0 0 0 0 0 0 2 0 0 0 0 2 2 2 2 2 0 0 0 0 0 0 0 0 0 0 0 0 0 0 0 2 2 2 2 2 0 0 0 0 0 0 0 0 0 0 0 0 0 0 0 3 3 3 3 3
2158.003 518 1  0 2 0 0 0 0 0 0 0 0 0 2 0 0 0 0 2 2 2 2 2 0 0 0 0 0 0 0 0 0 0 0 0 0 0 0 2 2 2 2 2 0 0 0 0 0 0 0 0 0 0 0 0 0 0 0 3 3 3 3 3
2160.101 520 2  1 2 0 0 0 0 0 0 0 0 0 2 0 0 0 0 2 2 2 2 2 1 0 0 0 0 0 0 0 0 0 0 0 0 0 0 2 2 2 2 2 0 0 0 0 0 0 0 0 0 0 0 0 0 0 0 3 3 3 3 3
2160.002 521 1  1 2 0 0 0 0 0 0 0 0 0 2 0 0 0 0 2 2 2 2 2 0 0 0 0 0 0 0 0 0 0 0 0 0 0 0 2 2 2 2 2 0 0 0 0 0 0 0 0 1 0 0 0 0 0 0 3 3 3 3 3
2160.003 522 1  0 2 0 0 0 0 0 0 0 0 0 2 0 0 0 0 2 2 2 2 2 0 0 0 0 0 0 0 0 0 0 0 0 0 0 0 2 2 2 2 2 0 0 0 0 0 0 0 0 0 0 0 0 0 0 0 3 3 3 3 3
2161.001 523 1  3 2 0 0 0 0 0 0 0 0 0 2 0 0 0 0 2 2 2 2 2 0 0 0 1 0 0 0 0 0 0 0 0 0 0 0 2 2 2 2 2 1 1 0 0 0 0 0 0 0 0 0 0 0 0 0 3 3 3 3 3
2161.101 524 2  0 2 0 0 0 0 0 0 0 0 0 2 0 0 0 0 2 2 2 2 2 0 0 0 0 0 0 0 0 0 0 0 0 0 0 0 2 2 2 2 2 0 0 0 0 0 0 0 0 0 0 0 0 0 0 0 3 3 3 3 3
2161.102 525 2  0 2 0 0 0 0 0 0 0 0 0 2 0 0 0 0 2 2 2 2 2 0 0 0 0 0 0 0 0 0 0 0 0 0 0 0 2 2 2 2 2 0 0 0 0 0 0 0 0 0 0 0 0 0 0 0 3 3 3 3 3
2161.002 526 1  2 2 0 0 0 0 0 0 0 0 0 2 0 0 0 0 2 2 2 2 2 0 0 0 0 0 0 0 0 0 0 0 0 0 0 0 2 2 2 2 2 1 1 0 0 0 0 0 0 0 0 0 0 0 0 0 3 3 3 3 3
2161.003 527 1  1 2 0 0 0 0 0 0 0 0 0 2 0 0 0 0 2 2 2 2 2 0 0 0 0 0 0 0 0 0 0 0 0 0 0 0 2 2 2 2 2 1 0 0 0 0 0 0 0 0 0 0 0 0 0 0 3 3 3 3 3
2161.103 528 2  0 2 0 0 0 0 0 0 0 0 0 2 0 0 0 0 2 2 2 2 2 0 0 0 0 0 0 0 0 0 0 0 0 0 0 0 2 2 2 2 2 0 0 0 0 0 0 0 0 0 0 0 0 0 0 0 3 3 3 3 3
2161.004 529 1  0 2 0 0 0 0 0 0 0 0 0 2 0 0 0 0 2 2 2 2 2 0 0 0 0 0 0 0 0 0 0 0 0 0 0 0 2 2 2 2 2 0 0 0 0 0 0 0 0 0 0 0 0 0 0 0 3 3 3 3 3
2161.104 530 2  0 2 0 0 0 0 0 0 0 0 0 2 0 0 0 0 2 2 2 2 2 0 0 0 0 0 0 0 0 0 0 0 0 0 0 0 2 2 2 2 2 0 0 0 0 0 0 0 0 0 0 0 0 0 0 0 3 3 3 3 3
2161.005 531 1  0 2 0 0 0 0 0 0 0 0 0 2 0 0 0 0 2 2 2 2 2 0 0 0 0 0 0 0 0 0 0 0 0 0 0 0 2 2 2 2 2 0 0 0 0 0 0 0 0 0 0 0 0 0 0 0 3 3 3 3 3
2161.105 532 2  0 2 0 0 0 0 0 0 0 0 0 2 0 0 0 0 2 2 2 2 2 0 0 0 0 0 0 0 0 0 0 0 0 0 0 0 2 2 2 2 2 0 0 0 0 0 0 0 0 0 0 0 0 0 0 0 3 3 3 3 3
2161.006 533 1  0 2 0 0 0 0 0 0 0 0 0 2 0 0 0 0 2 2 2 2 2 0 0 0 0 0 0 0 0 0 0 0 0 0 0 0 2 2 2 2 2 0 0 0 0 0 0 0 0 0 0 0 0 0 0 0 3 3 3 3 3
2161.106 534 2  0 2 0 0 0 0 0 0 0 0 0 2 0 0 0 0 2 2 2 2 2 0 0 0 0 0 0 0 0 0 0 0 0 0 0 0 2 2 2 2 2 0 0 0 0 0 0 0 0 0 0 0 0 0 0 0 3 3 3 3 3
2162.002 537 1  4 2 0 1 0 0 0 0 0 1 0 2 0 0 0 0 2 2 2 2 2 0 0 0 0 0 0 0 0 0 0 0 0 0 0 1 2 2 2 2 2 0 0 0 0 0 1 0 0 0 0 0 0 0 0 0 3 3 3 3 3
2162.102 538 2  0 2 0 0 0 0 0 0 0 0 0 2 0 0 0 0 2 2 2 2 2 0 0 0 0 0 0 0 0 0 0 0 0 0 0 0 2 2 2 2 2 0 0 0 0 0 0 0 0 0 0 0 0 0 0 0 3 3 3 3 3
2162.003 539 1  4 2 0 1 0 1 0 0 0 1 0 2 0 0 0 0 2 2 2 2 2 0 0 0 0 0 0 0 0 0 0 0 0 0 0 0 2 2 2 2 2 0 0 0 0 0 0 1 0 0 0 0 0 0 0 0 3 3 3 3 3
2162.103 540 2  0 2 0 0 0 0 0 0 0 0 0 2 0 0 0 0 2 2 2 2 2 0 0 0 0 0 0 0 0 0 0 0 0 0 0 0 2 2 2 2 2 0 0 0 0 0 0 0 0 0 0 0 0 0 0 0 3 3 3 3 3
2162.004 541 1 26 2 0 1 1 0 0 1 0 1 1 2 1 1 1 1 2 2 2 2 2 0 1 1 0 0 1 1 0 1 1 0 0 1 0 0 2 2 2 2 2 0 1 0 0 1 1 1 1 1 0 0 1 1 1 1 3 3 3 3 3
2162.104 542 2  0 2 0 0 0 0 0 0 0 0 0 2 0 0 0 0 2 2 2 2 2 0 0 0 0 0 0 0 0 0 0 0 0 0 0 0 2 2 2 2 2 0 0 0 0 0 0 0 0 0 0 0 0 0 0 0 3 3 3 3 3
2169.002 547 1  1 2 0 0 0 1 0 0 0 0 0 2 0 0 0 0 2 2 2 2 2 0 0 0 0 0 0 0 0 0 0 0 0 0 0 0 2 2 2 2 2 0 0 0 0 0 0 0 0 0 0 0 0 0 0 0 3 3 3 3 3
2169.101 548 2  0 2 0 0 0 0 0 0 0 0 0 2 0 0 0 0 2 2 2 2 2 0 0 0 0 0 0 0 0 0 0 0 0 0 0 0 2 2 2 2 2 0 0 0 0 0 0 0 0 0 0 0 0 0 0 0 3 3 3 3 3
2173.001 550 1  4 2 0 0 0 1 0 0 0 0 0 2 0 0 0 1 2 2 2 2 2 0 0 0 0 0 0 0 0 0 0 0 0 1 0 1 2 2 2 2 2 0 0 0 0 0 0 0 0 0 0 0 0 0 0 0 3 3 3 3 3
2173.101 551 2  0 2 0 0 0 0 0 0 0 0 0 2 0 0 0 0 2 2 2 2 2 0 0 0 0 0 0 0 0 0 0 0 0 0 0 0 2 2 2 2 2 0 0 0 0 0 0 0 0 0 0 0 0 0 0 0 3 3 3 3 3
2173.002 552 1  0 2 0 0 0 0 0 0 0 0 0 2 0 0 0 0 2 2 2 2 2 0 0 0 0 0 0 0 0 0 0 0 0 0 0 0 2 2 2 2 2 0 0 0 0 0 0 0 0 0 0 0 0 0 0 0 3 3 3 3 3
2173.102 553 2  0 2 0 0 0 0 0 0 0 0 0 2 0 0 0 0 2 2 2 2 2 0 0 0 0 0 0 0 0 0 0 0 0 0 0 0 2 2 2 2 2 0 0 0 0 0 0 0 0 0 0 0 0 0 0 0 3 3 3 3 3
2175.001 554 1  1 2 0 0 0 0 0 0 0 0 1 2 0 0 0 0 2 2 2 2 2 0 0 0 0 0 0 0 0 0 0 0 0 0 0 0 2 2 2 2 2 0 0 0 0 0 0 0 0 0 0 0 0 0 0 0 3 3 3 3 3
2175.101 555 2  0 2 0 0 0 0 0 0 0 0 0 2 0 0 0 0 2 2 2 2 2 0 0 0 0 0 0 0 0 0 0 0 0 0 0 0 2 2 2 2 2 0 0 0 0 0 0 0 0 0 0 0 0 0 0 0 3 3 3 3 3
2175.002 556 1  1 2 0 0 0 0 0 0 0 0 0 2 0 0 0 0 2 2 2 2 2 0 0 0 0 0 0 0 1 0 0 0 0 0 0 0 2 2 2 2 2 0 0 0 0 0 0 0 0 0 0 0 0 0 0 0 3 3 3 3 3
2175.102 557 2  0 2 0 0 0 0 0 0 0 0 0 2 0 0 0 0 2 2 2 2 2 0 0 0 0 0 0 0 0 0 0 0 0 0 0 0 2 2 2 2 2 0 0 0 0 0 0 0 0 0 0 0 0 0 0 0 3 3 3 3 3
2175.003 558 1  0 2 0 0 0 0 0 0 0 0 0 2 0 0 0 0 2 2 2 2 2 0 0 0 0 0 0 0 0 0 0 0 0 0 0 0 2 2 2 2 2 0 0 0 0 0 0 0 0 0 0 0 0 0 0 0 3 3 3 3 3
2175.103 559 2  0 2 0 0 0 0 0 0 0 0 0 2 0 0 0 0 2 2 2 2 2 0 0 0 0 0 0 0 0 0 0 0 0 0 0 0 2 2 2 2 2 0 0 0 0 0 0 0 0 0 0 0 0 0 0 0 3 3 3 3 3
2178.002 562 1  1 2 0 0 0 0 0 0 0 0 1 2 0 0 0 0 2 2 2 2 2 0 0 0 0 0 0 0 0 0 0 0 0 0 0 0 2 2 2 2 2 0 0 0 0 0 0 0 0 0 0 0 0 0 0 0 3 3 3 3 3
2178.101 563 2  0 2 0 0 0 0 0 0 0 0 0 2 0 0 0 0 2 2 2 2 2 0 0 0 0 0 0 0 0 0 0 0 0 0 0 0 2 2 2 2 2 0 0 0 0 0 0 0 0 0 0 0 0 0 0 0 3 3 3 3 3
2178.003 564 1  2 2 0 0 0 0 0 1 0 0 1 2 0 0 0 0 2 2 2 2 2 0 0 0 0 0 0 0 0 0 0 0 0 0 0 0 2 2 2 2 2 0 0 0 0 0 0 0 0 0 0 0 0 0 0 0 3 3 3 3 3
2178.102 565 2  0 2 0 0 0 0 0 0 0 0 0 2 0 0 0 0 2 2 2 2 2 0 0 0 0 0 0 0 0 0 0 0 0 0 0 0 2 2 2 2 2 0 0 0 0 0 0 0 0 0 0 0 0 0 0 0 3 3 3 3 3
2181.002 570 1  1 2 0 0 0 0 0 0 0 0 0 2 0 0 0 0 2 2 2 2 2 0 0 0 0 0 0 0 0 0 0 0 0 0 0 0 2 2 2 2 2 0 0 0 0 0 0 0 0 0 1 0 0 0 0 0 3 3 3 3 3
2181.101 571 2  1 2 1 0 0 0 0 0 0 0 0 2 0 0 0 0 2 2 2 2 2 0 0 0 0 0 0 0 0 0 0 0 0 0 0 0 2 2 2 2 2 0 0 0 0 0 0 0 0 0 0 0 0 0 0 0 3 3 3 3 3
2181.003 572 1  0 2 0 0 0 0 0 0 0 0 0 2 0 0 0 0 2 2 2 2 2 0 0 0 0 0 0 0 0 0 0 0 0 0 0 0 2 2 2 2 2 0 0 0 0 0 0 0 0 0 0 0 0 0 0 0 3 3 3 3 3
2181.102 574 2  0 2 0 0 0 0 0 0 0 0 0 2 0 0 0 0 2 2 2 2 2 0 0 0 0 0 0 0 0 0 0 0 0 0 0 0 2 2 2 2 2 0 0 0 0 0 0 0 0 0 0 0 0 0 0 0 3 3 3 3 3
2181.004 575 1  1 2 0 0 0 0 0 0 0 0 0 2 0 0 0 0 2 2 2 2 2 0 0 0 0 0 0 0 0 0 0 0 0 0 0 0 2 2 2 2 2 0 0 0 0 0 0 0 0 0 1 0 0 0 0 0 3 3 3 3 3
2181.103 576 2  0 2 0 0 0 0 0 0 0 0 0 2 0 0 0 0 2 2 2 2 2 0 0 0 0 0 0 0 0 0 0 0 0 0 0 0 2 2 2 2 2 0 0 0 0 0 0 0 0 0 0 0 0 0 0 0 3 3 3 3 3
2181.005 577 1  0 2 0 0 0 0 0 0 0 0 0 2 0 0 0 0 2 2 2 2 2 0 0 0 0 0 0 0 0 0 0 0 0 0 0 0 2 2 2 2 2 0 0 0 0 0 0 0 0 0 0 0 0 0 0 0 3 3 3 3 3
2181.104 578 2  0 2 0 0 0 0 0 0 0 0 0 2 0 0 0 0 2 2 2 2 2 0 0 0 0 0 0 0 0 0 0 0 0 0 0 0 2 2 2 2 2 0 0 0 0 0 0 0 0 0 0 0 0 0 0 0 3 3 3 3 3
2185.002 583 1  2 2 0 0 0 0 0 0 0 0 0 2 0 0 0 0 2 2 2 2 2 0 0 0 0 0 1 0 0 0 0 0 0 0 0 0 2 2 2 2 2 0 0 0 0 0 0 0 0 0 0 0 0 0 0 1 3 3 3 3 3
2185.101 584 2  0 2 0 0 0 0 0 0 0 0 0 2 0 0 0 0 2 2 2 2 2 0 0 0 0 0 0 0 0 0 0 0 0 0 0 0 2 2 2 2 2 0 0 0 0 0 0 0 0 0 0 0 0 0 0 0 3 3 3 3 3
2185.003 585 1  0 2 0 0 0 0 0 0 0 0 0 2 0 0 0 0 2 2 2 2 2 0 0 0 0 0 0 0 0 0 0 0 0 0 0 0 2 2 2 2 2 0 0 0 0 0 0 0 0 0 0 0 0 0 0 0 3 3 3 3 3
2185.102 586 2  0 2 0 0 0 0 0 0 0 0 0 2 0 0 0 0 2 2 2 2 2 0 0 0 0 0 0 0 0 0 0 0 0 0 0 0 2 2 2 2 2 0 0 0 0 0 0 0 0 0 0 0 0 0 0 0 3 3 3 3 3
2185.004 587 1  0 2 0 0 0 0 0 0 0 0 0 2 0 0 0 0 2 2 2 2 2 0 0 0 0 0 0 0 0 0 0 0 0 0 0 0 2 2 2 2 2 0 0 0 0 0 0 0 0 0 0 0 0 0 0 0 3 3 3 3 3
2185.005 588 1  0 2 0 0 0 0 0 0 0 0 0 2 0 0 0 0 2 2 2 2 2 0 0 0 0 0 0 0 0 0 0 0 0 0 0 0 2 2 2 2 2 0 0 0 0 0 0 0 0 0 0 0 0 0 0 0 3 3 3 3 3
2185.103 589 2  0 2 0 0 0 0 0 0 0 0 0 2 0 0 0 0 2 2 2 2 2 0 0 0 0 0 0 0 0 0 0 0 0 0 0 0 2 2 2 2 2 0 0 0 0 0 0 0 0 0 0 0 0 0 0 0 3 3 3 3 3
2185.006 590 1  0 2 0 0 0 0 0 0 0 0 0 2 0 0 0 0 2 2 2 2 2 0 0 0 0 0 0 0 0 0 0 0 0 0 0 0 2 2 2 2 2 0 0 0 0 0 0 0 0 0 0 0 0 0 0 0 3 3 3 3 3
2185.104 591 2  0 2 0 0 0 0 0 0 0 0 0 2 0 0 0 0 2 2 2 2 2 0 0 0 0 0 0 0 0 0 0 0 0 0 0 0 2 2 2 2 2 0 0 0 0 0 0 0 0 0 0 0 0 0 0 0 3 3 3 3 3
2187.002 593 1  6 2 1 1 0 1 1 1 1 0 0 2 0 0 0 0 2 2 2 2 2 0 0 0 0 0 0 0 0 0 0 0 0 0 0 0 2 2 2 2 2 0 0 0 0 0 0 0 0 0 0 0 0 0 0 0 3 3 3 3 3
2187.101 594 2  0 2 0 0 0 0 0 0 0 0 0 2 0 0 0 0 2 2 2 2 2 0 0 0 0 0 0 0 0 0 0 0 0 0 0 0 2 2 2 2 2 0 0 0 0 0 0 0 0 0 0 0 0 0 0 0 3 3 3 3 3
2187.003 595 1  1 2 0 0 0 0 0 0 0 0 0 2 0 0 0 0 2 2 2 2 2 0 0 0 0 0 0 0 0 0 0 0 0 0 0 0 2 2 2 2 2 0 0 0 0 0 0 0 0 0 0 0 0 1 0 0 3 3 3 3 3
2187.004 596 1  2 2 0 0 0 0 0 1 0 0 0 2 0 0 0 0 2 2 2 2 2 0 0 0 0 0 0 1 0 0 0 0 0 0 0 0 2 2 2 2 2 0 0 0 0 0 0 0 0 0 0 0 0 0 0 0 3 3 3 3 3
2187.102 597 2  0 2 0 0 0 0 0 0 0 0 0 2 0 0 0 0 2 2 2 2 2 0 0 0 0 0 0 0 0 0 0 0 0 0 0 0 2 2 2 2 2 0 0 0 0 0 0 0 0 0 0 0 0 0 0 0 3 3 3 3 3
2187.005 598 1  2 2 0 0 0 0 0 0 0 0 0 2 0 0 0 1 2 2 2 2 2 0 0 0 0 0 0 0 0 0 0 0 0 0 0 1 2 2 2 2 2 0 0 0 0 0 0 0 0 0 0 0 0 0 0 0 3 3 3 3 3
2189.102 602 2  0 2 0 0 0 0 0 0 0 0 0 2 0 0 0 0 2 2 2 2 2 0 0 0 0 0 0 0 0 0 0 0 0 0 0 0 2 2 2 2 2 0 0 0 0 0 0 0 0 0 0 0 0 0 0 0 3 3 3 3 3
2192.101 605 2  0 2 0 0 0 0 0 0 0 0 0 2 0 0 0 0 2 2 2 2 2 0 0 0 0 0 0 0 0 0 0 0 0 0 0 0 2 2 2 2 2 0 0 0 0 0 0 0 0 0 0 0 0 0 0 0 3 3 3 3 3
2192.002 606 1  3 2 0 0 0 0 0 0 0 1 0 2 0 0 0 0 2 2 2 2 2 0 0 0 0 0 0 0 0 0 0 0 0 0 1 0 2 2 2 2 2 0 0 0 0 0 0 0 0 0 0 0 0 0 0 1 3 3 3 3 3
2193.001 607 1 11 2 1 1 0 1 1 1 1 0 0 2 1 0 0 0 2 2 2 2 2 0 0 0 0 0 0 1 0 0 0 0 0 0 0 0 2 2 2 2 2 0 1 0 0 0 1 0 0 1 0 0 0 0 0 0 3 3 3 3 3
2193.101 608 2  0 2 0 0 0 0 0 0 0 0 0 2 0 0 0 0 2 2 2 2 2 0 0 0 0 0 0 0 0 0 0 0 0 0 0 0 2 2 2 2 2 0 0 0 0 0 0 0 0 0 0 0 0 0 0 0 3 3 3 3 3
2194.001 610 1  2 2 0 0 0 0 0 0 0 0 0 2 0 0 0 0 2 2 2 2 2 1 0 0 0 0 0 0 0 0 0 0 0 0 0 0 2 2 2 2 2 0 1 0 0 0 0 0 0 0 0 0 0 0 0 0 3 3 3 3 3
2194.102 611 2  2 2 0 0 0 0 0 0 0 0 0 2 1 0 0 0 2 2 2 2 2 0 0 0 0 0 0 0 0 0 0 0 0 0 0 0 2 2 2 2 2 0 0 0 0 0 0 0 0 0 0 1 0 0 0 0 3 3 3 3 3
2196.001 612 1  2 2 0 0 0 0 0 0 0 0 0 2 0 0 0 1 2 2 2 2 2 1 0 0 0 0 0 0 0 0 0 0 0 0 0 0 2 2 2 2 2 0 0 0 0 0 0 0 0 0 0 0 0 0 0 0 3 3 3 3 3
2196.101 613 2 21 2 1 0 0 1 1 0 0 0 0 2 1 1 0 0 2 2 2 2 2 0 1 0 1 1 1 1 0 0 0 0 0 1 0 0 2 2 2 2 2 1 1 1 1 1 1 0 1 0 1 0 1 1 0 0 3 3 3 3 3
2196.101 614 2 14 2 0 0 0 0 0 0 1 0 0 2 1 0 0 0 2 2 2 2 2 0 0 1 1 0 0 1 0 0 0 0 0 0 0 0 2 2 2 2 2 1 1 1 1 0 0 1 1 0 0 1 1 0 0 1 3 3 3 3 3
2196.002 615 1  0 2 0 0 0 0 0 0 0 0 0 2 0 0 0 0 2 2 2 2 2 0 0 0 0 0 0 0 0 0 0 0 0 0 0 0 2 2 2 2 2 0 0 0 0 0 0 0 0 0 0 0 0 0 0 0 3 3 3 3 3
2198.101 616 2  1 2 0 0 0 0 0 0 0 0 0 2 0 0 0 0 2 2 2 2 2 0 0 0 0 1 0 0 0 0 0 0 0 0 0 0 2 2 2 2 2 0 0 0 0 0 0 0 0 0 0 0 0 0 0 0 3 3 3 3 3
2201.102 622 2  0 2 0 0 0 0 0 0 0 0 0 2 0 0 0 0 2 2 2 2 2 0 0 0 0 0 0 0 0 0 0 0 0 0 0 0 2 2 2 2 2 0 0 0 0 0 0 0 0 0 0 0 0 0 0 0 3 3 3 3 3
2201.004 623 1  0 2 0 0 0 0 0 0 0 0 0 2 0 0 0 0 2 2 2 2 2 0 0 0 0 0 0 0 0 0 0 0 0 0 0 0 2 2 2 2 2 0 0 0 0 0 0 0 0 0 0 0 0 0 0 0 3 3 3 3 3
2201.103 624 2  1 2 0 0 0 0 0 0 0 0 0 2 0 0 0 0 2 2 2 2 2 0 0 0 0 0 0 0 0 0 0 1 0 0 0 0 2 2 2 2 2 0 0 0 0 0 0 0 0 0 0 0 0 0 0 0 3 3 3 3 3
2201.005 625 1  1 2 0 0 1 0 0 0 0 0 0 2 0 0 0 0 2 2 2 2 2 0 0 0 0 0 0 0 0 0 0 0 0 0 0 0 2 2 2 2 2 0 0 0 0 0 0 0 0 0 0 0 0 0 0 0 3 3 3 3 3
2201.006 627 1  0 2 0 0 0 0 0 0 0 0 0 2 0 0 0 0 2 2 2 2 2 0 0 0 0 0 0 0 0 0 0 0 0 0 0 0 2 2 2 2 2 0 0 0 0 0 0 0 0 0 0 0 0 0 0 0 3 3 3 3 3
2201.105 628 2  1 2 0 0 0 0 0 0 0 0 0 2 0 0 0 0 2 2 2 2 2 0 0 0 0 0 0 0 0 0 0 0 0 0 0 0 2 2 2 2 2 0 0 0 0 0 0 0 0 0 0 0 0 0 0 1 3 3 3 3 3
2206.002 631 1  1 2 0 0 0 0 0 0 0 0 0 2 0 0 0 0 2 2 2 2 2 1 0 0 0 0 0 0 0 0 0 0 0 0 0 0 2 2 2 2 2 0 0 0 0 0 0 0 0 0 0 0 0 0 0 0 3 3 3 3 3
2206.101 632 2  1 2 0 0 0 0 0 0 0 0 0 2 0 0 0 0 2 2 2 2 2 1 0 0 0 0 0 0 0 0 0 0 0 0 0 0 2 2 2 2 2 0 0 0 0 0 0 0 0 0 0 0 0 0 0 0 3 3 3 3 3
2207.002 634 1 20 2 0 1 1 0 0 0 1 1 0 2 1 1 1 0 2 2 2 2 2 1 0 1 0 0 1 0 0 0 0 0 1 0 0 1 2 2 2 2 2 0 0 1 0 0 0 1 1 1 1 1 0 0 1 1 3 3 3 3 3
2207.101 635 2  5 2 0 0 0 0 0 0 0 0 0 2 1 0 0 0 2 2 2 2 2 0 1 0 0 0 0 0 1 0 0 0 0 0 0 0 2 2 2 2 2 0 1 0 0 0 0 0 0 0 0 0 0 0 1 0 3 3 3 3 3
2207.003 636 1  3 2 0 0 0 0 0 0 0 0 0 2 0 0 0 0 2 2 2 2 2 1 0 1 0 0 1 0 0 0 0 0 0 0 0 0 2 2 2 2 2 0 0 0 0 0 0 0 0 0 0 0 0 0 0 0 3 3 3 3 3
2207.102 637 2  3 2 1 0 0 0 0 0 0 0 0 2 0 1 0 0 2 2 2 2 2 0 0 0 0 0 0 0 0 0 0 0 0 0 0 0 2 2 2 2 2 0 0 0 0 0 0 0 0 0 0 0 0 0 0 1 3 3 3 3 3
2207.004 638 1  2 2 0 0 1 0 0 0 0 0 0 2 0 0 0 0 2 2 2 2 2 0 0 0 0 0 1 0 0 0 0 0 0 0 0 0 2 2 2 2 2 0 0 0 0 0 0 0 0 0 0 0 0 0 0 0 3 3 3 3 3
2207.103 639 2  4 2 0 0 0 1 0 0 0 0 0 2 0 0 0 0 2 2 2 2 2 0 0 0 0 0 0 0 0 0 0 0 0 0 0 0 2 2 2 2 2 1 0 0 0 1 1 0 0 0 0 0 0 0 0 0 3 3 3 3 3
2207.005 640 1  1 2 0 0 0 0 0 0 0 0 0 2 0 0 0 0 2 2 2 2 2 0 0 0 0 0 1 0 0 0 0 0 0 0 0 0 2 2 2 2 2 0 0 0 0 0 0 0 0 0 0 0 0 0 0 0 3 3 3 3 3
2207.104 641 2  0 2 0 0 0 0 0 0 0 0 0 2 0 0 0 0 2 2 2 2 2 0 0 0 0 0 0 0 0 0 0 0 0 0 0 0 2 2 2 2 2 0 0 0 0 0 0 0 0 0 0 0 0 0 0 0 3 3 3 3 3
2207.006 642 1  2 2 0 0 0 0 0 0 0 0 0 2 0 0 0 0 2 2 2 2 2 0 0 1 0 0 1 0 0 0 0 0 0 0 0 0 2 2 2 2 2 0 0 0 0 0 0 0 0 0 0 0 0 0 0 0 3 3 3 3 3
2207.105 643 2  0 2 0 0 0 0 0 0 0 0 0 2 0 0 0 0 2 2 2 2 2 0 0 0 0 0 0 0 0 0 0 0 0 0 0 0 2 2 2 2 2 0 0 0 0 0 0 0 0 0 0 0 0 0 0 0 3 3 3 3 3
2208.002 649 1  2 2 0 0 0 0 0 0 0 0 0 2 0 0 0 0 2 2 2 2 2 0 0 0 0 0 0 0 0 0 0 0 0 0 0 0 2 2 2 2 2 0 0 0 0 0 0 1 0 0 1 0 0 0 0 0 3 3 3 3 3
2208.102 650 2 15 2 0 0 0 0 1 1 1 0 1 2 1 0 1 1 2 2 2 2 2 0 0 1 0 1 1 0 1 0 0 1 0 0 0 0 2 2 2 2 2 0 0 1 0 1 0 0 0 0 0 0 0 0 1 0 3 3 3 3 3
2208.003 651 1  0 2 0 0 0 0 0 0 0 0 0 2 0 0 0 0 2 2 2 2 2 0 0 0 0 0 0 0 0 0 0 0 0 0 0 0 2 2 2 2 2 0 0 0 0 0 0 0 0 0 0 0 0 0 0 0 3 3 3 3 3
2208.103 652 2  5 2 0 0 0 1 0 0 0 0 1 2 0 0 0 0 2 2 2 2 2 0 0 0 0 0 0 0 0 0 0 1 0 0 0 0 2 2 2 2 2 0 0 1 1 0 0 0 0 0 0 0 0 0 0 0 3 3 3 3 3
2208.004 653 1  1 2 0 0 0 0 0 0 0 0 0 2 0 0 0 0 2 2 2 2 2 0 0 1 0 0 0 0 0 0 0 0 0 0 0 0 2 2 2 2 2 0 0 0 0 0 0 0 0 0 0 0 0 0 0 0 3 3 3 3 3
2208.104 654 2  4 2 0 0 0 0 0 0 0 0 1 2 1 0 0 0 2 2 2 2 2 0 0 0 0 0 0 0 0 0 0 0 0 0 0 0 2 2 2 2 2 0 0 1 0 1 0 0 0 0 0 0 0 0 0 0 3 3 3 3 3
2208.005 655 1  0 2 0 0 0 0 0 0 0 0 0 2 0 0 0 0 2 2 2 2 2 0 0 0 0 0 0 0 0 0 0 0 0 0 0 0 2 2 2 2 2 0 0 0 0 0 0 0 0 0 0 0 0 0 0 0 3 3 3 3 3
2208.105 656 2  9 2 0 0 0 0 1 0 0 0 1 2 0 0 1 1 2 2 2 2 2 0 1 0 0 1 0 0 0 0 0 1 0 0 0 0 2 2 2 2 2 0 0 1 0 0 0 0 0 0 0 0 0 0 1 0 3 3 3 3 3
2208.006 657 1  0 2 0 0 0 0 0 0 0 0 0 2 0 0 0 0 2 2 2 2 2 0 0 0 0 0 0 0 0 0 0 0 0 0 0 0 2 2 2 2 2 0 0 0 0 0 0 0 0 0 0 0 0 0 0 0 3 3 3 3 3
2208.106 658 2 15 2 0 0 0 0 0 1 1 0 1 2 1 0 1 1 2 2 2 2 2 0 1 1 0 1 0 0 1 0 0 1 0 0 0 1 2 2 2 2 2 0 0 1 0 0 0 1 0 0 0 0 0 0 1 0 3 3 3 3 3
2208.007 659 1  0 2 0 0 0 0 0 0 0 0 0 2 0 0 0 0 2 2 2 2 2 0 0 0 0 0 0 0 0 0 0 0 0 0 0 0 2 2 2 2 2 0 0 0 0 0 0 0 0 0 0 0 0 0 0 0 3 3 3 3 3
2208.107 660 2  2 2 0 0 0 0 0 0 0 0 0 2 0 0 0 0 2 2 2 2 2 0 0 0 0 0 0 0 0 0 0 1 0 0 0 0 2 2 2 2 2 0 0 1 0 0 0 0 0 0 0 0 0 0 0 0 3 3 3 3 3
2210.002 664 1  3 2 1 0 0 0 0 0 0 0 0 2 0 0 0 0 2 2 2 2 2 0 0 0 0 0 0 0 0 0 0 0 1 0 0 0 2 2 2 2 2 0 0 0 0 0 0 0 0 0 1 0 0 0 0 0 3 3 3 3 3
2211.002 667 1 16 2 0 0 0 0 0 1 0 0 0 2 0 1 1 0 2 2 2 2 2 0 0 0 0 0 0 0 0 0 0 0 0 0 0 1 2 2 2 2 2 0 1 1 1 1 0 1 0 1 1 1 1 1 1 1 3 3 3 3 3
2211.101 668 2  0 2 0 0 0 0 0 0 0 0 0 2 0 0 0 0 2 2 2 2 2 0 0 0 0 0 0 0 0 0 0 0 0 0 0 0 2 2 2 2 2 0 0 0 0 0 0 0 0 0 0 0 0 0 0 0 3 3 3 3 3
2212.002 670 1 10 2 0 0 1 1 0 0 0 0 0 2 0 0 0 0 2 2 2 2 2 0 0 1 0 0 0 0 0 0 1 1 1 0 0 0 2 2 2 2 2 0 0 0 0 1 0 0 0 1 0 0 0 0 1 1 3 3 3 3 3
2212.101 671 2  0 2 0 0 0 0 0 0 0 0 0 2 0 0 0 0 2 2 2 2 2 0 0 0 0 0 0 0 0 0 0 0 0 0 0 0 2 2 2 2 2 0 0 0 0 0 0 0 0 0 0 0 0 0 0 0 3 3 3 3 3
2212.003 672 1  4 2 0 0 0 0 0 0 1 0 1 2 0 0 0 0 2 2 2 2 2 0 0 0 0 0 0 0 0 0 0 0 0 0 0 0 2 2 2 2 2 0 1 0 0 0 0 0 0 0 0 0 1 0 0 0 3 3 3 3 3
2212.102 673 2  0 2 0 0 0 0 0 0 0 0 0 2 0 0 0 0 2 2 2 2 2 0 0 0 0 0 0 0 0 0 0 0 0 0 0 0 2 2 2 2 2 0 0 0 0 0 0 0 0 0 0 0 0 0 0 0 3 3 3 3 3
2212.004 674 1  0 2 0 0 0 0 0 0 0 0 0 2 0 0 0 0 2 2 2 2 2 0 0 0 0 0 0 0 0 0 0 0 0 0 0 0 2 2 2 2 2 0 0 0 0 0 0 0 0 0 0 0 0 0 0 0 3 3 3 3 3
2212.103 675 2  4 2 1 1 0 0 1 0 0 0 0 2 0 0 0 0 2 2 2 2 2 0 1 0 0 0 0 0 0 0 0 0 0 0 0 0 2 2 2 2 2 0 0 0 0 0 0 0 0 0 0 0 0 0 0 0 3 3 3 3 3
2212.007 676 1  0 2 0 0 0 0 0 0 0 0 0 2 0 0 0 0 2 2 2 2 2 0 0 0 0 0 0 0 0 0 0 0 0 0 0 0 2 2 2 2 2 0 0 0 0 0 0 0 0 0 0 0 0 0 0 0 3 3 3 3 3
2212.105 677 2  0 2 0 0 0 0 0 0 0 0 0 2 0 0 0 0 2 2 2 2 2 0 0 0 0 0 0 0 0 0 0 0 0 0 0 0 2 2 2 2 2 0 0 0 0 0 0 0 0 0 0 0 0 0 0 0 3 3 3 3 3
2212.008 678 1  0 2 0 0 0 0 0 0 0 0 0 2 0 0 0 0 2 2 2 2 2 0 0 0 0 0 0 0 0 0 0 0 0 0 0 0 2 2 2 2 2 0 0 0 0 0 0 0 0 0 0 0 0 0 0 0 3 3 3 3 3
2212.106 679 2  1 2 0 0 0 0 0 0 0 0 0 2 0 0 0 0 2 2 2 2 2 0 0 0 0 0 0 0 0 0 0 0 0 0 0 0 2 2 2 2 2 0 0 0 0 0 0 1 0 0 0 0 0 0 0 0 3 3 3 3 3
2215.101 681 2  2 2 0 0 0 0 0 0 0 0 0 2 1 0 0 0 2 2 2 2 2 0 0 0 0 0 0 0 0 0 0 0 0 0 0 0 2 2 2 2 2 0 0 0 0 0 0 0 0 0 0 1 0 0 0 0 3 3 3 3 3
2215.001 682 1  2 2 0 0 0 0 0 0 0 0 0 2 0 0 0 0 2 2 2 2 2 0 0 0 0 0 0 0 0 0 0 0 0 0 0 1 2 2 2 2 2 0 0 0 0 0 0 0 0 0 0 0 1 0 0 0 3 3 3 3 3
2216.101 683 2  0 2 0 0 0 0 0 0 0 0 0 2 0 0 0 0 2 2 2 2 2 0 0 0 0 0 0 0 0 0 0 0 0 0 0 0 2 2 2 2 2 0 0 0 0 0 0 0 0 0 0 0 0 0 0 0 3 3 3 3 3
2216.001 684 1  2 2 0 0 0 0 0 0 0 0 0 2 0 0 0 0 2 2 2 2 2 0 0 0 0 0 0 0 0 0 0 0 0 0 1 0 2 2 2 2 2 0 0 0 1 0 0 0 0 0 0 0 0 0 0 0 3 3 3 3 3
2216.102 685 2  0 2 0 0 0 0 0 0 0 0 0 2 0 0 0 0 2 2 2 2 2 0 0 0 0 0 0 0 0 0 0 0 0 0 0 0 2 2 2 2 2 0 0 0 0 0 0 0 0 0 0 0 0 0 0 0 3 3 3 3 3
2218.101 687 2  3 2 0 0 0 0 0 0 0 0 0 2 0 0 0 0 2 2 2 2 2 0 0 0 0 0 0 0 0 0 0 0 0 0 1 1 2 2 2 2 2 0 0 0 0 0 0 0 0 0 0 0 0 0 0 1 3 3 3 3 3
2218.002 688 1 12 2 0 0 1 0 0 0 0 0 1 2 1 0 1 0 2 2 2 2 2 0 0 0 0 1 0 0 1 0 0 0 0 0 1 0 2 2 2 2 2 0 0 0 1 0 1 0 1 0 0 1 0 0 1 0 3 3 3 3 3
2222.101 691 2  0 2 0 0 0 0 0 0 0 0 0 2 0 0 0 0 2 2 2 2 2 0 0 0 0 0 0 0 0 0 0 0 0 0 0 0 2 2 2 2 2 0 0 0 0 0 0 0 0 0 0 0 0 0 0 0 3 3 3 3 3
2222.002 692 1  5 2 0 0 0 0 0 0 0 0 0 2 0 0 0 0 2 2 2 2 2 0 0 0 0 0 0 0 0 0 0 1 0 1 0 0 2 2 2 2 2 0 0 0 0 0 0 0 0 0 0 1 0 1 0 1 3 3 3 3 3
2222.102 693 2  0 2 0 0 0 0 0 0 0 0 0 2 0 0 0 0 2 2 2 2 2 0 0 0 0 0 0 0 0 0 0 0 0 0 0 0 2 2 2 2 2 0 0 0 0 0 0 0 0 0 0 0 0 0 0 0 3 3 3 3 3
2222.003 694 1  0 2 0 0 0 0 0 0 0 0 0 2 0 0 0 0 2 2 2 2 2 0 0 0 0 0 0 0 0 0 0 0 0 0 0 0 2 2 2 2 2 0 0 0 0 0 0 0 0 0 0 0 0 0 0 0 3 3 3 3 3
2222.103 695 2  0 2 0 0 0 0 0 0 0 0 0 2 0 0 0 0 2 2 2 2 2 0 0 0 0 0 0 0 0 0 0 0 0 0 0 0 2 2 2 2 2 0 0 0 0 0 0 0 0 0 0 0 0 0 0 0 3 3 3 3 3
2222.004 696 1  0 2 0 0 0 0 0 0 0 0 0 2 0 0 0 0 2 2 2 2 2 0 0 0 0 0 0 0 0 0 0 0 0 0 0 0 2 2 2 2 2 0 0 0 0 0 0 0 0 0 0 0 0 0 0 0 3 3 3 3 3
2224.101 708 2  1 2 0 0 0 0 0 0 0 0 0 2 1 0 0 0 2 2 2 2 2 0 0 0 0 0 0 0 0 0 0 0 0 0 0 0 2 2 2 2 2 0 0 0 0 0 0 0 0 0 0 0 0 0 0 0 3 3 3 3 3
2224.002 709 1  1 2 0 0 0 0 0 0 0 1 0 2 0 0 0 0 2 2 2 2 2 0 0 0 0 0 0 0 0 0 0 0 0 0 0 0 2 2 2 2 2 0 0 0 0 0 0 0 0 0 0 0 0 0 0 0 3 3 3 3 3
2226.102 712 2  0 2 0 0 0 0 0 0 0 0 0 2 0 0 0 0 2 2 2 2 2 0 0 0 0 0 0 0 0 0 0 0 0 0 0 0 2 2 2 2 2 0 0 0 0 0 0 0 0 0 0 0 0 0 0 0 3 3 3 3 3
2226.002 713 1 12 2 0 1 0 0 0 1 0 0 0 2 0 0 0 0 2 2 2 2 2 0 1 0 1 0 1 1 1 0 1 0 0 1 0 0 2 2 2 2 2 0 0 0 1 0 0 0 0 0 1 0 0 0 0 1 3 3 3 3 3
2228.101 715 2  1 2 0 0 0 0 0 0 0 0 0 2 0 0 0 0 2 2 2 2 2 0 0 0 0 0 0 0 0 0 0 0 1 0 0 0 2 2 2 2 2 0 0 0 0 0 0 0 0 0 0 0 0 0 0 0 3 3 3 3 3
2233.101 718 2  1 2 0 0 0 0 0 0 0 0 0 2 1 0 0 0 2 2 2 2 2 0 0 0 0 0 0 0 0 0 0 0 0 0 0 0 2 2 2 2 2 0 0 0 0 0 0 0 0 0 0 0 0 0 0 0 3 3 3 3 3
2233.002 719 1  2 2 0 0 0 0 0 0 0 0 0 2 0 0 0 0 2 2 2 2 2 0 0 0 0 0 0 0 0 0 0 0 0 0 0 0 2 2 2 2 2 0 0 0 0 0 0 1 0 1 0 0 0 0 0 0 3 3 3 3 3
2233.102 720 2  0 2 0 0 0 0 0 0 0 0 0 2 0 0 0 0 2 2 2 2 2 0 0 0 0 0 0 0 0 0 0 0 0 0 0 0 2 2 2 2 2 0 0 0 0 0 0 0 0 0 0 0 0 0 0 0 3 3 3 3 3
2233.003 721 1  0 2 0 0 0 0 0 0 0 0 0 2 0 0 0 0 2 2 2 2 2 0 0 0 0 0 0 0 0 0 0 0 0 0 0 0 2 2 2 2 2 0 0 0 0 0 0 0 0 0 0 0 0 0 0 0 3 3 3 3 3
2233.103 722 2  1 2 0 0 0 1 0 0 0 0 0 2 0 0 0 0 2 2 2 2 2 0 0 0 0 0 0 0 0 0 0 0 0 0 0 0 2 2 2 2 2 0 0 0 0 0 0 0 0 0 0 0 0 0 0 0 3 3 3 3 3
2233.004 723 1  0 2 0 0 0 0 0 0 0 0 0 2 0 0 0 0 2 2 2 2 2 0 0 0 0 0 0 0 0 0 0 0 0 0 0 0 2 2 2 2 2 0 0 0 0 0 0 0 0 0 0 0 0 0 0 0 3 3 3 3 3
2235.002 725 1  1 2 0 0 0 0 0 0 0 0 0 2 0 0 0 0 2 2 2 2 2 0 0 0 0 0 0 0 0 0 0 0 0 0 0 0 2 2 2 2 2 0 0 0 0 0 0 0 0 0 0 0 0 1 0 0 3 3 3 3 3
2235.101 726 2  1 2 0 0 0 0 0 0 0 0 0 2 0 0 0 1 2 2 2 2 2 0 0 0 0 0 0 0 0 0 0 0 0 0 0 0 2 2 2 2 2 0 0 0 0 0 0 0 0 0 0 0 0 0 0 0 3 3 3 3 3
2235.003 728 1  1 2 0 0 0 0 0 0 0 0 0 2 0 0 0 0 2 2 2 2 2 0 0 0 0 0 0 0 0 0 0 0 0 0 0 0 2 2 2 2 2 0 0 0 0 0 0 0 0 0 0 1 0 0 0 0 3 3 3 3 3
2244.101 732 2  5 2 1 0 0 0 0 0 0 0 0 2 1 0 0 0 2 2 2 2 2 0 0 0 0 0 1 0 0 0 0 0 0 0 0 0 2 2 2 2 2 1 0 0 0 1 0 0 0 0 0 0 0 0 0 0 3 3 3 3 3
2244.002 733 1  7 2 0 0 0 0 0 0 0 0 0 2 1 0 0 0 2 2 2 2 2 0 0 0 0 0 0 0 0 1 0 0 0 0 1 0 2 2 2 2 2 0 1 0 0 0 0 1 0 0 0 0 0 1 0 1 3 3 3 3 3
2244.003 734 1  1 2 0 0 0 0 0 0 0 0 0 2 0 0 0 0 2 2 2 2 2 0 0 0 0 0 0 0 0 0 0 1 0 0 0 0 2 2 2 2 2 0 0 0 0 0 0 0 0 0 0 0 0 0 0 0 3 3 3 3 3
2244.102 735 2 18 2 1 1 1 1 0 1 1 0 0 2 0 1 1 0 2 2 2 2 2 0 1 0 1 0 1 0 0 0 1 0 0 0 0 0 2 2 2 2 2 1 1 0 0 0 1 0 1 1 1 0 0 0 0 0 3 3 3 3 3
2244.004 736 1  3 2 0 0 0 0 0 0 0 0 0 2 0 0 0 0 2 2 2 2 2 0 0 0 0 0 0 0 0 0 0 1 0 0 1 0 2 2 2 2 2 0 1 0 0 0 0 0 0 0 0 0 0 0 0 0 3 3 3 3 3
2244.103 737 2 16 2 1 0 0 1 1 0 0 1 0 2 0 1 1 0 2 2 2 2 2 0 0 0 0 0 1 0 0 1 0 0 0 1 0 0 2 2 2 2 2 1 1 0 0 0 1 0 0 1 1 0 0 1 1 0 3 3 3 3 3
2244.005 738 1  1 2 0 0 0 0 0 0 0 0 0 2 0 0 0 0 2 2 2 2 2 0 0 0 0 0 0 0 0 0 0 1 0 0 0 0 2 2 2 2 2 0 0 0 0 0 0 0 0 0 0 0 0 0 0 0 3 3 3 3 3
2244.104 739 2  5 2 1 0 0 1 0 0 0 0 0 2 0 1 0 0 2 2 2 2 2 0 0 0 0 1 0 0 0 0 0 0 0 0 0 0 2 2 2 2 2 0 0 0 0 0 0 0 0 0 0 0 0 1 0 0 3 3 3 3 3
2246.002 741 1 11 2 0 1 0 0 0 1 0 0 0 2 0 0 0 0 2 2 2 2 2 0 1 0 0 0 0 0 0 0 0 0 0 0 0 1 2 2 2 2 2 1 0 1 1 0 1 0 0 1 0 0 1 0 0 1 3 3 3 3 3
2246.101 742 2  1 2 0 0 0 0 0 0 0 0 0 2 1 0 0 0 2 2 2 2 2 0 0 0 0 0 0 0 0 0 0 0 0 0 0 0 2 2 2 2 2 0 0 0 0 0 0 0 0 0 0 0 0 0 0 0 3 3 3 3 3
2246.003 743 1  0 2 0 0 0 0 0 0 0 0 0 2 0 0 0 0 2 2 2 2 2 0 0 0 0 0 0 0 0 0 0 0 0 0 0 0 2 2 2 2 2 0 0 0 0 0 0 0 0 0 0 0 0 0 0 0 3 3 3 3 3
2246.102 744 2  1 2 0 0 0 0 0 0 0 0 0 2 0 1 0 0 2 2 2 2 2 0 0 0 0 0 0 0 0 0 0 0 0 0 0 0 2 2 2 2 2 0 0 0 0 0 0 0 0 0 0 0 0 0 0 0 3 3 3 3 3
2246.103 745 2  0 2 0 0 0 0 0 0 0 0 0 2 0 0 0 0 2 2 2 2 2 0 0 0 0 0 0 0 0 0 0 0 0 0 0 0 2 2 2 2 2 0 0 0 0 0 0 0 0 0 0 0 0 0 0 0 3 3 3 3 3
2246.004 746 1  9 2 0 0 0 0 1 0 0 0 0 2 0 0 0 0 2 2 2 2 2 0 0 0 0 0 0 0 0 1 1 0 0 1 0 0 2 2 2 2 2 0 0 1 0 0 1 0 0 1 1 0 0 1 0 0 3 3 3 3 3
2251.101 748 2  3 2 0 0 0 0 0 0 0 0 0 2 1 0 0 0 2 2 2 2 2 0 0 0 0 0 0 0 0 0 0 0 0 0 0 0 2 2 2 2 2 0 0 1 0 0 0 0 0 0 0 0 1 0 0 0 3 3 3 3 3
2251.001 749 1  2 2 0 0 0 0 0 0 0 0 0 2 0 0 0 0 2 2 2 2 2 0 0 0 0 0 0 0 0 0 0 0 0 0 0 0 2 2 2 2 2 0 0 0 0 0 0 0 0 0 1 0 0 0 1 0 3 3 3 3 3
2251.102 750 2 10 2 0 1 0 1 1 0 0 0 1 2 0 0 0 0 2 2 2 2 2 0 1 1 0 0 0 0 0 0 0 0 0 1 0 0 2 2 2 2 2 0 0 0 0 1 0 0 0 1 0 0 0 1 0 0 3 3 3 3 3
2251.002 751 1  0 2 0 0 0 0 0 0 0 0 0 2 0 0 0 0 2 2 2 2 2 0 0 0 0 0 0 0 0 0 0 0 0 0 0 0 2 2 2 2 2 0 0 0 0 0 0 0 0 0 0 0 0 0 0 0 3 3 3 3 3
2251.003 752 1  0 2 0 0 0 0 0 0 0 0 0 2 0 0 0 0 2 2 2 2 2 0 0 0 0 0 0 0 0 0 0 0 0 0 0 0 2 2 2 2 2 0 0 0 0 0 0 0 0 0 0 0 0 0 0 0 3 3 3 3 3
2251.103 753 2  0 2 0 0 0 0 0 0 0 0 0 2 0 0 0 0 2 2 2 2 2 0 0 0 0 0 0 0 0 0 0 0 0 0 0 0 2 2 2 2 2 0 0 0 0 0 0 0 0 0 0 0 0 0 0 0 3 3 3 3 3
2251.004 754 1  0 2 0 0 0 0 0 0 0 0 0 2 0 0 0 0 2 2 2 2 2 0 0 0 0 0 0 0 0 0 0 0 0 0 0 0 2 2 2 2 2 0 0 0 0 0 0 0 0 0 0 0 0 0 0 0 3 3 3 3 3
2251.005 755 1  0 2 0 0 0 0 0 0 0 0 0 2 0 0 0 0 2 2 2 2 2 0 0 0 0 0 0 0 0 0 0 0 0 0 0 0 2 2 2 2 2 0 0 0 0 0 0 0 0 0 0 0 0 0 0 0 3 3 3 3 3
2251.104 757 2  0 2 0 0 0 0 0 0 0 0 0 2 0 0 0 0 2 2 2 2 2 0 0 0 0 0 0 0 0 0 0 0 0 0 0 0 2 2 2 2 2 0 0 0 0 0 0 0 0 0 0 0 0 0 0 0 3 3 3 3 3
2257.004 766 1  2 2 0 0 0 0 0 0 0 0 0 2 0 0 0 0 2 2 2 2 2 0 0 0 0 0 0 0 0 0 0 0 0 0 0 0 2 2 2 2 2 0 1 0 0 0 0 0 0 0 0 0 0 0 0 1 3 3 3 3 3
2257.102 767 2  3 2 1 0 0 0 0 0 0 0 0 2 1 1 0 0 2 2 2 2 2 0 0 0 0 0 0 0 0 0 0 0 0 0 0 0 2 2 2 2 2 0 0 0 0 0 0 0 0 0 0 0 0 0 0 0 3 3 3 3 3
2257.103 768 2  1 2 0 0 0 0 0 0 0 0 0 2 1 0 0 0 2 2 2 2 2 0 0 0 0 0 0 0 0 0 0 0 0 0 0 0 2 2 2 2 2 0 0 0 0 0 0 0 0 0 0 0 0 0 0 0 3 3 3 3 3
2258.102 771 2  2 2 0 0 0 0 0 0 0 0 0 2 1 0 0 0 2 2 2 2 2 0 0 0 0 0 0 0 0 0 0 0 0 0 0 0 2 2 2 2 2 0 0 0 0 0 1 0 0 0 0 0 0 0 0 0 3 3 3 3 3
2258.002 773 1  1 2 0 0 0 0 0 0 0 0 0 2 1 0 0 0 2 2 2 2 2 0 0 0 0 0 0 0 0 0 0 0 0 0 0 0 2 2 2 2 2 0 0 0 0 0 0 0 0 0 0 0 0 0 0 0 3 3 3 3 3
2258.103 774 2  2 2 0 0 0 0 0 0 0 0 0 2 1 0 0 0 2 2 2 2 2 0 0 0 0 0 0 0 0 0 0 0 0 0 0 0 2 2 2 2 2 0 0 0 0 0 1 0 0 0 0 0 0 0 0 0 3 3 3 3 3
2258.003 775 1  0 2 0 0 0 0 0 0 0 0 0 2 0 0 0 0 2 2 2 2 2 0 0 0 0 0 0 0 0 0 0 0 0 0 0 0 2 2 2 2 2 0 0 0 0 0 0 0 0 0 0 0 0 0 0 0 3 3 3 3 3
2258.004 776 1  0 2 0 0 0 0 0 0 0 0 0 2 0 0 0 0 2 2 2 2 2 0 0 0 0 0 0 0 0 0 0 0 0 0 0 0 2 2 2 2 2 0 0 0 0 0 0 0 0 0 0 0 0 0 0 0 3 3 3 3 3
2258.104 777 2  1 2 0 0 0 0 0 0 0 0 0 2 1 0 0 0 2 2 2 2 2 0 0 0 0 0 0 0 0 0 0 0 0 0 0 0 2 2 2 2 2 0 0 0 0 0 0 0 0 0 0 0 0 0 0 0 3 3 3 3 3
2265.101 790 2  3 2 0 0 0 0 0 0 0 0 0 2 1 1 1 0 2 2 2 2 2 0 0 0 0 0 0 0 0 0 0 0 0 0 0 0 2 2 2 2 2 0 0 0 0 0 0 0 0 0 0 0 0 0 0 0 3 3 3 3 3
2265.001 791 1  4 2 1 0 0 0 0 0 0 0 0 2 0 0 0 0 2 2 2 2 2 0 0 0 0 0 0 0 0 0 0 1 0 0 0 0 2 2 2 2 2 0 0 0 0 0 0 0 0 0 1 0 0 0 0 1 3 3 3 3 3
2265.002 792 1  1 2 0 0 0 0 0 0 0 0 0 2 0 0 0 0 2 2 2 2 2 0 0 0 0 0 0 0 0 0 0 0 0 0 0 0 2 2 2 2 2 0 0 0 0 0 0 0 0 0 1 0 0 0 0 0 3 3 3 3 3
2265.102 793 2  5 2 0 0 0 0 0 0 0 0 0 2 1 1 1 0 2 2 2 2 2 0 0 0 0 0 0 0 0 0 0 0 0 0 1 0 2 2 2 2 2 0 0 0 0 1 0 0 0 0 0 0 0 0 0 0 3 3 3 3 3
2266.004 799 1  3 2 0 0 0 0 0 0 0 0 0 2 1 0 0 0 2 2 2 2 2 0 0 0 0 0 0 0 0 0 0 0 0 0 0 1 2 2 2 2 2 0 0 0 0 0 0 0 0 0 0 0 1 0 0 0 3 3 3 3 3
2266.103 800 2  2 2 0 0 0 0 0 1 0 0 0 2 1 0 0 0 2 2 2 2 2 0 0 0 0 0 0 0 0 0 0 0 0 0 0 0 2 2 2 2 2 0 0 0 0 0 0 0 0 0 0 0 0 0 0 0 3 3 3 3 3
2266.005 801 1  2 2 0 0 0 0 0 0 0 0 0 2 1 0 0 0 2 2 2 2 2 0 0 0 0 0 0 0 0 0 0 0 0 0 0 0 2 2 2 2 2 0 0 0 0 0 0 0 0 0 0 0 1 0 0 0 3 3 3 3 3
2266.006 802 1  3 2 0 1 0 0 0 0 0 0 0 2 1 0 0 0 2 2 2 2 2 0 0 0 0 0 0 0 0 0 0 0 0 0 0 0 2 2 2 2 2 0 0 0 0 0 0 0 0 0 0 0 1 0 0 0 3 3 3 3 3
2266.104 803 2  1 2 0 0 0 0 0 0 0 0 0 2 1 0 0 0 2 2 2 2 2 0 0 0 0 0 0 0 0 0 0 0 0 0 0 0 2 2 2 2 2 0 0 0 0 0 0 0 0 0 0 0 0 0 0 0 3 3 3 3 3
2266.007 804 1  2 2 0 0 0 0 0 0 0 0 0 2 1 0 0 0 2 2 2 2 2 0 0 0 0 0 0 0 0 0 0 0 0 0 0 0 2 2 2 2 2 0 0 0 0 0 0 0 0 0 0 0 1 0 0 0 3 3 3 3 3
2266.105 805 2  1 2 0 0 0 0 0 0 0 0 0 2 1 0 0 0 2 2 2 2 2 0 0 0 0 0 0 0 0 0 0 0 0 0 0 0 2 2 2 2 2 0 0 0 0 0 0 0 0 0 0 0 0 0 0 0 3 3 3 3 3
2268.002 808 1 13 2 0 0 0 1 0 0 0 0 0 2 1 0 1 0 2 2 2 2 2 0 1 0 1 0 0 0 1 1 0 1 0 1 0 1 2 2 2 2 2 0 0 0 0 1 0 0 0 0 0 0 0 1 1 0 3 3 3 3 3
2268.102 809 2  1 2 0 0 0 0 0 0 0 0 0 2 1 0 0 0 2 2 2 2 2 0 0 0 0 0 0 0 0 0 0 0 0 0 0 0 2 2 2 2 2 0 0 0 0 0 0 0 0 0 0 0 0 0 0 0 3 3 3 3 3
2269.002 812 1 32 2 1 1 1 0 1 1 1 0 0 2 1 1 0 1 2 2 2 2 2 0 1 1 1 1 0 1 1 1 0 1 1 1 1 1 2 2 2 2 2 0 1 0 0 1 1 1 1 1 1 1 0 1 1 1 3 3 3 3 3
2269.102 813 2  1 2 0 0 0 0 0 0 0 0 0 2 1 0 0 0 2 2 2 2 2 0 0 0 0 0 0 0 0 0 0 0 0 0 0 0 2 2 2 2 2 0 0 0 0 0 0 0 0 0 0 0 0 0 0 0 3 3 3 3 3
2269.003 814 1 19 2 1 0 1 0 1 1 0 0 0 2 1 0 0 1 2 2 2 2 2 0 1 1 0 0 0 0 0 1 0 1 1 0 0 1 2 2 2 2 2 0 1 0 0 1 1 0 1 1 0 1 0 0 1 0 3 3 3 3 3
2269.004 815 1 20 2 1 0 1 0 1 1 1 0 0 2 1 0 0 1 2 2 2 2 2 0 1 1 1 0 0 0 0 0 0 0 0 0 1 1 2 2 2 2 2 0 1 0 0 1 1 1 1 1 0 1 0 0 1 0 3 3 3 3 3
2269.103 816 2  1 2 0 0 0 0 0 0 0 0 0 2 1 0 0 0 2 2 2 2 2 0 0 0 0 0 0 0 0 0 0 0 0 0 0 0 2 2 2 2 2 0 0 0 0 0 0 0 0 0 0 0 0 0 0 0 3 3 3 3 3
2275.102 823 2  1 2 0 0 0 0 0 0 0 0 0 2 1 0 0 0 2 2 2 2 2 0 0 0 0 0 0 0 0 0 0 0 0 0 0 0 2 2 2 2 2 0 0 0 0 0 0 0 0 0 0 0 0 0 0 0 3 3 3 3 3
2275.002 824 1  4 2 0 0 0 0 0 0 0 0 0 2 0 0 0 0 2 2 2 2 2 1 1 0 0 1 0 0 0 0 0 0 1 0 0 0 2 2 2 2 2 0 0 0 0 0 0 0 0 0 0 0 0 0 0 0 3 3 3 3 3
2275.003 825 1  5 2 0 0 0 0 0 0 0 0 0 2 0 0 0 0 2 2 2 2 2 1 1 0 1 1 0 0 0 0 0 0 1 0 0 0 2 2 2 2 2 0 0 0 0 0 0 0 0 0 0 0 0 0 0 0 3 3 3 3 3
2275.103 826 2  0 2 0 0 0 0 0 0 0 0 0 2 0 0 0 0 2 2 2 2 2 0 0 0 0 0 0 0 0 0 0 0 0 0 0 0 2 2 2 2 2 0 0 0 0 0 0 0 0 0 0 0 0 0 0 0 3 3 3 3 3
2275.004 827 1  3 2 0 0 0 0 0 0 0 0 0 2 0 0 0 0 2 2 2 2 2 0 0 0 1 0 0 0 1 0 0 0 0 1 0 0 2 2 2 2 2 0 0 0 0 0 0 0 0 0 0 0 0 0 0 0 3 3 3 3 3
2275.104 828 2  0 2 0 0 0 0 0 0 0 0 0 2 0 0 0 0 2 2 2 2 2 0 0 0 0 0 0 0 0 0 0 0 0 0 0 0 2 2 2 2 2 0 0 0 0 0 0 0 0 0 0 0 0 0 0 0 3 3 3 3 3
2277.002 838 1  6 2 1 1 0 0 1 0 0 1 0 2 0 0 0 0 2 2 2 2 2 0 0 0 0 0 0 0 0 0 0 0 0 0 1 1 2 2 2 2 2 0 0 0 0 0 0 0 0 0 0 0 0 0 0 0 3 3 3 3 3
2277.101 840 2  2 2 0 0 0 0 0 0 0 0 0 2 1 0 0 0 2 2 2 2 2 0 0 0 1 0 0 0 0 0 0 0 0 0 0 0 2 2 2 2 2 0 0 0 0 0 0 0 0 0 0 0 0 0 0 0 3 3 3 3 3
2277.001 841 1  5 2 0 1 0 0 1 0 0 1 0 2 1 0 0 0 2 2 2 2 2 0 0 0 0 0 0 0 0 0 0 0 0 0 1 0 2 2 2 2 2 0 0 0 0 0 0 0 0 0 0 0 0 0 0 0 3 3 3 3 3
2277.102 842 2  1 2 0 0 0 0 0 0 0 0 0 2 1 0 0 0 2 2 2 2 2 0 0 0 0 0 0 0 0 0 0 0 0 0 0 0 2 2 2 2 2 0 0 0 0 0 0 0 0 0 0 0 0 0 0 0 3 3 3 3 3
2277.002 843 1  6 2 1 1 0 0 1 0 0 1 0 2 1 0 0 0 2 2 2 2 2 0 0 0 0 0 0 0 0 0 0 0 0 0 1 0 2 2 2 2 2 0 0 0 0 0 0 0 0 0 0 0 0 0 0 0 3 3 3 3 3
2277.103 844 2  2 2 0 0 0 0 0 0 0 0 0 2 1 1 0 0 2 2 2 2 2 0 0 0 0 0 0 0 0 0 0 0 0 0 0 0 2 2 2 2 2 0 0 0 0 0 0 0 0 0 0 0 0 0 0 0 3 3 3 3 3
2277.003 845 1  4 2 0 1 0 0 0 0 0 1 0 2 1 0 0 0 2 2 2 2 2 0 0 0 0 0 0 0 0 0 0 0 0 0 1 0 2 2 2 2 2 0 0 0 0 0 0 0 0 0 0 0 0 0 0 0 3 3 3 3 3
2277.104 847 2  1 2 0 0 0 0 0 0 0 0 0 2 0 0 0 0 2 2 2 2 2 0 0 0 0 0 0 0 0 0 0 0 0 0 0 0 2 2 2 2 2 0 0 0 0 0 0 0 1 0 0 0 0 0 0 0 3 3 3 3 3
2281.101 850 2  5 2 0 1 1 1 0 0 0 0 0 2 0 0 0 0 2 2 2 2 2 0 0 0 0 1 1 0 0 0 0 0 0 0 0 0 2 2 2 2 2 0 0 0 0 0 0 0 0 0 0 0 0 0 0 0 3 3 3 3 3
2281.002 851 1  2 2 0 0 0 0 0 0 0 0 0 2 0 0 0 0 2 2 2 2 2 0 0 0 0 0 0 0 0 0 0 0 0 0 0 0 2 2 2 2 2 0 0 0 0 1 0 0 0 0 0 0 0 0 0 1 3 3 3 3 3
2281.102 852 2  7 2 0 1 0 1 1 0 1 0 0 2 1 1 0 0 2 2 2 2 2 0 0 0 0 0 1 0 0 0 0 0 0 0 0 0 2 2 2 2 2 0 0 0 0 0 0 0 0 0 0 0 0 0 0 0 3 3 3 3 3
2281.003 853 1  0 2 0 0 0 0 0 0 0 0 0 2 0 0 0 0 2 2 2 2 2 0 0 0 0 0 0 0 0 0 0 0 0 0 0 0 2 2 2 2 2 0 0 0 0 0 0 0 0 0 0 0 0 0 0 0 3 3 3 3 3
2289.101 858 2 10 2 1 0 0 0 0 0 0 0 0 2 1 0 0 0 2 2 2 2 2 0 1 1 0 0 1 0 0 0 0 1 0 0 0 0 2 2 2 2 2 0 0 1 0 1 1 0 0 0 1 0 0 0 0 0 3 3 3 3 3
2289.002 859 1  8 2 0 0 0 1 0 0 1 0 0 2 1 0 0 0 2 2 2 2 2 0 0 0 0 0 0 0 0 0 0 0 1 0 0 0 2 2 2 2 2 0 0 0 1 0 0 0 0 1 1 1 0 0 0 0 3 3 3 3 3
2289.102 860 2  1 2 0 0 0 0 0 0 0 0 0 2 1 0 0 0 2 2 2 2 2 0 0 0 0 0 0 0 0 0 0 0 0 0 0 0 2 2 2 2 2 0 0 0 0 0 0 0 0 0 0 0 0 0 0 0 3 3 3 3 3
2289.003 861 1  2 2 0 0 0 0 0 0 0 0 0 2 1 0 0 0 2 2 2 2 2 0 0 0 0 0 0 0 0 0 0 0 0 0 0 0 2 2 2 2 2 0 0 0 0 0 0 0 0 0 0 1 0 0 0 0 3 3 3 3 3
2289.103 862 2  2 2 0 0 0 0 0 0 0 0 0 2 1 0 0 0 2 2 2 2 2 0 0 0 0 0 0 0 0 0 0 0 0 1 0 0 2 2 2 2 2 0 0 0 0 0 0 0 0 0 0 0 0 0 0 0 3 3 3 3 3
2290.101 864 2  4 2 0 1 0 1 0 0 0 0 0 2 1 0 0 0 2 2 2 2 2 0 0 0 0 0 1 0 0 0 0 0 0 0 0 0 2 2 2 2 2 0 0 0 0 0 0 0 0 0 0 0 0 0 0 0 3 3 3 3 3
2290.002 865 1  8 2 0 0 1 0 1 1 1 0 1 2 0 0 0 1 2 2 2 2 2 0 0 0 0 0 0 0 0 0 0 0 0 0 0 0 2 2 2 2 2 0 0 1 0 0 0 0 0 0 0 0 1 0 0 0 3 3 3 3 3
2290.102 866 2  0 2 0 0 0 0 0 0 0 0 0 2 0 0 0 0 2 2 2 2 2 0 0 0 0 0 0 0 0 0 0 0 0 0 0 0 2 2 2 2 2 0 0 0 0 0 0 0 0 0 0 0 0 0 0 0 3 3 3 3 3
2290.003 867 1  1 2 0 0 0 0 0 0 0 0 0 2 1 0 0 0 2 2 2 2 2 0 0 0 0 0 0 0 0 0 0 0 0 0 0 0 2 2 2 2 2 0 0 0 0 0 0 0 0 0 0 0 0 0 0 0 3 3 3 3 3
2290.103 868 2  2 2 0 1 0 1 0 0 0 0 0 2 0 0 0 0 2 2 2 2 2 0 0 0 0 0 0 0 0 0 0 0 0 0 0 0 2 2 2 2 2 0 0 0 0 0 0 0 0 0 0 0 0 0 0 0 3 3 3 3 3
2290.004 869 1  2 2 1 0 0 0 0 0 0 0 0 2 1 0 0 0 2 2 2 2 2 0 0 0 0 0 0 0 0 0 0 0 0 0 0 0 2 2 2 2 2 0 0 0 0 0 0 0 0 0 0 0 0 0 0 0 3 3 3 3 3
2290.005 870 1  1 2 0 0 0 0 0 0 0 0 0 2 1 0 0 0 2 2 2 2 2 0 0 0 0 0 0 0 0 0 0 0 0 0 0 0 2 2 2 2 2 0 0 0 0 0 0 0 0 0 0 0 0 0 0 0 3 3 3 3 3
2301.003 876 1  1 2 0 0 0 0 0 0 0 0 0 2 0 0 0 0 2 2 2 2 2 0 0 0 0 0 0 0 0 0 0 0 0 0 0 0 2 2 2 2 2 0 0 0 0 0 0 0 0 1 0 0 0 0 0 0 3 3 3 3 3
2301.101 877 2  6 2 1 0 1 1 0 0 0 0 0 2 1 0 0 0 2 2 2 2 2 0 0 1 0 0 0 0 0 0 0 0 0 0 0 0 2 2 2 2 2 0 0 0 0 0 0 0 0 1 0 0 0 0 0 0 3 3 3 3 3
2301.004 878 1  1 2 0 0 0 0 0 0 0 0 0 2 0 0 0 0 2 2 2 2 2 0 0 0 0 0 0 0 0 0 0 0 0 0 0 0 2 2 2 2 2 0 0 0 1 0 0 0 0 0 0 0 0 0 0 0 3 3 3 3 3
2301.102 879 2  2 2 0 0 0 0 0 0 0 0 0 2 1 0 0 0 2 2 2 2 2 0 0 0 0 0 0 0 0 0 0 0 0 0 0 0 2 2 2 2 2 0 0 0 0 1 0 0 0 0 0 0 0 0 0 0 3 3 3 3 3
2301.005 880 1  0 2 0 0 0 0 0 0 0 0 0 2 0 0 0 0 2 2 2 2 2 0 0 0 0 0 0 0 0 0 0 0 0 0 0 0 2 2 2 2 2 0 0 0 0 0 0 0 0 0 0 0 0 0 0 0 3 3 3 3 3
2301.103 881 2  1 2 0 0 0 0 0 0 0 0 0 2 1 0 0 0 2 2 2 2 2 0 0 0 0 0 0 0 0 0 0 0 0 0 0 0 2 2 2 2 2 0 0 0 0 0 0 0 0 0 0 0 0 0 0 0 3 3 3 3 3
2301.006 882 1  0 2 0 0 0 0 0 0 0 0 0 2 0 0 0 0 2 2 2 2 2 0 0 0 0 0 0 0 0 0 0 0 0 0 0 0 2 2 2 2 2 0 0 0 0 0 0 0 0 0 0 0 0 0 0 0 3 3 3 3 3
2301.104 883 2  2 2 0 0 0 0 0 0 0 0 0 2 1 1 0 0 2 2 2 2 2 0 0 0 0 0 0 0 0 0 0 0 0 0 0 0 2 2 2 2 2 0 0 0 0 0 0 0 0 0 0 0 0 0 0 0 3 3 3 3 3
2303.002 908 1  1 2 0 0 0 0 0 0 0 0 0 2 0 0 0 0 2 2 2 2 2 0 0 0 0 0 0 0 0 0 0 0 0 1 0 0 2 2 2 2 2 0 0 0 0 0 0 0 0 0 0 0 0 0 0 0 3 3 3 3 3
2303.102 909 2  1 2 0 0 0 0 0 0 1 0 0 2 0 0 0 0 2 2 2 2 2 0 0 0 0 0 0 0 0 0 0 0 0 0 0 0 2 2 2 2 2 0 0 0 0 0 0 0 0 0 0 0 0 0 0 0 3 3 3 3 3
2303.003 910 1  2 2 0 0 0 0 0 0 0 0 0 2 0 0 0 0 2 2 2 2 2 0 0 0 0 0 0 0 0 0 0 0 0 1 0 0 2 2 2 2 2 0 0 0 0 0 0 0 0 0 1 0 0 0 0 0 3 3 3 3 3
2303.103 911 2  0 2 0 0 0 0 0 0 0 0 0 2 0 0 0 0 2 2 2 2 2 0 0 0 0 0 0 0 0 0 0 0 0 0 0 0 2 2 2 2 2 0 0 0 0 0 0 0 0 0 0 0 0 0 0 0 3 3 3 3 3
2304.001 916 1  4 2 0 0 0 0 0 0 0 0 0 2 0 0 0 0 2 2 2 2 2 0 0 0 0 0 0 0 0 0 0 0 0 0 0 0 2 2 2 2 2 0 0 0 1 1 0 0 0 0 0 1 1 0 0 0 3 3 3 3 3
2304.101 917 2  1 2 0 0 0 0 0 0 0 0 0 2 1 0 0 0 2 2 2 2 2 0 0 0 0 0 0 0 0 0 0 0 0 0 0 0 2 2 2 2 2 0 0 0 0 0 0 0 0 0 0 0 0 0 0 0 3 3 3 3 3
2304.002 918 1  0 2 0 0 0 0 0 0 0 0 0 2 0 0 0 0 2 2 2 2 2 0 0 0 0 0 0 0 0 0 0 0 0 0 0 0 2 2 2 2 2 0 0 0 0 0 0 0 0 0 0 0 0 0 0 0 3 3 3 3 3
2304.102 919 2  1 2 0 0 0 0 0 0 0 0 0 2 1 0 0 0 2 2 2 2 2 0 0 0 0 0 0 0 0 0 0 0 0 0 0 0 2 2 2 2 2 0 0 0 0 0 0 0 0 0 0 0 0 0 0 0 3 3 3 3 3
2304.003 920 1  0 2 0 0 0 0 0 0 0 0 0 2 0 0 0 0 2 2 2 2 2 0 0 0 0 0 0 0 0 0 0 0 0 0 0 0 2 2 2 2 2 0 0 0 0 0 0 0 0 0 0 0 0 0 0 0 3 3 3 3 3
2310.102 930 2  1 2 0 0 0 0 0 0 0 0 0 2 1 0 0 0 2 2 2 2 2 0 0 0 0 0 0 0 0 0 0 0 0 0 0 0 2 2 2 2 2 0 0 0 0 0 0 0 0 0 0 0 0 0 0 0 3 3 3 3 3
2310.001 931 1  1 2 0 0 1 0 0 0 0 0 0 2 0 0 0 0 2 2 2 2 2 0 0 0 0 0 0 0 0 0 0 0 0 0 0 0 2 2 2 2 2 0 0 0 0 0 0 0 0 0 0 0 0 0 0 0 3 3 3 3 3
2311.002 933 1  1 2 0 0 0 0 0 0 0 0 0 2 0 0 0 0 2 2 2 2 2 0 0 0 0 0 0 0 0 0 0 0 0 0 0 0 2 2 2 2 2 0 0 0 0 0 0 0 0 1 0 0 0 0 0 0 3 3 3 3 3
2311.101 934 2  1 2 0 0 0 0 0 0 0 0 0 2 0 0 0 0 2 2 2 2 2 1 0 0 0 0 0 0 0 0 0 0 0 0 0 0 2 2 2 2 2 0 0 0 0 0 0 0 0 0 0 0 0 0 0 0 3 3 3 3 3
2320.005 943 1  0 2 0 0 0 0 0 0 0 0 0 2 0 0 0 0 2 2 2 2 2 0 0 0 0 0 0 0 0 0 0 0 0 0 0 0 2 2 2 2 2 0 0 0 0 0 0 0 0 0 0 0 0 0 0 0 3 3 3 3 3
2320.104 944 2  1 2 0 0 0 0 0 0 0 0 0 2 0 0 0 0 2 2 2 2 2 0 1 0 0 0 0 0 0 0 0 0 0 0 0 0 2 2 2 2 2 0 0 0 0 0 0 0 0 0 0 0 0 0 0 0 3 3 3 3 3
2320.006 945 1  0 2 0 0 0 0 0 0 0 0 0 2 0 0 0 0 2 2 2 2 2 0 0 0 0 0 0 0 0 0 0 0 0 0 0 0 2 2 2 2 2 0 0 0 0 0 0 0 0 0 0 0 0 0 0 0 3 3 3 3 3
2320.105 946 2 10 2 1 0 0 0 1 0 0 0 1 2 0 0 1 0 2 2 2 2 2 0 1 0 0 0 0 0 0 0 1 0 0 0 0 0 2 2 2 2 2 1 1 0 0 0 1 0 0 1 0 0 0 0 0 0 3 3 3 3 3
