  0  0	394.5	-259.6	-4.8		0	0	0
  0  1	394.5	-259.6	-19.7		0	0	0
  0  2	416.5	-206.5	-4.8		0	0	0
  1  0	394.5	-259.6	-21.0		0	0	0
  1  1	394.5	-259.6	-37.3		0	0	0
  1  2	416.5	-206.5	-21.0		0	0	0
  2  0	394.5	-259.6	-38.5		0	0	0
  2  1	394.5	-259.6	-53.4		0	0	0
  2  2	416.5	-206.5	-38.5		0	0	0
  3  0	394.5	-259.6	-55.8		0	0	0
  3  1	394.5	-259.6	-70.7		0	0	0
  3  2  416.5	-206.5	-55.8		0	0	0
  4  0	394.5	-259.6	-105.0		0	0	0
  4  1	394.5	-259.6	-119.9		0	0	0
  4  2	416.5	-206.5	-105.0		0	0	0
  5  0	394.5	-259.6	-121.2		0	0	0
  5  1	394.5	-259.6	-137.5		0	0	0
  5  2	416.5	-206.5	-121.2		0	0	0
  6  0	394.5	-259.6	-138.7		0	0	0
  6  1	394.5	-259.6	-153.6		0	0	0
  6  2	416.5	-206.5	-138.7  	0	0	0
  7  0	394.5	-259.6	-156.0  	0	0	0
  7  1	394.5	-259.6 	-170.9	  	0	0	0
  7  2	416.5	-206.5	-156.0  	0	0	0
