  0  0	400.0	-244.6	-4.8		0	0	0
  0  1	400.0	-244.6	-19.7		0	0	0
  0  2	422.0	-191.5	-4.8		0	0	0
  1  0	400.0	-244.6	-21.0		0	0	0
  1  1	400.0	-244.6	-37.3		0	0	0
  1  2	422.0	-191.5	-21.0		0	0	0
  2  0	400.0	-244.6	-38.5		0	0	0
  2  1	400.0	-244.6	-53.4		0	0	0
  2  2	422.0	-191.5	-38.5		0	0	0
  3  0	400.0	-244.6	-55.8		0	0	0
  3  1	400.0	-244.6	-70.7		0	0	0
  3  2  422.0	-191.5	-55.8		0	0	0
  4  0	400.0	-244.6	-105.0		0	0	0
  4  1	400.0	-244.6	-119.9		0	0	0
  4  2	422.0	-191.5	-105.0		0	0	0
  5  0	400.0	-244.6	-121.2		0	0	0
  5  1	400.0	-244.6	-137.5		0	0	0
  5  2	422.0	-191.5	-121.2		0	0	0
  6  0	400.0	-244.6	-138.7		0	0	0
  6  1	400.0	-244.6	-153.6		0	0	0
  6  2	422.0	-191.5	-138.7  	0	0	0
  7  0	400.0	-244.6	-156.0  	0	0	0
  7  1	400.0	-244.6 	-170.9	  	0	0	0
  7  2	422.0	-191.5	-156.0  	0	0	0
