0  24  48  1
0  24  49  1
0  25  48  1
0  25  49  1
0  26  48  1
0  26  49  1
0  27  48  1
0  27  49  1
0  28  48  1
0  28  49  1
0  29  48  1
0  29  49  1
0  31  63  3
1  15  64  5
2  1  69  2
2  3  67  3
2  6  55  3
2  6  59  3
2  7  58  1
2  7  59  2
2  13  68  1
2  24  28  3
2  24  29  1
2  25  28  1
2  25  29  5
2  26  29  1
2  27  28  1
2  27  29  5
2  28  29  1
2  29  28  2
2  29  29  3
2  30  28  1
2  30  29  5
2  31  29  2
2  32  28  1
2  33  28  3
2  33  29  5
2  34  28  1
2  34  29  5
3  7  44  1
3  7  45  1
3  14  4  5
3  14  60  3
3  14  61  3
3  15  60  3
3  15  61  3
3  16  26  3
3  16  30  3
3  16  31  3
3  16  69  3
3  17  30  3
3  17  31  3
3  18  41  1
3  19  60  3
3  19  61  3
3  20  17  5
3  21  68  3
3  31  9  3
3  31  10  3
3  31  50  1
3  31  66  1
3  32  8  3
3  32  9  3
3  32  10  2
3  32  12  3
3  32  13  3
3  32  14  3
3  32  52  5
3  33  9  3
3  33  10  3
3  33  12  3
3  33  13  3
3  33  14  3
3  34  8  3
3  34  9  3
3  34  10  3
6  26  60  3
6  26  61  3
6  26  63  3
6  26  68  1
6  26  70  3
6  27  59  5
6  27  60  3
6  27  61  3
6  27  62  3
6  27  63  3
6  28  58  3
6  28  59  3
6  28  68  5
6  29  58  3
6  29  59  3
6  34  40  6
7  1  47  5
7  2  58  3
7  2  59  1
7  4  60  5
7  9  52  5
7  9  53  5
7  10  48  5
7  10  49  5
4  1  92  5
4  2  24  1
4  2  39  1
4  7  93  5
4  15  43  6
4  16  90  1
4  17  9  3
4  20  11  1
4  23  34  1
4  24  71  1
4  27  1  1
4  28  3  1
4  34  84  1
4  37  2  1
4  38  1  3
4  38  2  2
4  39  1  3
4  40  20  2
4  40  21  5
4  40  22  3
4  40  23  3
4  41  16  1
4  41  20  2
4  41  21  3
4  41  23  3
4  42  13  1
4  42  20  5
4  43  19  2
4  44  32  5
5  2  6  3
5  2  10  1
5  2  94  5
5  3  85  1
5  4  93  5
5  7  94  5
5  9  53  1
5  12  43  1
5  15  32  3
5  16  15  1
5  17  2  5
5  17  3  3
5  17  68  3
5  18  80  1
5  20  10  3
5  20  11  3
5  21  10  3
5  21  11  3
5  21  48  2
5  22  60  3
5  24  21  5
5  25  47  6
5  26  58  5
5  30  91  5
5  32  13  1
5  33  7  1
5  33  91  1
5  34  36  5
5  37  69  1
5  41  94  5
5  42  4  1
5  42  93  3
5  42  94  3
5  43  31  1
5  43  92  3
5  43  93  2
5  43  94  3
5  44  94  2
5  46  93  1
