116707
116708
116742
116743
116746
116747
116749
116776
116777
116830
116831
116833
116838
116842
116843
116917
116921
116922
116927
116928
116929
116933
117119
117120
117122
117128
117226
117253
117255
117256
117258
117290
117291
117295
117297
117303
117311
117327
117328
117427
117428
117429
117430
117431
117433
117435
117441
117443
117447
117455
117457
117543
117546
117547
117574
117575
117576
117579
117581
117583
117586
117590
117592
117602
117604
117606
117609
117613
117684
117685
117686
117694
117716
117725
117759
117760
117764
117766
117768
117770
117772
117776
117779
117781
117821
117823
117825
117826
117827
117847
117848
117849
117851
117852
117921
117922
117925
117927
118019
118024
118028
118038
118042
118211
118252
118254
