108336
108374
108450
108458
108461
108463
108632
108681
108692
108695
108708
108714
108768
108769
108772
108783
108795
108803
108804
108805
108807
108814
108816
108817
108819
108908
108914
108915
108926
108928
108939
108940
108942
108943
108945
109005
109012
109014
109016
109187
109189
109191
109192
109196
109204
109214
109217
109220
109222
109238
109240
109242
109252
109254
109291
109293
109295
109297
109355
109361
109363
109364
109366
109420
109422
109424
109426
109470
109471
109475
109477
109479
109481
109482
109549
109550
109569
109573
109576
109587
109593
109594
109654
109655
109656
109657
109659
109660
109664
109672
109673
109675
109677
109679
109684
109690
109691
109693
109699
109763
109764
109765
109767
109769
109820
109821
109822
111355
111359
111362
111364
111396
111402
111406
111411
111413
111421
111423
111425
111436
111468
111483
111485
111487
111488
111490
111494
111495
111497
111498
111500
111502
111528
111530
111531
111532
111534
111535
111538
111539
111544
111555
111556
111558
111559
111560
111583
111592
111604
111687
111694
111697
111699
111701
111705
111711
111714
111716
111743
111836
111838
111893
111894
111895
111897
111951
111953
111955
111959
111964
111966
111982
111984
111985
112057
112059
112061
112066
112075
112122
112124
112128
112184
112186
112232
112233
112234
112283
112284
112286
112287
112288
112318
112320
112323
112403
112411
112475
112476
112480
112482
112492
112493
112504
112506
112507
112509
112511
112657
112660
112661
112666
113202
113204
113232
113284
113286
113288
113289
113290
113464
113466
113468
113470
113528
113529
113530
113562
113570
113573
113574
113575
113580
113688
113689
113690
113691
113695
113696
113703
113706
113716
113838
113839
113840
113842
113851
113852
113854
113871
113873
113875
113877
113879
113880
113902
113904
113975
113979
113982
113983
113986
113999
114001
114003
114066
114069
114074
114075
114076
114081
114102
114143
114144
114145
114147
114276
114278
114280
114281
114287
114295
114296
114329
114330
114332
114334
114399
114403
114405
114406
114414
114432
114467
114468
114471
114548
114594
114600
114602
114614
114616
114618
114621
114660
114681
114689
114802
114805
114808
114836
114837
114884
114887
114901
114927
114929
114936
114937
114965
114967
114970
114971
114972
114993
114994
114995
114997
115026
115031
115050
115069
115070
115077
115087
115179
115180
115182
115185
115191
115204
115205
115227
115237
115343
115345
115347
115350
115358
115361
115365
115366
115500
116061
116085
116087
116135
116161
116163
116167
116169
116178
116184
116186
116192
116228
116229
116236
116237
116313
116315
116317
116321
116338
116341
116353
116359
116419
116421
116423
116425
116427
116468
116472
116533
116534
116537
116539
116544
116546
116547
116551
116566
116571
116572
116574
116609
116617
116620
116636
116637
116639
116642
116657
116659
116660
116662
116690
116701
116706
116707
116708
116742
116743
116746
116747
116749
116776
116777
116830
116831
116833
116838
116842
116843
116917
116921
116922
116927
116928
116929
116933
117119
117120
117122
117128
117226
117253
117255
117256
117258
117290
117291
117295
117297
117303
117311
117327
117328
117427
117428
117429
117430
117431
117433
117435
117441
117443
117447
117455
117457
117543
117546
117547
117574
117575
117576
117579
117581
117583
117586
117590
117592
117602
117604
117606
117609
117613
117684
117685
117686
117694
117716
117725
117759
117760
117764
117766
117768
117770
117772
117776
117779
117781
117821
117823
117825
117826
117827
117847
117848
117849
117851
117852
117921
117922
117925
117927
118019
118024
118028
118038
118042
118211
118252
118254
118301
118308
118312
118314
118321
118435
118438
118440
118446
118457
118458
118462
118464
118468
118469
118674
118676
118751
118754
118767
118770
118777
118870
118901
118903
118911
118912
118929
118932
118933
118934
119100
119106
119108
119141
119143
119264
119267
119268
119269
119314
119326
119327
119329
119380
119381
119386
119387
119417
119420
119421
119428
119433
119440
119448
119451
119452
119550
119618
119621
119684
119687
119688
119690
119691
119763
119768
119917
119919
119921
119925
119926
119928
119969
120039
120045
120048
120052
120057
120058
120059
120060
120061
120062
120063
120064
120078
120079
120081
120082
120194
120199
120200
120214
120219
120231
120232
120234
120237
120238
120240
120246
120261
120269
120274
120278
120279
120285
120286
120394
120396
120397
120404
120405
120406
120407
120408
120410
120411
120416
120419
120420
120422
120426
120427
120428
120478
120479
120480
120483
120489
120495
120496
120497
120498
120499
120581
121220
121224
121237
121266
121267
121271
121275
121287
121288
121289
121291
121292
121293
121295
121296
121343
121344
121347
121401
121404
121406
121408
121449
121458
121463
121465
121510
121511
121513
121523
121526
121531
122041
122212
122213
122214
122215
122220
122223
