111604
111687
111694
111697
111699
111701
111705
111711
111714
111716
111743
111836
111838
111893
111894
111895
111897
111951
111953
111955
111959
111964
111966
111982
111984
111985
112057
112059
112061
112066
112075
112122
112124
112128
112184
112186
112232
112233
112234
112283
112284
112286
112287
112288
112318
112320
112323
112403
112411
112475
112476
112480
112482
112492
112493
112504
112506
112507
112509
112511
112657
112660
112661
112666
113202
113204
113232
113284
113286
113288
113289
113290
113464
113466
113468
113470
113528
113529
113530
113562
