107445      g1            5        4      0
107447      g1            2        4      0
107471      g1        26495      209      0
107510      g1        60713      232      0
107515      g1       395304      227      0
107516      g1        42547      228      0
107518      g1       225152      226      0
107520      g1        73505      228      0
107521      g1       166362      227      0
107524      g1        93187      228      0
107531      g1        25183      228      0
107532      g1        59357      228      0
107534      g1        22602      172      0
107560      g1        82270      227      0
107561      g1       114943      227      0
107564      g1       153454      228      0
107565      g1       128442      171      0
107569      g1       135965      227      0
107577      g1       139060      226      0
107595      g1       108994      227      0
107599      g1       201587      227      0
107600      g1        31308      225      0
107602      g1        57403      204      0
107604      g1         5655      203      0
107623      g1        15421      153      0
107626      g1        58366      228      0
107631      g1       626261      226      0
107658      g1       271893      226      0
107778      g1        13330      172      0
107781      g1       402305      226      0
107784      g1       265105      227      0
107787      g1         6117      117      0
107827      g1        26341      227      0
108280      g2       298877      227      0
108336      g2       116071      228      1
108338      g2        12925      227      0
108367      g2        67594      227      0
108368      g2        73497      227      0
108370      g2        10935      222      0
108372      g2        78744      227      0
108374      g2      3555646      225      1
108450      g2      2197925       76      1
108458      g2      2484989      231      1
108461      g2      1723399      225      1
108463      g2       555537      227      1
108632      g2       730413      226      1
108681      g2       956333      226      1
108692      g2      2007805      232      1
108695      g2       755184      226      1
108708      g2       304655      233      1
108714      g2       427847      227      1
108768      g2        42758      228      1
108769      g3       312013      238      1
108772      g3        84456      239      1
108774      g3          239        1      0
108777      g3       444510        4      0
108778      g3         8366      240      0
108783      g3       111436      239      1
108785      g3         5149      181      0
108795      g3      2166917       78      1
108803      g3       375772      238      1
108804      g3       518314      239      1
108805      g3       358619      239      1
108807      g3       910784      237      1
108814      g3       618945      238      1
108816      g3      1180477      237      1
108817      g3       238799      239      1
108819      g3       190476      239      1
108908      g3       194041      239      1
108914      g3       344399      240      1
108915      g3       198397      239      1
108926      g3      1637953      238      1
108928      g3       223748      239      1
108939      g3      1394837      238      1
108940      g3       243934      240      1
108942      g3      2996317      237      1
108943      g3        37674      239      1
108945      g3       538592      239      1
109005      g3      2597087      164      1
109010      g3       259854      239      0
109012      g3      1582199      238      1
109014      g3       641247      238      1
109016      g3      1402828      243      1
109187      g3       831582      238      1
109189      g3       660840      238      1
109191      g3       164842      240      1
109192      g3       497564      239      1
109196      g3       751797      238      1
109197      g3        14812      239      0
109204      g3        97576      239      1
109214      g3       682725      239      1
109217      g3      1265353      239      1
109220      g3       601670      238      1
109222      g3       337183      238      1
109238      g3      1044958      239      1
109240      g3      1238305      238      1
109242      g3        84049      240      1
109246      g3       415291      198      0
109252      g3       815922      239      1
109254      g3        49772      240      1
109291      g3       284247      239      1
109293      g3      1175222      245      1
109295      g3       779215      239      1
109297      g3       252851      239      1
109355      g3        91347      239      1
109361      g3       541680      239      1
109363      g3       638383      239      1
109364      g3        20190      240      1
109366      g3       178798      239      1
109420      g3       599892       80      1
109422      g3       964900      239      1
109424      g3      4214822      238      1
109426      g3       377417      238      1
109470      g3      1026062      239      1
109471      g3        45907      239      1
109475      g3        54869      240      1
109477      g3        85290      239      1
109479      g3      4099456      239      1
109481      g3        62591      240      1
109482      g3       550924      238      1
109549      g3      1007793      239      1
109550      g3       491215      164      1
109569      g3      3369875      239      1
109573      g3      1003155      239      1
109574      g3      1068472        4      0
109576      g3      2035631      238      1
109587      g3      1620548      168      1
109593      g3      1672427      239      1
109594      g3      1274992      238      1
109654      g3       411168      239      1
109655      g3       948870      239      1
109656      g3      1206240      239      1
109657      g3      2477627      238      1
109659      g3       289959       80      1
109660      g3       120424      239      1
109664      g3       727282      239      1
109672      g3      3225624      238      1
109673      g3        34337      240      1
109675      g3       297853      239      1
109677      g3      2693963      238      1
109679      g3      2609469      239      1
109684      g3       782978      239      1
109690      g3       700971      238      1
109691      g3      2081382      238      1
109693      g3      1971697       80      1
109699      g3      1001740       81      1
109719      g3       124021        4      0
109762      g3         5192       64      0
109763      g3      1766950      239      1
109764      g3       971815      238      1
109765      g3        37132       84      1
109767      g3      1922931      238      1
109769      g3       912549      239      1
109820      g3      4519038      239      1
109821      g3      1578364      238      1
109822      g3       527608       79      1
110237   conv1       466467      239      1
110239   conv1       333779      239      1
110264   conv1       907516      239      1
110265   conv1       489325      245      1
110267   conv1       535584       82      1
110269   conv1       271816      241      1
110279   conv1       221534      239      1
110282   conv1       470675        4      0
110284   conv1       322779       80      1
110291   conv1      1004762      239      1
110292   conv1       256608      239      1
110294   conv1       517101       82      0
110295   conv1       143513      240      1
110297   conv1      1798148      239      1
110300   conv1      4636175      239      1
110301   conv1      1342125       80      1
110303   conv1      1280810      239      0
110304   conv1      1911529      245      1
110340   conv1         9865      181      0
110344   conv1       271524      239      1
110350   conv1      1298857       80      1
110354   conv1      1333203      239      1
110364   conv1      1380217      239      0
110367   conv1       386797      239      1
110368   conv1       180522      246      1
110370   conv1       225963      239      1
110383   conv1       353044       80      1
110385   conv1      1448023      239      1
110387   conv1       978959      239      1
110455   conv1       621014       80      1
110457   conv1      4448682       80      1
110462   conv1      2525320      239      1
110540   conv1       982250       80      1
110541   conv1       430758      239      1
110542   conv1      1366650      239      1
110544   conv1      2756538       80      0
110545   conv1      2113758      239      1
110568   conv1       449069      239      1
110599   conv1       148566      164      1
110600   conv1        70222      164      0
110601   conv1       277374       82      1
110602   conv1       168742      164      1
110604   conv1       294878      239      1
110609   conv1       156126       80      1
110611   conv1        22113      240      1
110628   conv1      1193229      239      1
110634   conv1       173093      242      0
110636   conv1        66827      240      1
110638   conv1        96796      240      1
110651   conv1       729557      239      0
110652   conv1      1113049      168      0
110653   conv1        33291      240      1
110655   conv1      1297803       80      0
110660   conv1       112936       95      0
110663   conv1      1978972       80      1
110665   conv1       781164      239      0
110667   conv1       871817      239      0
110669   conv1       870498       80      0
110671   conv1       904522       80      0
110683   conv1       705149      239      0
110685   conv1        78187      240      1
110687   conv1       521161      248      1
110689   conv1       694305      239      0
110691   conv1       195183       80      0
110698   conv1       290969      239      1
110700   conv1       228763      164      1
110704   conv1       434214       80      0
110706   conv1       269766      239      1
110708   conv1      1742860      239      1
110710   conv1       177825       82      0
110712   conv1       122684      240      0
110713   conv1       640603      239      0
110753   conv1       214208      240      0
110754   conv1      2068471      239      0
110756   conv1      2846506      164      1
110762   conv1       127155      240      1
110785   conv1      2802298      239      0
110790   conv1      2832828       80      1
110793   conv1       975740      245      0
110794   conv1       213282      239      1
110796   conv1      1683846      239      1
110804   conv1         9867      240      0
110805   conv1        64408      240      1
110807   conv1       429664      239      0
110809   conv1       223724      240      1
110811   conv1       960460      164      1
110884   conv1        85357      240      1
110886   conv1       850727      241      0
110888   conv1      1140860      239      0
110890   conv1      2364529      239      1
110892   conv1       292487      240      0
110894   conv1       145080      239      1
110895   conv1        18922      240      1
110896   conv1        13570      240      0
110912   conv1       624853      239      0
110913   conv1        59138      240      0
110915   conv1      1737123      164      1
110920   conv1      2917388      239      0
110938   conv1       827555        4      0
110946   conv1       212059        4      0
110977   conv1      1394733      164      1
110981   conv1       534164      168      0
110983   conv1      2131433      164      0
110985   conv1       165555      240      0
110987   conv1       100868      240      0
110991   conv1       241005      240      0
110993   conv1        44799      240      0
110995   conv1        42085      240      0
110997   conv1        19768      240      1
110999   conv1        14641      240      1
111001   conv1        27941      240      1
111002   conv1        96397      240      0
111004   conv1         8536      240      0
111006   conv1      1737157      239      1
111008   conv1       623776      240      1
111021   conv1       309457      245      0
111023   conv1       816097       80      0
111025   conv1       213036       80      1
111027   conv1       634782       80      1
111029   conv1       696521      239      0
111031   conv1       568774      239      1
111033      g4      1075972      164      0
111350      g4       322830        4      0
111351      g4       124146        4      0
111355      g4       425991      238      1
111359      g4       204691      239      1
111362      g4       166140      239      1
111364      g4      1098858      239      1
111396      g4       628326      238      1
111402      g4      1076211      238      1
111406      g4       163378       80      1
111411      g4        45912      240      1
111413      g4       573957      238      1
111421      g4       182003       80      1
111423      g4       422394      238      1
111425      g4       375861      238      1
111436      g4       125765       80      1
111467      g4      1198321      238      0
111468      g4       182690      239      1
111483      g4       162012      239      1
111485      g4       404755      239      1
111487      g4         5463      240      1
111488      g4        11719      240      1
111490      g4        10218      240      1
111492      g4         4352      181      0
111494      g4       145591       79      1
111495      g4       237455      245      1
111497      g4       529800       79      1
111498      g4       679488       82      1
111500      g4       232977       80      1
111502      g4       644534      238      1
111528      g4      2376809      238      1
111530      g4       394284      238      1
111531      g4      1247020      239      1
111532      g4       306073       80      1
111534      g4        94147      164      1
111535      g4       106560      164      1
111538      g4       527449      239      1
111539      g4       701373      238      1
111544      g4      1250380      163      1
111555      g4       252521      239      1
111556      g4       567946       79      1
111558      g4       128080       80      1
111559      g4       144482       80      1
111560      g4       938776      238      1
111583      g4       507873      252      1
111585      g4         6092      200      0
111586      g4         5125      190      0
111589      g4        46105      252      0
111592      g4       693229      250      1
111593      g4      2937511      171      0
111603      g4       301466      171      0
111604      g5       183569      251      1
111605      g5        40829      252      0
111607      g5       514651        4      0
111608      g5        66689        4      0
111610      g5        72893      251      0
111611      g5        77340      252      0
111687      g5       699599      170      1
111688      g5       213881      250      0
111694      g5        87954      252      1
111695      g5       739220      250      0
111696      g5        14130      252      0
111697      g5      1266217      250      1
111699      g5       332637      251      1
111701      g5       535682      250      1
111705      g5       607195      251      1
111711      g5      1068887      251      1
111714      g5      4486224      251      1
111716      g5      2137002      250      1
111743      g5       231167      250      1
111823      g5        12619      249      0
111824      g5      4042530      250      0
111830      g5      1203517      251      0
111831      g5      3700506      249      0
111836      g5       147087      252      1
111838      g5      2010220      250      1
111893      g5      1378885      252      1
111894      g5      1679493      250      1
111895      g5      1422071      251      1
111897      g5        19049      252      1
111951      g5       221963      251      1
111953      g5       870349      250      1
111955      g5      1027714      251      1
111957      g5      3550810      249      0
111959      g5      2047282      251      1
111964      g5       151091      250      1
111966      g5      1118582      249      1
111982      g5      4170755      250      1
111984      g5      5236815      251      1
111985      g5      2208535      251      1
112057      g5       201284      250      1
112059      g5      1382378      251      1
112061      g5      5198546      250      1
112064      g5      3169068      250      0
112066      g5      1087875      252      1
112071      g5        12578      187      0
112075      g5        75811      251      1
112122      g5      5311194      249      1
112124      g5      3513736      251      1
112128      g5      2116510      249      1
112184      g5      6546428      250      1
112186      g5      3407595      250      1
112232      g5       459979      250      1
112233      g5      3932680      249      1
112234      g5      3634958      250      1
112283      g5       539937      250      1
112284      g5      5416390      250      1
112286      g5      3731201      251      1
112287      g5      2623834      250      1
112288      g5      1274485      249      1
112318      g5      4094492      249      1
112320      g5      5987701      250      1
112323      g5      2330608      251      1
112403      g5       987774      250      1
112411      g5      1627936      250      1
112475      g5      4005318      249      1
112476      g5      2120972      250      1
112477      g5        17390      252      0
112479      g5        44132      252      0
112480      g5       763752      250      1
112482      g5       239665      251      1
112483      g5       102417      251      0
112484      g5        23828      252      0
112492      g5        98608      252      1
112493      g5        96993      251      1
112504      g5      5567598      251      1
112506      g5       503217      250      1
112507      g5       368894      250      1
112509      g5      2290029      251      1
112511      g5       948285      250      1
112519      g5      7177042      236      0
112526      g5      1482544      235      0
112527      g5       548406      206      0
112657      g5       260696      250      1
112660      g5      2945578      251      1
112661      g5       275213      252      1
112664      g5       106361      251      0
112666      g5       370836      250      1
113104      g5        13114       84      0
113105      g5       224369      252      0
113106      g5       190923      251      0
113107      g5       474266      252      0
113108      g5       256648      251      0
113110      g5       920369        4      0
113194      g5       647564      251      0
113196      g5         3240        4      0
113198      g5       705700      250      0
113201      g5       997906      250      0
113202      g5       196958      251      1
113203      g5         5503       84      0
113204      g5       344888      251      1
113208      g5       118916      251      0
113232      g5      1478496      249      1
113284      g5      3343033      250      1
113286      g5      1832426      251      1
113288      g5       375239      250      1
113289      g5        79523      252      1
113290      g5       373492      251      1
113293      g5       552967        4      0
113464      g5      5042417      167      1
113466      g5      3607840      250      1
113468      g5      1494055      249      1
113470      g5         5314      252      1
113474      g5         3126        4      0
113476      g5         3164        4      0
113526      g5           49        4      0
113528      g5       429066      250      1
113529      g5       526634      249      1
113530      g5      1172463      249      1
113556      g5           64        4      0
113558      g5      2507765        4      0
113559      g5       115060      252      0
113560      g5          932        4      0
113561      g5       526173        4      0
113562      g5       269198      251      1
113563      g5         1778      249      0
113564      g5      1300068      249      0
113570      g6       568958      250      1
113571      g6            0        4      0
113573      g6      4826678      170      1
113574      g6      1602118      249      1
113575      g6      1358766      249      1
113579      g6         8822      252      0
113580      g6      1647438      250      1
113688      g6       579985      250      1
113689      g6       673994      250      1
113690      g6      1236029      250      1
113691      g6      3695862      249      1
113693      g6         3792      128      0
113694      g6          383        4      0
113695      g6       221800      251      1
113696      g6       936237      250      1
113703      g6       690830      249      1
113704      g6        40895      252      0
113706      g6       326529      251      1
113716      g6      3141011      249      1
113838      g6      1788104      250      1
113839      g6      1636531      252      1
113840      g6       801599      251      1
113842      g6       467752      250      1
113851      g6       366569      251      1
113852      g6       191412      251      1
113854      g6       424418      250      1
113871      g6       562459      251      1
113873      g6      2938139      251      1
113875      g6      3308319      250      1
113877      g6      3147899      250      1
113879      g6       533065      250      1
113880      g6        98484      251      1
113902      g6       167824      251      1
113904      g6      3783282      249      1
113975      g6      1069142      251      1
113979      g6      2807306      250      1
113982      g6      1921851      249      1
113983      g6       343526      251      1
113986      g6        44608      252      1
113999      g6       527659      251      1
114001      g6      2841428      249      1
114003      g6      1658065      249      1
114066      g6      1676217      250      1
114069      g6      1395415      249      1
114074      g6       931380      251      1
114075      g6       318461      250      1
114076      g6      1444692      249      1
114081      g6       158373      251      1
114086      g6        11769      252      0
114088      g6         7215      252      0
114089      g6       240506      251      0
114102      g6      2219750      249      1
114143      g6       521695      252      1
114144      g6       384354      250      1
114145      g6       144589      167      1
114147      g6      1018760      250      1
114149      g6        14063      168      0
114266      g6         7302        4      0
114267      g6         6582       57      0
114271      g6       633271      210      0
114276      g6      1613455      249      1
114278      g6       208331      251      1
114280      g6      1026632      249      1
114281      g6        79780      252      1
114287      g6       230096      251      1
114295      g6      2664350      249      1
114296      g6      4291443      170      1
114329      g6      4124320       82      1
114330      g6      3520923      249      1
114332      g7      2271251      251      1
114334      g7      2060141      251      1
114399      g7       273102      251      1
114401      g7        97704      252      0
114403      g7        32576      252      1
114405      g7      1480706      249      1
114406      g7      3679091      249      1
114414      g7      3119949      249      1
114432      g7       396314      251      1
114467      g7       439225      251      1
114468      g7      5102646      250      1
114471      g7      2791531      250      1
114548      g7      2829870      249      1
114594      g7      3526604      170      1
114600      g7      5278941      170      1
114602      g7      2042015      170      1
114614      g7      4276321       82      1
114616      g7      1520192      249      1
114618      g7      3264443       82      1
114621      g7      2251664      170      1
114659      g7       795899      249      0
114660      g7      3830660      170      1
114666      g7        25276      252      0
114675      g7      1124519      249      0
114681      g7       559440      250      1
114689      g7        54090      252      1
114802      g7      2053681      249      1
114805      g7      1620488      249      1
114808      g7       363294      250      1
114836      g7      1572824      250      1
114837      g7       188995      251      1
114884      g7      2851906      249      1
114887      g7      1046222      249      1
114890      g7       343611       63      0
114901      g7      1753001      249      1
114927      g7      4186058      170      1
114929      g7      3178640      250      1
114932      g7        79114       84      0
114936      g7       706018      251      1
114937      g7       803267      251      1
114965      g7      1556232      251      1
114967      g7      4523700      251      1
114970      g7      3049589      251      1
114971      g7      2462305      251      1
114972      g7       623813      251      1
114993      g7       447865      251      1
114994      g7      3841539      249      1
114995      g7       389765      251      1
114997      g7      1893286      250      1
115026      g7      4769783      251      1
115031      g7      3354916      250      1
115050      g7      1221562      252      1
115069      g7      2704169      250      1
115070      g7      2876588      251      1
115077      g7      2575438      250      1
115087      g7      1024649      250      1
115177      g7        11954       84      0
115179      g7      4263301      249      1
115180      g7       822209      251      1
115182      g7       435516      251      1
115185      g7      2377549      251      1
115188      g7        18511      211      0
115191      g7      1938275      249      1
115195      g7        74844       84      0
115204      g7      3924208      250      1
115205      g7       292613      249      1
115226      g7      2506689      249      0
115227      g7      4648787      251      1
115237      g7      2604082      250      1
115343      g7       304241      250      1
115345      g7      3432950      250      1
115347      g7       691981      250      1
115350      g7      1425491      251      1
115358      g7      2142352      250      1
115361      g7      1561488      249      1
115365      g7      2014335      250      1
115366      g7      1680960      250      1
115378      g7      2047046        4      0
115380      g7        55222        0      0
115500      g7      1639207      250      1
115501      g7       703637      250      0
115502      g7       774800      240      0
115503      g7      3058007      250      0
115769      g7        33803        0      0
115778      g7      1376697      250      0
115780      g7      1790066      249      0
116061      g7       303344      250      1
116085      g7       714496      250      1
116087      g7       336036      250      1
116094      g7        94464        4      0
116124      g7        69888        4      0
116127      g7       505356        4      0
116135      g7      2015705      250      1
116136      g7       295197      251      0
116137      g7       715617      252      0
116138      g7       876790      252      0
116142      g7       452230      251      0
116146      g7       545414      251      0
116148      g7        77765       84      0
116160      g7       837313      250      0
116161      g7      4285828      251      1
116163      g7      2350395      250      1
116167      g7      1776355      250      1
116169      g7       332770      251      1
116178      g7      1016841      250      1
116184      g7      1377682      250      1
116186      g7      3362575      249      1
116192      g7      2133033      250      1
116228      g7      5757341      250      1
116229      g7      1911767      251      1
116231      g7        97888       84      0
116236      g7      1093762      250      1
116237      g7      1325113      251      1
116313      g7      4975687      249      1
116315      g7      3718140      251      1
116317      g7      1222236      250      1
116321      g7      2318865      251      1
116336      g7        41361       84      0
116338      g7      3551892      249      1
116341      g7      1215486      251      1
116353      g7       470481      249      1
116359      g7      1097089      250      1
116419      g7       444648      250      1
116421      g7      5743306      249      1
116423      g7      1582670      251      1
116425      g7      2404577      251      1
116427      g7      1491388      250      1
116468      g7      7287372      249      1
116472      g7      4170347      249      1
116533      g7      4855573      249      1
116534      g7       406782      249      1
116537      g7      3410533      249      1
116539      g7      3371131      250      1
116544      g7      4437269      250      1
116546      g7      3798076      251      1
116547      g7       900347      250      1
116551      g7      1025974      249      1
116566      g7      1344418      250      1
116571      g7      4304957      250      1
116572      g7      1743531      250      1
116574      g7      2451236      250      1
116609      g7      3090628      250      1
116617      g7       408456      252      1
116620      g7      2142819      250      1
116636      g7       733464      250      1
116637      g7      4200024      251      1
116639      g7         6873      250      1
116642      g7      2382752      249      1
116646      g7       174404      251      0
116657      g7      3169584      250      1
116659      g7      6790106      249      1
116660      g7       140090      251      1
116662      g7      1115098      250      1
116690      g7      1056734      250      1
116701      g7      2923260      250      1
116702      g7       129270      251      0
116704      g7         9188       84      0
116706      g7       113508      252      1
116707      g8       370923      250      1
116708      g8       239715      250      1
116709      g8        89529       84      0
116742      g8       842486      250      1
116743      g8      1990059      171      1
116746      g8      4167688      249      1
116747      g8      3047605      250      1
116749      g8       735635      250      1
116776      g8      5857744      250      1
116777      g8      3594923      250      1
116830      g8        28614       84      1
116831      g8      2359518      250      1
116833      g8      3069534      250      1
116834      g8        23306       82      0
116838      g8      1381142      171      1
116842      g8       973738      171      1
116843      g8       717187      249      1
116913      g8        98134      168      0
116915      g8        31352       84      0
116917      g8      2587606      250      1
116919      g8        78670       84      0
116921      g8      3938340      251      1
116922      g8      2839295      250      1
116924      g8        54381       84      0
116927      g8      5405859      250      1
116928      g8      2912019      250      1
116929      g8      1879830      171      1
116933      g8       277238      171      1
117118      g8       223984      171      0
117119      g8      5327410      171      1
117120      g8      2411569      171      1
117122      g8       301809      172      1
117126      g8       198392       84      0
117128      g8       954840      251      1
117173      g8       552382      251      0
117216      g8        49871       82      0
117223      g8      2871295      250      0
117225      g8      3482468      171      0
117226      g8       405378      251      1
117253      g8      1729790      249      1
117255      g8      1573268      250      1
117256      g8      1144064      250      1
117258      g8      2184664      250      1
117280      g8       222790      172      0
117290      g8      1760087      172      1
117291      g8      2303311      250      1
117295      g8       359088      171      1
117297      g8      6818416      251      1
117299      g8        29889       84      0
117303      g8      2009082      170      1
117311      g8      5088931      171      1
117327      g8      2347859      171      1
117328      g8      1477118      251      1
117427      g8      2565162      251      1
117428      g8      4015672      251      1
117429      g8      1401599      170      1
117430      g8      2089768      250      1
117431      g8       733313      172      1
117433      g8      1446673      172      1
117435      g8      5767932      251      1
117441      g8      2894741      250      1
117443      g8       764514      171      1
117447      g8       959485      251      1
117455      g8      6014840      171      1
117457      g8      2153804      251      1
117543      g8       612932      251      1
117544      g8       568717        4      0
117546      g8      2040894      250      1
117547      g8       638848      251      1
117574      g8      4542020      251      1
117575      g8      3040698      251      1
117576      g8      1158333      250      1
117579      g8      7689917      250      1
117581      g8       792526      251      1
117583      g8      3682331      250      1
117586      g8      8141945      250      1
117590      g8      2932128      250      1
117592      g8      2588817      252      1
117602      g8       122303      251      1
117604      g8       289102      251      1
117606      g8       154955      252      1
117607      g8       242857      251      0
117609      g8      2531012      252      1
117613      g8       921577      251      1
117684      g8      3317785      251      1
117685      g8       437363      249      1
117686      g8      1991698      250      1
117694      g8      3607615      250      1
117716      g8      2362500      251      1
117725      g8      1291945      251      1
117759      g8      4896766      250      1
117760      g8      2646629      250      1
117764      g8       692622      251      1
117766      g8      5692661      251      1
117768      g8       622853      250      1
117770      g8       687721      251      1
117772      g8       526694      250      1
117776      g8      2763063      251      1
117779      g8      1212615      251      1
117781      g8       482682      251      1
117821      g8       826721      251      1
117823      g8       856073      250      1
117825      g8      4017339      251      1
117826      g8      2700317      251      1
117827      g8      3091950      252      1
117847      g8      5480485      251      1
117848      g8       393705      251      1
117849      g8      3498010      251      1
117851      g8       159339      251      1
117852      g8       701002      250      1
117921      g8      1091226      250      1
117922      g8      2892104      251      1
117925      g8       882319      251      1
117927      g8      2013419      252      1
118015      g8       105538      249      0
118019      g8       181750      252      1
118024      g8      1530212      251      1
118028      g8       610835      251      1
118038      g8       786675      251      1
118042      g8       754616      250      1
118211      g8       417006      252      1
118252      g8      2326584      250      1
118254      g8      5581621      251      1
118301      g9      2871254      252      1
118304      g9      1040085      250      0
118308      g9      4209013      250      1
118312      g9      3060294      251      1
118314      g9      1262658      251      1
118321      g9      3816169      250      1
118435      g9      3469515      250      1
118438      g9      2414044      251      1
118440      g9      1395293      252      1
118446      g9      1075698      250      1
118454      g9       133352      251      0
118457      g9      2994603      251      1
118458      g9       739101      252      1
118462      g9      2054172      250      1
118464      g9      4178114      250      1
118468      g9      3124021      251      1
118469      g9      3138224      251      1
118674      g9       280747      251      1
118676      g9       212830      251      1
118751      g9      1040364      251      1
118754      g9      2196617      250      1
118764      g9       206292        4      0
118767      g9      1293642      250      1
118770      g9      1066580      250      1
118777      g9      1265850      251      1
118779      g9       142445      252      0
118870      g9      1559076      251      1
118901      g9      4260337      252      1
118903      g9      3704135      249      1
118911      g9      4749220      251      1
118912      g9      2550187      252      1
118923      g9          251        0      0
118929      g9      8066963      251      1
118932      g9      2606987      251      1
118933      g9       150907      251      1
118934      g9      1477214      250      1
119100      g9      3727866      250      1
119106      g9        59334      251      1
119108      g9      1211964      252      1
119125      g9        44685      204      0
119129      g9      3179304      249      0
119133      g9      6485675      252      0
119134      g9      2909072      251      0
119138      g9      3915289      250      0
119139      g9       539368      249      0
119140      g9       155697      248      0
119141      g9       393424      251      1
119143      g9        98524      251      1
119264      g9       142211      251      1
119267      g9       952259      250      1
119268      g9       290569      250      1
119269      g9      3230233      251      1
119314      g9      2384859      251      1
119326      g9      7028593      249      1
119327      g9      3769716      250      1
119329      g9       481328      251      1
119380      g9      4269341      250      1
119381      g9       947176      252      1
119386      g9      2989732      250      1
119387      g9      1593544      250      1
119417      g9      5245894      252      1
119420      g9      2803650      250      1
119421      g9      1158613      251      1
119428      g9       794902      250      1
119431      g9        30546      252      0
119433      g9      2112232      250      1
119440      g9      2471072      249      1
119448      g9      2749768      249      1
119451      g9      1315864      249      1
119452      g9      2510439      250      1
119549      g9         7380      252      0
119550      g9       934823      250      1
119618      g9      2174920      250      1
119621      g9      1890850      249      1
119626      g9        29442      252      0
119684      g9      2086900      251      1
119687      g9      2887683      249      1
119688      g9      3469568      252      1
119690      g9       436107      251      1
119691      g9       296523      251      1
119763      g9      7510330      250      1
119768      g9      1700863      251      1
119917      g9      6208126      251      1
119919      g9      2710503      250      1
119921      g9       679388      250      1
119925      g9      2287490      250      1
119926      g9      3455928      250      1
119928      g9       837900      251      1
119969      g9      6114969      250      1
120039      g9      7766904      249      1
120045      g9      1264375      250      1
120047      g9        18202      251      0
120048      g9      1111285      251      1
120052      g9        47701      251      1
120057      g9      1935136      251      1
120058      g9      2019841      251      1
120059      g9      2148553      251      1
120060      g9      1119912      251      1
120061      g9      1959429      251      1
120062      g9      1281431      251      1
120063      g9       529867      252      1
120064      g9        91292      252      1
120078      g9       726777      250      1
120079      g9      5319202       83      1
120081      g9      2329652      251      1
120082      g9      2075738      251      1
120194      g9      2740391      251      1
120199      g9      4050872      251      1
120200      g9      2834348      251      1
120214      g9      5102891       82      1
120219      g9       169697      252      1
120231      g9       844706      251      1
120232      g9       773340      250      1
120234      g9      2250197      251      1
120237      g9      1199655      251      1
120238      g9       585314      252      1
120240      g9      1217560      250      1
120246      g9       253522      250      1
120261      g9      2536501      251      1
120269      g9       492223      249      1
120274      g9      3812113       82      1
120278      g9      1828433       83      1
120279      g9      2921162      252      1
120285      g9      4206885      251      1
120286      g9      1470432      252      1
120394      g9       655265      251      1
120396      g9      1289318      251      1
120397      g9      4953497      252      1
120402      g9        35636      251      0
120404      g9      3586749      251      1
120405      g9        29279      252      1
120406      g9      2821888      251      1
120407      g9      2432554      251      1
120408      g9      1502005      250      1
120410      g9      1126590      251      1
120411      g9       366080      251      1
120416      g9      4028045      250      1
120419      g9      4384938      252      1
120420      g9      2267901      251      1
120422      g9       388577      251      1
120426      g9      2705205      249      1
120427      g9      3987507      249      1
120428      g9      3953909      249      1
120478      g9      7462701      251      1
120479      g9      2217308      251      1
120480      g9      2662383      250      1
120483      g9       984676      251      1
120489      g9       344866      249      1
120491      g9        28648      252      0
120495      g9       104214      252      1
120496      g9      2772333      250      1
120497      g9      1919788      249      1
120498      g9        21495      251      1
120499      g9       308980      250      1
120581      g9      2530427      250      1
120845   conv2      2419632      251      1
120849   conv2      1776264      251      1
121103   conv2        49798      252      1
121111   conv2      1611941      252      1
121112   conv2       469341        4      0
121220     g10       113222      251      1
121224     g10      3595107      250      1
121233     g10       197353      250      0
121237     g10      1732256      250      1
121252     g10       794032        4      0
121266     g10      5516358      250      1
121267     g10       123765      251      1
121271     g10       523746      249      1
121275     g10      4595323      251      1
121287     g10       555651      249      1
121288     g10      6358270      249      1
121289     g10       752428      250      1
121291     g10      2955655      250      1
121292     g10      1942779      249      1
121293     g10       679890      250      1
121294     g10      2356511      251      0
121295     g10      1809618      250      1
121296     g10      1390059      250      1
121298     g10        24051      251      0
121343     g10      8071700      249      1
121344     g10      4629981      249      1
121347     g10      1628252      250      1
121401     g10      7616978      250      1
121404     g10       197973      251      1
121406     g10      3489080      250      1
121408     g10      1276415      250      1
121449     g10      5699974      249      1
121458     g10      1371797      251      1
121463     g10      2496677      251      1
121465     g10      2760374      250      1
121510     g10      5613533       82      1
121511     g10      3685852      170      1
121513     g10      1328140      250      1
121523     g10      2069313      250      1
121526     g10      1211115      250      1
121531     g10      2186868      250      1
121533     g10        76763      128      0
121534     g10      1234879      190      0
121537     g10        46002      190      0
121543     g10      1625427      249      0
121544     g10       531613      249      0
121545     g10      2990818      251      0
121548     g10       883908      251      0
121554     g10       550964      250      0
121804     g10        57946      128      0
121807     g10        42549      190      0
121809     g10      2784564      249      0
121848     g10       184626      251      0
121863     g10       464231      251      0
121867     g10       605038      251      0
121868     g10        12176      252      0
121954     g10      1327844      250      0
121956     g10      4258615      167      0
121959     g10       368300      251      0
121961     g10      1760285      167      0
121967     g10       880884      251      0
121968     g10       124379      251      0
122041     g10       711937      249      1
122212     g10      2060661      249      1
122213     g10      1893279      249      1
122214     g10       786774      249      1
122215     g10      1726440      249      1
122220     g10      1005765      249      1
122221     g10      2825488        4      0
122223     g10      2520936      249      1
