107445
107447
107471
107510
107515
107516
107518
107520
107521
107524
107531
107532
107534
107560
107561
107564
107565
107569
107577
107595
107599
107600
107602
107604
107623
107626
107631
107658
107778
107781
107784
107787
107827
108280
108336
108338
108367
108368
108370
108372
108374
108450
108458
108461
108463
108632
108681
108692
108695
108708
108714
108768
108769
108772
108774
108777
108778
108783
108785
108795
108803
108804
108805
108807
108814
108816
108817
108819
108908
108914
108915
108926
108928
108939
108940
108942
108943
108945
109005
109010
109012
109014
109016
109187
109189
109191
109192
109196
109197
109204
109214
109217
109220
109222
109238
109240
109242
109246
109252
109254
109291
109293
109295
109297
109355
109361
109363
109364
109366
109420
109422
109424
109426
109470
109471
109475
109477
109479
109481
109482
109549
109550
109569
109573
109574
109576
109587
109593
109594
109654
109655
109656
109657
109659
109660
109664
109672
109673
109675
109677
109679
109684
109690
109691
109693
109699
109719
109762
109763
109764
109765
109767
109769
109820
109821
109822
110237
110239
110264
110265
110267
110269
110279
110282
110284
110291
110292
110294
110295
110297
110300
110301
110303
110304
110340
110344
110350
110354
110364
110367
110368
110370
110383
110385
110387
110455
110457
110462
110540
110541
110542
110544
110545
110568
110599
110600
110601
110602
110604
110609
110611
110628
110634
110636
110638
110651
110652
110653
110655
110660
110663
110665
110667
110669
110671
110683
110685
110687
110689
110691
110698
110700
110704
110706
110708
110710
110712
110713
110753
110754
110756
110762
110785
110790
110793
110794
110796
110804
110805
110807
110809
110811
110884
110886
110888
110890
110892
110894
110895
110896
110912
110913
110915
110920
110938
110946
110977
110981
110983
110985
110987
110991
110993
110995
110997
110999
111001
111002
111004
111006
111008
111021
111023
111025
111027
111029
111031
111033
111350
111351
111355
111359
111362
111364
111396
111402
111406
111411
111413
111421
111423
111425
111436
111467
111468
111483
111485
111487
111488
111490
111492
111494
111495
111497
111498
111500
111502
111528
111530
111531
111532
111534
111535
111538
111539
111544
111555
111556
111558
111559
111560
111583
111585
111586
111589
111592
111593
111603
111604
111605
111607
111608
111610
111611
111687
111688
111694
111695
111696
111697
111699
111701
111705
111711
111714
111716
111743
111823
111824
111830
111831
111836
111838
111893
111894
111895
111897
111951
111953
111955
111957
111959
111964
111966
111982
111984
111985
112057
112059
112061
112064
112066
112071
112075
112122
112124
112128
112184
112186
112232
112233
112234
112283
112284
112286
112287
112288
112318
112320
112323
112403
112411
112475
112476
112477
112479
112480
112482
112483
112484
112492
112493
112504
112506
112507
112509
112511
112519
112526
112527
112657
112660
112661
112664
112666
113104
113105
113106
113107
113108
113110
113194
113196
113198
113201
113202
113203
113204
113208
113232
113284
113286
113288
113289
113290
113293
113464
113466
113468
113470
113474
113476
113526
113528
113529
113530
113556
113558
113559
113560
113561
113562
113563
113564
113570
113571
113573
113574
113575
113579
113580
113688
113689
113690
113691
113693
113694
113695
113696
113703
113704
113706
113716
113838
113839
113840
113842
113851
113852
113854
113871
113873
113875
113877
113879
113880
113902
113904
113975
113979
113982
113983
113986
113999
114001
114003
114066
114069
114074
114075
114076
114081
114086
114088
114089
114102
114143
114144
114145
114147
114149
114266
114267
114271
114276
114278
114280
114281
114287
114295
114296
114329
114330
114332
114334
114399
114401
114403
114405
114406
114414
114432
114467
114468
114471
114548
114594
114600
114602
114614
114616
114618
114621
114659
114660
114666
114675
114681
114689
114802
114805
114808
114836
114837
114884
114887
114890
114901
114927
114929
114932
114936
114937
114965
114967
114970
114971
114972
114993
114994
114995
114997
115026
115031
115050
115069
115070
115077
115087
115177
115179
115180
115182
115185
115188
115191
115195
115204
115205
115226
115227
115237
115343
115345
115347
115350
115358
115361
115365
115366
115378
115380
115500
115501
115502
115503
115769
115778
115780
116061
116085
116087
116094
116124
116127
116135
116136
116137
116138
116142
116146
116148
116160
116161
116163
116167
116169
116178
116184
116186
116192
116228
116229
116231
116236
116237
116313
116315
116317
116321
116336
116338
116341
116353
116359
116419
116421
116423
116425
116427
116468
116472
116533
116534
116537
116539
116544
116546
116547
116551
116566
116571
116572
116574
116609
116617
116620
116636
116637
116639
116642
116646
116657
116659
116660
116662
116690
116701
116702
116704
116706
116707
116708
116709
116742
116743
116746
116747
116749
116776
116777
116830
116831
116833
116834
116838
116842
116843
116913
116915
116917
116919
116921
116922
116924
116927
116928
116929
116933
117118
117119
117120
117122
117126
117128
117173
117216
117223
117225
117226
117253
117255
117256
117258
117280
117290
117291
117295
117297
117299
117303
117311
117327
117328
117427
117428
117429
117430
117431
117433
117435
117441
117443
117447
117455
117457
117543
117544
117546
117547
117574
117575
117576
117579
117581
117583
117586
117590
117592
117602
117604
117606
117607
117609
117613
117684
117685
117686
117694
117716
117725
117759
117760
117764
117766
117768
117770
117772
117776
117779
117781
117821
117823
117825
117826
117827
117847
117848
117849
117851
117852
117921
117922
117925
117927
118015
118019
118024
118028
118038
118042
118211
118252
118254
118301
118304
118308
118312
118314
118321
118435
118438
118440
118446
118454
118457
118458
118462
118464
118468
118469
118674
118676
118751
118754
118764
118767
118770
118777
118779
118870
118901
118903
118911
118912
118923
118929
118932
118933
118934
119100
119106
119108
119125
119129
119133
119134
119138
119139
119140
119141
119143
119264
119267
119268
119269
119314
119326
119327
119329
119380
119381
119386
119387
119417
119420
119421
119428
119431
119433
119440
119448
119451
119452
119549
119550
119618
119621
119626
119684
119687
119688
119690
119691
119763
119768
119917
119919
119921
119925
119926
119928
119969
120039
120045
120047
120048
120052
120057
120058
120059
120060
120061
120062
120063
120064
120078
120079
120081
120082
120194
120199
120200
120214
120219
120231
120232
120234
120237
120238
120240
120246
120261
120269
120274
120278
120279
120285
120286
120394
120396
120397
120402
120404
120405
120406
120407
120408
120410
120411
120416
120419
120420
120422
120426
120427
120428
120478
120479
120480
120483
120489
120491
120495
120496
120497
120498
120499
120581
120845
120849
121103
121111
121112
121220
121224
121233
121237
121252
121266
121267
121271
121275
121287
121288
121289
121291
121292
121293
121294
121295
121296
121298
121343
121344
121347
121401
121404
121406
121408
121449
121458
121463
121465
121510
121511
121513
121523
121526
121531
121533
121534
121537
121543
121544
121545
121548
121554
121804
121807
121809
121848
121863
121867
121868
121954
121956
121959
121961
121967
121968
122041
122212
122213
122214
122215
122220
122221
122223
