114332
114334
114399
114403
114405
114406
114414
114432
114467
114468
114471
114548
114594
114600
114602
114614
114616
114618
114621
114660
114681
114689
114802
114805
114808
114836
114837
114884
114887
114901
114927
114929
114936
114937
114965
114967
114970
114971
114972
114993
114994
114995
114997
115026
115031
115050
115069
115070
115077
115087
115179
115180
115182
115185
115191
115204
115205
115227
115237
115343
115345
115347
115350
115358
115361
115365
115366
115500
116061
116085
116087
116135
116161
116163
116167
116169
116178
116184
116186
116192
116228
116229
116236
116237
116313
116315
116317
116321
116338
116341
116353
116359
116419
116421
116423
116425
116427
116468
116472
116533
116534
116537
116539
116544
116546
116547
116551
116566
116571
116572
116574
116609
116617
116620
116636
116637
116639
116642
116657
116659
116660
116662
116690
116701
116706
