108769
108772
108783
108795
108803
108804
108805
108807
108814
108816
108817
108819
108908
108914
108915
108926
108928
108939
108940
108942
108943
108945
109005
109012
109014
109016
109187
109189
109191
109192
109196
109204
109214
109217
109220
109222
109238
109240
109242
109252
109254
109291
109293
109295
109297
109355
109361
109363
109364
109366
109420
109422
109424
109426
109470
109471
109475
109477
109479
109481
109482
109549
109550
109569
109573
109576
109587
109593
109594
109654
109655
109656
109657
109659
109660
109664
109672
109673
109675
109677
109679
109684
109690
109691
109693
109699
109763
109764
109765
109767
109769
109820
109821
109822
