118301
118308
118312
118314
118321
118435
118438
118440
118446
118457
118458
118462
118464
118468
118469
118674
118676
118751
118754
118767
118770
118777
118870
118901
118903
118911
118912
118929
118932
118933
118934
119100
119106
119108
119141
119143
119264
119267
119268
119269
119314
119326
119327
119329
119380
119381
119386
119387
119417
119420
119421
119428
119433
119440
119448
119451
119452
119550
119618
119621
119684
119687
119688
119690
119691
119763
119768
119917
119919
119921
119925
119926
119928
119969
120039
120045
120048
120052
120057
120058
120059
120060
120061
120062
120063
120064
120078
120079
120081
120082
120194
120199
120200
120214
120219
120231
120232
120234
120237
120238
120240
120246
120261
120269
120274
120278
120279
120285
120286
120394
120396
120397
120404
120405
120406
120407
120408
120410
120411
120416
120419
120420
120422
120426
120427
120428
120478
120479
120480
120483
120489
120495
120496
120497
120498
120499
120581
