0 250 78.3 0.377 0.282 885 304 54.4 927.017 846.784 0.0905902 4.71746e-05 0.250026 0.000201883 0.263703 0.000220361 0.263573 0.000191301 0.266537 0.000225245 0.270815 0.000232878 0.275495 0.000237186 0.280238 0.000248716 0.284957 0.00025957 0.289688 0.000266047 
1 250 78.3 0.377 0.282 885 304 54.4 925.859 845.685 0.0905918 4.38528e-05 0.25003 0.000201891 0.263711 0.000219848 0.263581 0.000219971 0.266544 0.00022528 0.270821 0.000232865 0.275501 0.000241427 0.280243 0.000250335 0.28496 0.00025957 0.289689 0.000269315 
2 250 78.1 0.377 0.281 884 303 54.4 924.169 844.103 0.0905932 4.38394e-05 0.250032 0.000201896 0.263728 0.000219872 0.263597 0.00022 0.266557 0.000225285 0.270831 0.00023291 0.275506 0.000241429 0.280244 0.000250356 0.284957 0.000259583 0.289682 0.000269289 
3 250 77.9 0.377 0.281 884 302 54.4 921.319 841.43 0.0905948 4.3685e-05 0.25004 0.000201911 0.263749 0.000219911 0.263617 0.000220032 0.266575 0.000194673 0.270845 0.000232941 0.275516 0.000241435 0.280249 0.000250375 0.284956 0.000259635 0.289674 0.000269291 
4 249 77.6 0.376 0.281 883 301 54.4 917.275 837.681 0.0905966 4.30077e-05 0.25004 0.000201915 0.263783 0.000219965 0.263651 0.00022009 0.266602 0.000225345 0.270865 0.000232949 0.275528 0.000241452 0.280252 0.000250367 0.28495 0.00025961 0.28966 0.000269212 
5 249 77.2 0.376 0.28 882 300 54.4 912.698 833.456 0.0905989 4.3108e-05 0.250049 0.000201934 0.263818 0.000220025 0.263684 0.000220142 0.266631 0.000225392 0.270886 0.000232962 0.275541 0.00024148 0.280257 0.000250432 0.284946 0.000259593 0.289645 0.000269233 
6 248 76.7 0.376 0.28 880 298 54.4 907.402 828.552 0.0906016 4.73439e-05 0.25006 0.000201956 0.263859 0.000220098 0.263721 0.00019197 0.266658 0.000225461 0.270903 0.000233007 0.275548 0.0002408 0.280252 0.000250376 0.28493 0.000257114 0.289618 0.00026917 
7 248 76.2 0.376 0.279 879 296 54.4 901.746 823.378 0.0906053 4.53238e-05 0.250074 0.000201983 0.263906 0.000220174 0.263761 0.000220269 0.266685 0.000219476 0.270918 0.000233059 0.275549 0.000241478 0.28024 0.000250361 0.284905 0.000259512 0.28958 0.000269095 
8 247 75.6 0.376 0.279 877 294 54.4 897.731 819.871 0.0906087 4.38524e-05 0.250107 0.000202038 0.263944 0.000220237 0.263781 0.000220301 0.266687 0.000225509 0.270902 0.000232996 0.275518 0.000241477 0.280197 0.000250297 0.284851 0.000259423 0.289519 0.000269077 
9 247 75 0.376 0.278 875 292 54.4 889.316 811.985 0.0906123 4.21567e-05 0.250111 0.000202053 0.264007 0.000220338 0.263843 0.000220408 0.266738 0.000225596 0.27094 0.000233099 0.275541 0.000241507 0.280203 0.000251314 0.284839 0.00025709 0.289486 0.000268822 
10 246 74.2 0.376 0.277 873 289 54.4 880.24 803.502 0.0906164 4.23677e-05 0.250117 0.000202071 0.264073 0.000220452 0.263907 0.000220517 0.26679 0.000225646 0.270977 0.000233123 0.275561 0.000239592 0.280203 0.00025032 0.28482 0.00025657 0.289446 0.000268695 
11 245 73.4 0.376 0.276 870 286 54.4 0 0 0.0906164 1.41421 0.250117 1.41421 0.264073 1.41421 0.263907 1.41421 0.26679 1.41421 0.270977 1.41421 0.275561 1.41421 0.280203 1.41421 0.28482 1.41421 0.289446 1.41421 
12 244 72.6 0.375 0.275 867 283 54.4 862.813 787.496 0.0906248 4.36644e-05 0.250161 0.000202154 0.264193 0.000220652 0.264001 0.000192995 0.266847 0.000225762 0.270995 0.000232515 0.275539 0.00023991 0.280144 0.000249397 0.284723 0.000259073 0.289314 0.000265001 
13 243 71.7 0.375 0.274 864 280 54.4 0 0 0.0906248 1.41421 0.250161 1.41421 0.264193 1.41421 0.264001 1.41421 0.266847 1.41421 0.270995 1.41421 0.275539 1.41421 0.280144 1.41421 0.284723 1.41421 0.289314 1.41421 
14 242 70.7 0.375 0.273 861 276 54.4 841.071 767.269 0.0906314 4.71478e-05 0.250186 0.000194703 0.264327 0.00022091 0.264116 0.0002207 0.266922 0.000225423 0.271027 0.000236439 0.275526 0.000240388 0.280084 0.000248781 0.284617 0.000256112 0.289161 0.000268317 
15 241 71.6 0.375 0.276 858 280 53 0 0 0.0906314 1.41421 0.250186 1.41421 0.264327 1.41421 0.264116 1.41421 0.266922 1.41421 0.271027 1.41421 0.275526 1.41421 0.280084 1.41421 0.284617 1.41421 0.289161 1.41421 
16 240 70.5 0.374 0.275 854 276 53 819.271 747.211 0.0906372 4.73438e-05 0.250223 0.000202285 0.264453 0.000221089 0.264202 0.00022052 0.266954 0.000225276 0.271003 0.000233285 0.275449 0.000253208 0.279956 0.000245128 0.284441 0.000258666 0.288942 0.000263491 
17 239 69.4 0.374 0.273 850 272 53 0 0 0.0906372 1.41421 0.250223 1.41421 0.264453 1.41421 0.264202 1.41421 0.266954 1.41421 0.271003 1.41421 0.275449 1.41421 0.279956 1.41421 0.284441 1.41421 0.288942 1.41421 
18 237 68.3 0.374 0.272 846 267 53 793.3 723.049 0.0906417 4.71599e-05 0.250242 0.000202334 0.264582 0.000221262 0.264295 0.000219602 0.266992 0.000226008 0.270983 0.000232603 0.27537 0.000240002 0.27982 0.000228898 0.284249 0.000258388 0.288697 0.000263629 
19 236 67 0.373 0.271 842 263 53 0 0 0.0906417 1.41421 0.250242 1.41421 0.264582 1.41421 0.264295 1.41421 0.266992 1.41421 0.270983 1.41421 0.27537 1.41421 0.27982 1.41421 0.284249 1.41421 0.288697 1.41421 
20 234 65.8 0.373 0.269 838 258 53 766.574 698.117 0.0906455 4.71658e-05 0.250259 0.00020238 0.264699 0.000221366 0.264368 0.000230703 0.267001 0.000226003 0.270925 0.000232369 0.275246 0.000239823 0.279632 0.000247553 0.284 0.00025528 0.288391 0.000263087 
21 233 66.3 0.373 0.271 833 261 51.6 0 0 0.0906455 1.41421 0.250259 1.41421 0.264699 1.41421 0.264368 1.41421 0.267001 1.41421 0.270925 1.41421 0.275246 1.41421 0.279632 1.41421 0.284 1.41421 0.288391 1.41421 
22 231 65 0.372 0.27 828 256 51.6 738.164 671.706 0.0906424 4.38149e-05 0.250264 0.000202406 0.264795 0.000219708 0.264405 0.000224469 0.266962 0.000225914 0.270809 0.000232206 0.275056 0.000240609 0.279372 0.000247214 0.283677 0.000257236 0.288011 0.000262803 
23 229 63.6 0.372 0.268 823 251 51.6 0 0 0.0906424 1.41421 0.250264 1.41421 0.264795 1.41421 0.264405 1.41421 0.266962 1.41421 0.270809 1.41421 0.275056 1.41421 0.279372 1.41421 0.283677 1.41421 0.288011 1.41421 
24 228 62.2 0.371 0.266 817 246 51.6 708.733 644.32 0.0906389 4.37832e-05 0.250269 0.000176948 0.264869 0.000221385 0.264411 0.000220255 0.266882 0.000225454 0.270644 0.0002319 0.274811 0.000239269 0.279052 0.000246342 0.283288 0.000254034 0.287563 0.000261975 
25 226 60.8 0.371 0.265 811 240 51.6 0 0 0.0906389 1.41421 0.250269 1.41421 0.264869 1.41421 0.264411 1.41421 0.266882 1.41421 0.270644 1.41421 0.274811 1.41421 0.279052 1.41421 0.283288 1.41421 0.287563 1.41421 
26 224 61 0.37 0.267 806 242 50.2 678.665 616.273 0.0906286 4.38448e-05 0.250252 0.000202419 0.264917 0.000221821 0.264379 0.000220866 0.266754 0.000225246 0.270422 0.000231466 0.2745 0.000238284 0.27866 0.000245591 0.282824 0.000253396 0.287038 0.00026091 
27 222 59.5 0.37 0.265 799 236 50.2 0 0 0.0906286 1.41421 0.250252 1.41421 0.264917 1.41421 0.264379 1.41421 0.266754 1.41421 0.270422 1.41421 0.2745 1.41421 0.27866 1.41421 0.282824 1.41421 0.287038 1.41421 
28 220 58 0.369 0.263 793 231 50.2 647.402 587.052 0.0906163 4.37964e-05 0.250227 0.000202393 0.264934 0.000223192 0.264307 0.000221009 0.266579 0.000224976 0.270145 0.000231678 0.274127 0.000230846 0.278199 0.000245107 0.282286 0.000252207 0.286435 0.000259952 
29 218 56.5 0.369 0.261 787 225 50.2 633.193 573.921 0.090606 4.70485e-05 0.250221 0.000202387 0.264914 0.000221838 0.264226 0.000221006 0.266434 0.000225035 0.269943 0.000230837 0.273874 0.00023748 0.277903 0.000244485 0.281956 0.00025168 0.286079 0.000262589 
30 215 56.5 0.368 0.263 780 226 48.8 614.791 556.617 0.0905966 4.70299e-05 0.250178 0.000202328 0.264914 0.000221838 0.264187 0.000232932 0.266345 0.000224647 0.269801 0.0002197 0.273681 0.000289027 0.27766 0.000244186 0.281667 0.000251146 0.285751 0.000222163 
31 213 54.9 0.368 0.261 773 220 48.8 600.592 543.375 0.0905859 4.72333e-05 0.250163 0.000202308 0.26488 0.000221784 0.26409 0.00022077 0.266183 0.000224484 0.269579 0.0002361 0.273404 0.000237168 0.277338 0.000243466 0.281307 0.000250408 0.285362 0.000261342 
32 211 53.3 0.367 0.259 765 214 48.8 582.954 526.807 0.0905733 4.72169e-05 0.250119 0.000202244 0.264852 0.000221732 0.264012 0.000227513 0.266047 0.000224129 0.269386 0.000232198 0.273156 0.00023684 0.277039 0.000242993 0.280963 0.000254834 0.28498 0.000260607 
33 208 53.2 0.367 0.26 758 214 47.5 567.362 512.273 0.0905572 4.71988e-05 0.250081 0.000194092 0.2648 0.000224093 0.263895 0.000220437 0.265863 0.000223942 0.269138 0.000233731 0.272852 0.000236105 0.276685 0.000242347 0.280569 0.000251716 0.284555 0.000259887 
34 206 51.6 0.366 0.258 750 208 47.5 551.435 497.391 0.0905408 4.71814e-05 0.250044 0.000181168 0.264734 0.000220412 0.263761 0.000220207 0.26566 0.000223759 0.268872 0.000229322 0.272528 0.000235634 0.276312 0.000241734 0.280154 0.000254289 0.28411 0.000259055 
35 203 50 0.365 0.256 742 202 47.5 533.948 480.991 0.0905235 4.71607e-05 0.249981 0.000202035 0.26467 0.000223035 0.263638 0.00021985 0.265471 0.000244967 0.268619 0.000228958 0.272217 0.00023373 0.275947 0.000242645 0.279744 0.000249987 0.283664 0.000258333 
36 201 49.7 0.364 0.258 734 201 46.1 519.117 467.184 0.0905031 4.69596e-05 0.249937 0.000201966 0.264573 0.000221195 0.263462 0.000219699 0.265221 0.000223197 0.2683 0.00022742 0.271838 0.000234983 0.275519 0.000235071 0.279278 0.000249322 0.283172 0.000257338 
37 198 48.1 0.364 0.255 726 195 46.1 501.684 450.831 0.0904815 4.69388e-05 0.249862 0.000201851 0.264478 0.000220946 0.263302 0.000218986 0.264991 0.000222964 0.268004 0.000227992 0.271481 0.000233297 0.275108 0.000241238 0.278821 0.00024851 0.28268 0.000256403 
38 195 46.4 0.363 0.253 717 189 46.1 485.982 436.108 0.0904586 4.69219e-05 0.249799 0.000204027 0.264358 0.000220823 0.263105 0.000218657 0.264718 0.000222043 0.267663 0.000226707 0.271079 0.00023258 0.274654 0.00023873 0.278326 0.000247635 0.282156 0.00025543 
39 192 46.1 0.362 0.254 708 188 44.8 470.624 421.846 0.090434 4.69028e-05 0.249739 0.000201651 0.264215 0.000220586 0.262876 0.00021828 0.264409 0.000222046 0.26728 0.000226602 0.270632 0.000227157 0.274154 0.000239562 0.277786 0.000246747 0.281591 0.000232057 
40 189 44.4 0.361 0.252 699 182 44.8 453.925 406.159 0.0904042 4.68723e-05 0.249639 0.000195998 0.264071 0.000220337 0.262655 0.000217919 0.264113 0.000220782 0.266914 0.000226151 0.270202 0.000232133 0.273669 0.000237062 0.277256 0.000245755 0.281028 0.000250168 
41 186 42.7 0.361 0.249 689 176 44.8 437.85 391.154 0.0903753 4.68474e-05 0.249552 0.000201352 0.2639 0.000220051 0.262401 0.000217742 0.26378 0.000219872 0.266508 0.00022481 0.269731 0.000230756 0.273143 0.000237837 0.276688 0.000244795 0.280431 0.000252568 
42 183 42.3 0.36 0.251 680 174 43.5 422.893 377.233 0.0903419 4.35046e-05 0.249465 0.000201207 0.263704 0.000219986 0.262105 0.000224758 0.263397 0.000219885 0.266049 0.00022421 0.269207 0.000230424 0.272565 0.000235171 0.276071 0.000243653 0.279791 0.000251266 
43 180 40.6 0.359 0.248 670 168 43.5 407.092 362.528 0.0903068 4.34738e-05 0.249359 0.000201034 0.263492 0.000218802 0.261802 0.000225675 0.263012 0.000219519 0.265588 0.000196141 0.26868 0.000230044 0.271984 0.000225527 0.275449 0.00023994 0.279144 0.000250219 
44 177 40.2 0.358 0.249 660 167 42.3 390.966 347.44 0.0902705 4.34397e-05 0.249234 0.000176858 0.263271 0.000218987 0.261495 0.000216131 0.262623 0.000218915 0.265125 0.000222214 0.268149 0.000227524 0.271395 0.000233148 0.274814 0.000241512 0.278479 0.000245422 
45 174 38.5 0.357 0.247 650 160 42.3 375.809 333.362 0.0902299 4.34401e-05 0.249113 0.00020063 0.263015 0.000204545 0.261138 0.000215448 0.262178 0.000226945 0.264602 0.000222211 0.267559 0.000225124 0.270751 0.000246347 0.27413 0.00023796 0.277773 0.000244253 
46 171 36.8 0.356 0.244 639 154 42.3 361.577 320.157 0.0901876 4.34079e-05 0.248994 0.000197228 0.262729 0.000217911 0.260742 0.000214844 0.261691 0.000217016 0.264035 0.000217371 0.266924 0.000226226 0.270062 0.000232493 0.273405 0.000239046 0.277031 0.000242962 
47 167 36.3 0.355 0.245 628 152 41 345.961 305.66 0.0901414 4.6801e-05 0.248842 0.000199953 0.262432 0.000206259 0.260345 0.000214126 0.261209 0.000216946 0.263476 0.000220314 0.266297 0.000224633 0.26938 0.000229795 0.272682 0.000235612 0.276285 0.000241623 
48 164 34.6 0.354 0.242 617 146 41 331.018 291.719 0.0900948 4.33269e-05 0.248681 0.000199019 0.262115 0.000212665 0.259927 0.000213663 0.260704 0.000215284 0.262892 0.000219334 0.265645 0.000223365 0.268672 0.000255068 0.271933 0.000233967 0.275512 0.000240338 
49 160 34 0.353 0.243 606 144 39.8 316.215 278.064 0.0900428 4.3271e-05 0.248519 0.000199639 0.261758 0.000216146 0.259457 0.000212717 0.260143 0.000214134 0.262252 0.000217653 0.264939 0.000223175 0.267913 0.000228794 0.27114 0.000235086 0.274704 0.000242256 
50 157 32.4 0.352 0.24 594 138 39.8 303.034 265.871 0.0899875 4.65042e-05 0.248354 0.000199358 0.261367 0.000216193 0.258948 0.000213171 0.259542 0.000203146 0.261574 0.000216285 0.264197 0.000221556 0.267123 0.000227429 0.27032 0.000231725 0.273875 0.000240897 
51 153 31.8 0.35 0.241 583 135 38.6 289.187 253.147 0.0899295 4.31763e-05 0.248177 0.000201418 0.260945 0.000215186 0.258403 0.000211159 0.258902 0.000212042 0.260856 0.000215853 0.263415 0.000219587 0.266295 0.000226074 0.269464 0.000230529 0.273014 0.000239321 
52 149 30.1 0.349 0.238 571 129 38.6 274.84 239.847 0.0898677 4.63991e-05 0.247954 0.000198686 0.260514 0.000214272 0.257865 0.000208377 0.258278 0.000210997 0.260155 0.000214359 0.262648 0.000218497 0.265475 0.000223126 0.268609 0.00022878 0.272142 0.000237824 
53 146 29.5 0.348 0.239 558 127 37.4 261.297 227.373 0.0898013 4.65106e-05 0.247733 0.000198208 0.260037 0.000213749 0.25727 0.00020924 0.257593 0.00020991 0.259393 0.000213462 0.261823 0.000217255 0.264603 0.000221485 0.267708 0.000229251 0.271234 0.000232914 
54 142 27.9 0.347 0.236 546 121 37.4 247.749 214.944 0.0897329 4.64545e-05 0.247505 0.000189394 0.259523 0.000212739 0.256632 0.000208351 0.256864 0.000209069 0.258586 0.000211571 0.260953 0.000215735 0.263687 0.000220025 0.266767 0.000223619 0.270292 0.000234634 
55 138 26.4 0.345 0.233 533 115 37.4 235.66 203.869 0.0896579 4.63939e-05 0.247263 0.000197679 0.258965 0.000212104 0.255945 0.000208283 0.256084 0.000207224 0.25773 0.000210799 0.260036 0.000213778 0.262728 0.000218713 0.265788 0.00022362 0.269318 0.000232976 
56 134 25.7 0.344 0.233 520 112 36.2 223.612 192.865 0.08958 4.63321e-05 0.247009 0.000197213 0.258367 0.000210799 0.255214 0.000205923 0.255261 0.000206116 0.256832 0.000208719 0.259078 0.00021302 0.26173 0.000216656 0.264774 0.000224263 0.268314 0.000231277 
57 130 24.2 0.342 0.23 507 106 36.2 211.376 181.736 0.0894985 4.62683e-05 0.246743 0.000196819 0.257727 0.000209856 0.254436 0.000180395 0.254391 0.000204993 0.255889 0.000207797 0.258079 0.000210801 0.260695 0.000215209 0.263726 0.000222481 0.267281 0.000229559 
58 126 23.5 0.341 0.231 493 104 35 199.514 170.916 0.0894075 4.27838e-05 0.246422 0.000196126 0.257056 0.00020831 0.253639 0.000203351 0.253507 0.000203609 0.254932 0.000205147 0.257065 0.000209128 0.259642 0.000213281 0.262658 0.000220706 0.266224 0.00022774 
59 122 22.7 0.339 0.231 480 101 33.9 187.516 159.993 0.0893157 4.27121e-05 0.246087 0.000193642 0.256347 0.000216263 0.252802 0.000201968 0.252582 0.000201819 0.253934 0.000203981 0.25601 0.000207325 0.25855 0.000211504 0.261553 0.000218885 0.265132 0.000225887 
60 118 21.3 0.338 0.228 466 95.3 33.9 175.288 148.933 0.0892173 4.26427e-05 0.245744 0.000194649 0.255575 0.000206406 0.251892 0.000205653 0.251584 0.000198257 0.252868 0.000202924 0.254893 0.000205624 0.257405 0.000211223 0.260404 0.00021693 0.264009 0.000224029 
61 114 20.6 0.336 0.228 452 92.6 32.8 165.096 139.752 0.0891138 4.25635e-05 0.245382 0.000193436 0.25475 0.000204727 0.250926 0.000199138 0.250533 0.000198852 0.251752 0.000200617 0.253731 0.00020372 0.25622 0.000209314 0.259223 0.000215003 0.262859 0.000221987 
62 110 19.2 0.334 0.225 437 87 32.8 155.261 130.906 0.0890049 4.24886e-05 0.245007 0.000193746 0.253863 0.000170031 0.249898 0.00019735 0.249425 0.000186068 0.250586 0.000199267 0.252529 0.00020181 0.255002 0.000205932 0.258015 0.000212025 0.261689 0.000220079 
63 105 18.5 0.332 0.225 423 84.3 31.7 145.441 122.123 0.0888876 4.5789e-05 0.244596 0.000192631 0.252921 0.000201924 0.248816 0.000195803 0.248266 0.000194938 0.249371 0.000196873 0.251277 0.000199829 0.253738 0.000204319 0.256765 0.000210959 0.260481 0.000218044 
64 101 17.1 0.33 0.221 408 78.8 31.7 135.901 113.596 0.0887661 4.23174e-05 0.244158 0.000192282 0.251922 0.000190837 0.247673 0.000193831 0.247044 0.000193028 0.248095 0.000194798 0.249969 0.000197656 0.252422 0.000203156 0.25547 0.00020882 0.259237 0.000216049 
65 96.7 16.4 0.328 0.221 393 76.1 30.6 126.066 104.857 0.0886329 4.55942e-05 0.243676 0.00019497 0.25086 0.000198618 0.246468 0.000192285 0.245764 0.000191027 0.246763 0.000210375 0.248607 0.000196564 0.251058 0.000201009 0.254134 0.000206691 0.25796 0.000213926 
66 92.3 15.2 0.326 0.218 378 70.8 30.6 117.024 96.8219 0.0884969 4.18795e-05 0.243169 0.000177931 0.249736 0.000196806 0.245202 0.000189952 0.244425 0.000169708 0.245376 0.00019061 0.247195 0.000193364 0.249648 0.000197771 0.252757 0.000204434 0.256649 0.000211851 
67 88 14.5 0.324 0.217 362 68.1 29.5 108.38 89.2031 0.0883489 4.53796e-05 0.242622 0.000220637 0.248536 0.000194853 0.243862 0.000188045 0.243018 0.000186754 0.243927 0.000188828 0.245729 0.000192036 0.248192 0.000196474 0.251344 0.000202253 0.25531 0.000209634 
68 83.6 13.8 0.322 0.217 347 65.4 28.5 100.2 82.0216 0.0881963 4.19218e-05 0.242042 0.000188799 0.247267 0.000192907 0.242451 0.000185872 0.241544 0.000184496 0.242415 0.000186005 0.244205 0.000190199 0.246687 0.000194112 0.249889 0.000200007 0.253938 0.000207353 
69 79.3 12.6 0.319 0.213 331 60.5 28.5 92.4085 75.207 0.088036 4.18085e-05 0.241434 0.000187609 0.245912 0.000190711 0.24096 0.000183196 0.239996 0.000217296 0.240838 0.000183816 0.242626 0.000186294 0.245136 0.000191691 0.2484 0.000197542 0.252539 0.000202005 
70 74.9 12 0.317 0.213 315 57.8 27.4 84.9461 68.725 0.0878593 4.16898e-05 0.240765 0.000159408 0.244472 0.000188452 0.239382 0.000181056 0.238368 0.000179819 0.239189 0.000180967 0.240984 0.000183786 0.243533 0.000189237 0.246868 0.000195117 0.251108 0.000199756 
71 70.6 11.3 0.314 0.213 300 55.2 26.4 77.8603 62.5948 0.0876784 4.48837e-05 0.24006 0.000182506 0.242954 0.000186163 0.237729 0.000178685 0.23667 0.000177265 0.237479 0.000178532 0.239289 0.000182164 0.241885 0.000186646 0.2453 0.000192764 0.249646 0.000197414 
72 66.3 10.3 0.311 0.209 284 50.6 26.4 71.1588 56.8267 0.0874827 4.14304e-05 0.239296 0.000183972 0.241344 0.000183663 0.235989 0.000175956 0.234894 0.000174588 0.2357 0.000176321 0.237536 0.000179486 0.240189 0.000184083 0.243693 0.000190236 0.24815 0.000198145 
73 62 9.65 0.309 0.208 268 48 25.4 64.8375 51.4227 0.0872824 4.44312e-05 0.2385 0.000182648 0.239638 0.000181004 0.234158 0.00018262 0.233037 0.0001708 0.23385 0.000173255 0.235723 0.000176787 0.238446 0.000181417 0.242049 0.000187764 0.246625 0.000195849 
74 57.8 9.04 0.306 0.207 252 45.5 24.5 58.8541 46.3459 0.0870678 4.42754e-05 0.237634 0.000180834 0.237841 0.000178351 0.232239 0.000170374 0.231098 0.00016919 0.231925 0.000170729 0.233845 0.000173983 0.236646 0.000177079 0.240358 0.000185119 0.24506 0.00019337 
75 53.7 8.12 0.303 0.203 237 41.3 24.5 53.271 41.6259 0.0868392 4.4108e-05 0.236701 0.000179923 0.235949 0.000175418 0.230232 0.000167572 0.229077 0.000165935 0.229927 0.000178718 0.231902 0.000171125 0.234795 0.000176007 0.238626 0.000182538 0.243459 0.000190847 
76 49.7 7.56 0.299 0.202 221 38.9 23.5 48.0492 37.2537 0.0865941 4.39294e-05 0.235703 0.000178045 0.233944 0.000169662 0.228121 0.000164517 0.226967 0.000162945 0.227854 0.000164431 0.229902 0.000168181 0.2329 0.000171807 0.236862 0.000179805 0.24183 0.000188359 
77 45.7 7.01 0.296 0.201 206 36.5 22.6 43.1308 33.1674 0.0863381 4.37453e-05 0.234646 0.000176313 0.231835 0.000169281 0.225915 0.000161412 0.224774 0.000159718 0.225712 0.000161261 0.227846 0.000165201 0.230963 0.000170331 0.235066 0.00017714 0.240169 0.000182802 
78 41.9 6.48 0.293 0.2 191 34.2 21.7 38.5991 29.4292 0.0860761 4.35574e-05 0.233529 0.000174525 0.229631 0.000166147 0.223622 0.000158087 0.222503 0.000156613 0.223504 0.0001586 0.225736 0.000162174 0.228983 0.000167433 0.233232 0.000172342 0.238466 0.000164699 
79 38.2 5.73 0.289 0.196 176 30.7 21.7 34.4289 26.0126 0.0857916 4.3353e-05 0.232324 0.000172573 0.227311 0.000162705 0.221229 0.000154631 0.22015 0.000153873 0.221231 0.000154799 0.223578 0.000159152 0.226967 0.000164555 0.231365 0.000171737 0.236717 0.000180597 
80 34.6 5.26 0.285 0.195 162 28.5 20.8 30.5203 22.8447 0.0854942 4.31383e-05 0.231042 0.000181184 0.224896 0.000159326 0.21875 0.000151265 0.217723 0.000154806 0.218897 0.00015216 0.22137 0.000156072 0.224908 0.000161615 0.229453 0.000168937 0.234909 0.000174887 
81 31.2 4.8 0.281 0.194 148 26.4 19.9 26.9724 19.9955 0.0851877 4.29189e-05 0.229693 0.000158048 0.222379 0.000155744 0.216183 0.000147615 0.215224 0.000175614 0.216508 0.000148878 0.219121 0.000152928 0.222814 0.000158645 0.227499 0.00016401 0.233036 0.000172108 
82 27.9 4.37 0.277 0.192 134 24.4 19 23.6922 17.3889 0.0848526 4.26755e-05 0.228236 0.000157728 0.219751 0.000151887 0.213524 0.000144135 0.212653 0.000143313 0.214062 0.000145535 0.216826 0.000148889 0.220678 0.000154287 0.225493 0.000161135 0.231085 0.00017221 
83 24.9 3.96 0.273 0.191 122 22.5 18.2 20.7396 15.0634 0.0845151 4.23763e-05 0.22672 0.00016359 0.217044 0.00014378 0.210797 0.000140329 0.210023 0.000139535 0.211569 0.000142209 0.214492 0.000146586 0.2185 0.000150531 0.223429 0.000160283 0.229044 0.000169246 
84 22 3.58 0.268 0.189 109 20.6 17.4 18.042 12.9646 0.0841486 4.20908e-05 0.225093 0.000161053 0.214243 0.000151249 0.207996 0.000136758 0.207335 0.000136258 0.20903 0.000138845 0.212119 0.000143372 0.216277 0.000149582 0.221297 0.000157249 0.226896 0.000163183 
85 19.4 3.22 0.264 0.188 97.8 18.9 16.6 15.6326 11.1104 0.0837719 4.18649e-05 0.223397 0.0001585 0.211362 0.000140354 0.205132 0.000133021 0.204602 0.000132657 0.20646 0.000135454 0.209718 0.000138722 0.214015 0.0001465 0.219095 0.000152068 0.224632 0.000159999 
86 16.9 2.75 0.259 0.183 86.9 16.4 16.6 13.5136 9.49201 0.0833941 4.15612e-05 0.221647 0.000155736 0.208435 0.000135333 0.202234 0.000129156 0.201843 0.00012916 0.203868 0.000132117 0.207287 0.000136055 0.2117 0.000143356 0.216797 0.000149088 0.222221 0.000156511 
87 14.7 2.45 0.254 0.181 76.8 14.9 15.8 11.5561 8.02346 0.0829691 4.129e-05 0.219754 0.000153148 0.205437 0.000132758 0.199289 0.00012557 0.199051 0.000125631 0.201245 0.000128739 0.204816 0.000133748 0.209314 0.000138896 0.214383 0.000146175 0.219643 0.000152907 
88 12.6 2.17 0.25 0.179 67.4 13.4 15 9.84767 6.7555 0.0825693 4.11722e-05 0.217874 0.000150043 0.20244 0.000128883 0.196348 0.000121745 0.196262 0.000121885 0.198619 0.000125432 0.202317 0.000130539 0.206856 0.000137614 0.211841 0.000142231 0.216885 0.00014908 
89 10.8 1.91 0.244 0.177 58.8 12.1 14.3 8.32563 5.64342 0.0821189 4.06421e-05 0.215856 0.000147243 0.199401 0.000125019 0.193387 0.000124841 0.19346 0.000118503 0.19597 0.000122145 0.199765 0.000127299 0.204298 0.000129595 0.209144 0.000138667 0.213924 0.000145042 
90 9.13 1.68 0.239 0.175 50.9 10.8 13.6 7.01935 4.70069 0.0816768 4.03004e-05 0.213832 0.000146522 0.196391 0.000121087 0.190459 0.000114713 0.19068 0.000115228 0.193315 0.000118402 0.197162 0.00012223 0.201628 0.000128779 0.206277 0.000134625 0.210752 0.000140761 
91 7.67 1.46 0.234 0.172 43.7 9.67 12.9 5.8655 3.88095 0.0812158 3.99887e-05 0.211756 0.000141257 0.193408 0.000117597 0.187566 0.000111128 0.187921 0.000112044 0.190646 0.000115623 0.19449 0.000124877 0.198828 0.000125307 0.203225 0.000130893 0.207363 0.000136123 
92 6.4 1.34 0.228 0.173 37.4 9.03 11.5 4.86155 3.18023 0.0807527 3.96583e-05 0.209674 0.000138308 0.190491 0.000113933 0.184736 0.000120565 0.185196 0.00010882 0.187962 0.000112412 0.191737 0.000116575 0.195881 0.000121605 0.199978 0.000126727 0.203757 0.000130879 
93 5.3 1.16 0.223 0.17 31.7 8 10.9 4.02284 2.60153 0.0802926 3.92849e-05 0.207614 0.000135298 0.187671 0.00011149 0.181985 0.000104742 0.182506 0.000130787 0.185251 0.000109186 0.188887 0.000113109 0.192774 0.000117834 0.196531 0.000122453 0.199937 0.00012656 
94 4.35 1 0.217 0.168 26.7 7.06 10.2 3.29803 2.10933 0.0798244 3.88385e-05 0.205565 0.000132605 0.184951 0.000107073 0.179321 0.000101707 0.179857 0.000102414 0.182508 0.000106018 0.185931 0.000109515 0.189504 0.000113887 0.192889 0.000117898 0.195919 0.000121554 
95 3.54 0.858 0.212 0.165 22.3 6.2 9.61 2.69386 1.70517 0.0793463 3.83243e-05 0.203539 0.000137131 0.182351 0.000110543 0.176746 9.87088e-05 0.177233 9.94034e-05 0.179716 0.000102764 0.182855 0.000106466 0.186065 0.000109691 0.18906 0.000113661 0.191718 0.000118828 
96 2.86 0.732 0.206 0.162 18.5 5.43 9.02 2.18722 1.37155 0.0788755 3.79209e-05 0.201589 0.000127252 0.17989 0.000101596 0.174265 9.60419e-05 0.174633 9.65481e-05 0.176869 9.95253e-05 0.179659 0.00010298 0.18247 0.000106589 0.185065 0.000108497 0.187359 0.000111145 
97 2.29 0.621 0.2 0.159 15.2 4.73 8.44 1.76075 1.09471 0.0784252 3.74775e-05 0.199754 0.000116796 0.177575 9.90178e-05 0.171879 9.34326e-05 0.172052 9.37443e-05 0.173965 9.62727e-05 0.176352 9.92133e-05 0.178735 0.000101258 0.180928 0.000105248 0.182871 0.000105908 
98 1.82 0.556 0.194 0.159 12.5 4.33 7.35 1.3904 0.858532 0.0780017 3.69435e-05 0.198063 0.000122622 0.175408 9.65662e-05 0.169558 9.08457e-05 0.169459 8.11934e-05 0.170988 9.28859e-05 0.172936 9.48018e-05 0.174883 9.68679e-05 0.176679 9.87944e-05 0.178286 0.00010061 
99 1.43 0.468 0.188 0.155 10.1 3.74 6.83 1.11145 0.682596 0.0775851 3.66358e-05 0.196475 0.00012211 0.173331 8.77269e-05 0.167256 9.4938e-05 0.166822 8.82599e-05 0.16793 8.96579e-05 0.169428 9.08741e-05 0.170944 9.24685e-05 0.172361 9.35392e-05 0.173649 9.54215e-05 
0 12 12 12
1 12 12 12
2 12 12 12
3 12 12 12
4 12 12 12
5 12 12 12
6 12 12 12
7 12 12 12
8 12 12 12
9 12 12 12
10 12 12 12
