2.25  0.000406634  0.000153467  5.17267e-05  0.000144487  0  0.000144487  0 
2.75  0.000127055  2.63586e-05  1.75144e-05  1.96982e-05  0  1.96982e-05  0 
3.25  3.51494e-05  7.71602e-06  6.65539e-06  3.90418e-06  0  3.90418e-06  0 
3.75  1.10453e-05  1.44579e-06  7.83701e-07  1.21495e-06  0  1.21495e-06  0 
4.25  4.54491e-06  6.09236e-07  3.39476e-07  5.0589e-07  0  5.0589e-07  0 
4.75  1.87588e-06  2.70977e-07  1.67569e-07  2.12953e-07  0  2.12953e-07  0 
5.25  6.3443e-07  1.20697e-07  9.76381e-08  7.09547e-08  0  7.09547e-08  0 
5.75  4.65353e-07  8.14361e-08  6.1733e-08  5.31119e-08  0  5.31119e-08  0 
6.50  2.26788e-07  4.26952e-08  3.33737e-08  2.66284e-08  0  2.66284e-08  0 
7.50  4.8341e-08  1.1678e-08  1.00937e-08  5.87291e-09  0  5.87291e-09  0 
8.50  1.17977e-08  6.6062e-09  6.43883e-09  1.47761e-09  0  1.47761e-09  0 
9.50  6.32786e-09  3.75559e-09  3.66616e-09  8.14682e-10  0  8.14682e-10  0 


%################## 60 - 88 ###################
$p_T$  inv. yield  tot. err stat. err. sys. err.  error A  error B  error C

