1.25   0   0.0299364   0.0514753 
1.75   0   0.0145788   0.00787322 
2.25   0   0.00272875   0.00141566 
2.75   0   0.00128995   0.000494937 
3.25   0   0.00054387   0.000173728 
3.75   0   0.000131015   2.80126e-05 
4.25   0   5.31155e-05   1.07968e-05 
4.75   0   2.13696e-05   4.25024e-06 
5.25   0   1.0321e-05   2.11135e-06 
5.75   0   5.29581e-06   1.33383e-06 
6.25   0   2.65764e-06   6.7077e-07 
6.75   0   1.5936e-06   3.82907e-07 
7.25   0   9.48793e-07   2.38657e-07 
7.75   0   4.40962e-07   1.44373e-07 
8.25   0   2.51596e-07   9.66917e-08 
8.75   0   1.43217e-07   4.9968e-08 
9.50   0   8.92504e-08   2.94502e-08 
11.00   0   3.56205e-08   8.50813e-09 



 1.25  0.05   0.01377960   0.0167189   0.0166405   0.00161758  0.000826774   0.00133572   0.000385828 
 1.75  0.05   0.003147310  0.00270908   0.00269654   0.000260389  0.000188839   0.000156129  8.81247e-05 
 2.25  0.05   0.000983157  0.000659016   0.000653791  8.28195e-05  5.89894e-05  5.12007e-05   2.75284e-05 
 2.75  0.05   0.000302104  0.000200168   0.00019826   2.75708e-05   1.81262e-05   1.89746e-05   8.45891e-06 
 3.25  0.05   9.3469e-05   3.26973e-05   2.52602e-05   2.07613e-05   5.60814e-06   1.92585e-05   5.35635e-06 
 3.75  0.05   3.22094e-05  9.98634e-06   7.56611e-06   6.51774e-06   1.93256e-06   5.94467e-06   1.8458e-06 
 4.25  0.05   1.21043e-05  3.5915e-06   2.79093e-06   2.26044e-06   7.26259e-07   2.02509e-06   6.93653e-07 
 4.75  0.05   5.0605e-06   1.56625e-06   1.29348e-06   8.83201e-07   3.0363e-07   7.77016e-07   2.89998e-07 
 5.25  0.05   2.02191e-06  7.19343e-07   6.37249e-07   3.3372e-07   1.21315e-07   2.88489e-07   1.15868e-07 
 5.75  0.05   1.08861e-06  4.21813e-07   3.85268e-07   1.7174e-07   6.53163e-08   1.4607e-07   6.23838e-08 
 6.25  0.05   6.06818e-07  2.55794e-07   2.38541e-07   9.23514e-08   3.64091e-08   7.74203e-08   3.47744e-08 
 6.75  0.05   3.21382e-07  1.58785e-07   1.51498e-07   4.75496e-08   1.92829e-08   3.93692e-08   1.84172e-08 
 7.25  0.05   1.39715e-07  5.30703e-08   4.90662e-08   2.02229e-08   8.38291e-09   1.65707e-08   8.00655e-09 
 7.75  0.05   1.05682e-07  9.30299e-08   9.18061e-08   1.50403e-08   6.3409e-09   1.22199e-08   6.05621e-09 
 8.25  0.05   6.33265e-08  4.66909e-08   4.58356e-08   8.89637e-09   3.79959e-09   7.17905e-09   3.629e-09 
 8.75  0.05   2.83356e-08  6.70184e-09   5.42032e-09   3.94142e-09   1.70014e-09   3.16348e-09   1.62381e-09 
 9.50  0.05   2.20041e-08  1.33174e-08   1.29686e-08   3.02815e-09   1.32025e-09   2.4159e-09   1.26097e-09 
 11.0  0.05   6.20529e-09  1.28558e-09   9.70219e-10   8.43439e-10  3.72317e-10   6.6807e-10  3.55601e-10 



 p_T  p_Terr  inv.yield   tot.err.  stat.err.   sys.err.   errorA   errorB   errorC

  Data table of the eta spectrum measured in p+p. The errors
  reflect the absolute errors. tot. err. reflects the systematic plus
  statistical error; stat. err. reflects the statistical error;
  sys. err. reflects the total systematic error; error A reflects the
  point-to-point systematic error; error B reflects systematic errors that are
  correlated in $p_T$ but allow the shape of the result to change; error C
  reflects the normalization error.

