2.25  0.00117474  0.000438239  0.00013716  0.000416222  0  0.000416222  0 
2.75  0.000401691  7.5237e-05  4.35699e-05  6.13373e-05  0  6.13373e-05  0 
3.25  0.000101507  1.93274e-05  1.59325e-05  1.09409e-05  0  1.09409e-05  0 
3.75  3.92238e-05  4.59471e-06  1.89838e-06  4.18419e-06  0  4.18419e-06  0 
4.25  1.46718e-05  1.77406e-06  7.97042e-07  1.58494e-06  0  1.58494e-06  0 
4.75  5.89399e-06  7.52587e-07  3.79093e-07  6.50135e-07  0  6.50135e-07  0 
5.25  2.99228e-06  4.0114e-07  2.35297e-07  3.24882e-07  0  3.24882e-07  0 
5.75  1.45275e-06  2.05787e-07  1.2797e-07  1.61158e-07  0  1.61158e-07  0 
6.50  5.43878e-07  8.24375e-08  5.41374e-08  6.21697e-08  0  6.21697e-08  0 
7.50  1.67821e-07  3.68972e-08  3.10805e-08  1.98849e-08  0  1.98849e-08  0 
8.50  5.9127e-08  1.28752e-08  1.06512e-08  7.23346e-09  0  7.23346e-09  0 
9.50  1.91925e-08  7.74021e-09  7.35326e-09  2.41668e-09  0  2.41668e-09  0 
11.0  1.18452e-08  2.90338e-09  2.45437e-09  1.55102e-09  0  1.55102e-09  0 


%################## d+Au 20-40 ###################

$p_T$   inv. yield   tot. err   stat. err.   sys. err.   error A   error B   error C 

