2.25  2.05976  0.749249  0.130123  0.000336668  0  0.729896  0.108137 
2.75  0.624957  0.108818  0.0405455  4.40513e-05  0  0.0955031  0.0328102 
3.25  0.157453  0.0240312  0.0148412  7.84005e-06  0  0.0169972  0.00826628 
3.75  0.0671828  0.00821051  0.00185683  3.3109e-06  0  0.00717804  0.0035271 
4.25  0.0257029  0.0031821  0.000756069  1.28269e-06  0  0.00278087  0.0013494 
4.75  0.0105708  0.00134311  0.000363815  5.38623e-07  0  0.00116774  0.000554968 
5.25  0.00438376  0.000564554  0.000196277  2.19873e-07  0  0.000476686  0.000230147 
5.75  0.00230353  0.000308034  0.000121526  1.18041e-07  0  0.000255912  0.000120936 
6.50  0.00092025  0.000126656  5.11051e-05  4.85871e-08  0  0.000105337  4.83131e-05 
7.50  0.000246894  4.38605e-05  2.99621e-05  1.35109e-08  0  2.92917e-05  1.29619e-05 
8.50  9.17118e-05  1.88926e-05  1.44069e-05  5.18141e-09  0  1.12333e-05  4.81487e-06 
9.50  4.56293e-05  9.14399e-06  6.69237e-06  2.65317e-09  0  5.75206e-06  2.39554e-06 
11.0  1.30969e-05  2.88412e-06  2.2132e-06  7.91844e-10  0  1.71672e-06  6.87587e-07 

%################## 0 - 88 (MB) ###################

$p_T$  inel.sigma(mb)   tot. err  stat. err.   sys. err.   error A   error B   error C 

dAu min. bias abs. cross-section normalization as of PPG038 (sigma_dAu = 1.99 +/- 0.1 b)