2.75   0.861533   0.338389   0.211856   0.240887   0.101661 
3.25   1.15026    0.304456   0.202305   0.176331   0.135731 
3.75   1.08684    0.200771   0.0709205   0.129702   0.128247 
4.25   1.07742    0.192189   0.077512   0.113094   0.127136 
4.75   1.14441    0.209908   0.104032   0.113027   0.13504 
5.25   0.961517   0.197876   0.125614   0.0945   0.113459 
5.75   1.04449    0.233818   0.164377   0.10298   0.123249 
6.50   1.15407    0.246076   0.163371   0.114249   0.136181 
7.50   0.928675   0.314168   0.276952   0.0923234   0.109584 
8.50   1.23696    0.490241   0.44857   0.123345   0.145962 
9.50   0.842199   0.450938   0.430325   0.0841575   0.0993795 
11.0   0.704442   0.645395   0.635458   0.070532   0.0831242 


%% R_dA (40-60%)
$p_T$ & $R_{dA} & tot. err & stat. err. + error A & error B & error C 
