1.25   0   0.0103327   0.0125366 
1.75   0   0.00250629   0.00215731 
2.25   0   0.000819914   0.000549591 
2.75   0   0.000256973   0.000170265 
3.25   0   7.79279e-05   2.72605e-05 
3.75   0   2.66805e-05   8.27207e-06 
4.25   0   1.02201e-05   3.03242e-06 
4.75   0   4.26222e-06   1.31917e-06 
5.25   0   1.74314e-06   6.2016e-07 
5.75   0   9.38874e-07   3.63793e-07 
6.25   0   5.27088e-07   2.22184e-07 
6.75   0   2.81624e-07   1.39141e-07 
7.25   0   1.2271e-07   4.66106e-08 
7.75   0   9.39674e-08   8.2718e-08 
8.25   0   5.67393e-08   4.18341e-08 
8.75   0   2.55629e-08   6.046e-09 
9.50   0   1.98082e-08   1.19884e-08 
11.00   0   5.60877e-09   1.16199e-09 
