1.25   0   0.0285875   0.049046
1.75   0   0.0139212   0.00741348
2.25   0   0.00316223  0.000148222
2.75   0   0.00113862  6.11115e-05
3.25   0   0.000373066 1.19779e-05
3.75   0   0.000118646 3.69162e-06
4.25   0   4.86889e-05 1.01188e-06
4.75   0   2.05212e-05 7.97811e-07
5.25   0   9.23162e-06 4.13139e-07
5.75   0   4.17121e-06 2.52096e-07
6.25   0   2.51345e-06 1.66376e-07
6.75   0   1.3879e-06  1.21297e-07
7.25   0   6.56919e-07 7.83818e-08
7.75   0   4.89209e-07 6.4279e-08
8.25   0   2.38273e-07 8.46431e-08
8.75   0   1.35691e-07 4.3031e-08
9.50   0   8.45263e-08 2.50859e-08
11.0   0   3.37378e-08 6.46019e-09


Data above are new RUN-3 for lower (upper) 2 (4) points 
plus QM'04 preliminary.
