2.75   0.00  0.00130243   0.000419447  0.000224253  7.90522e-06  0  0.0003336    0.000119824 
3.25   0.00  0.000377961  6.8016e-05   8.08014e-06  1.37191e-06  0  5.78944e-05  3.47724e-05 
3.75   0.00  0.000137072  2.14441e-05  3.53253e-06  4.02386e-07  0  1.69807e-05  1.26106e-05 
4.25   0.00  5.48804e-05  8.19995e-06  1.80478e-06  1.47014e-07  0  6.204e-06    5.049e-06 
4.50   0.00  3.42655e-05  5.01742e-06  9.49005e-07  8.97227e-08  0  3.7863e-06   3.15243e-06 
4.75   0.00  2.22087e-05  3.34033e-06  1.0346e-06   5.76213e-08  0  2.43162e-06  2.0432e-06 
5.25   0.00  1.07581e-05  1.69517e-06  6.81689e-07  2.83301e-08  0  1.19553e-06  9.89748e-07 
5.50   0.00  7.4234e-06   1.1432e-06   3.81619e-07  1.9753e-08   0  8.33576e-07  6.82953e-07 
5.75   0.00  5.66265e-06  9.36423e-07  4.39192e-07  1.52212e-08  0  6.42336e-07  5.20964e-07 
6.50   0.00  2.0184e-06   3.47345e-07  1.75071e-07  5.58343e-09  0  2.35621e-07  1.85693e-07 
7.50   0.00  6.99185e-07  1.40096e-07  9.13861e-08  2.00201e-09  0  8.44847e-08  6.4325e-08 
8.50   0.00  1.81298e-07  4.92343e-08  4.04406e-08  5.35341e-10  0  2.25914e-08  1.66794e-08 
9.50   0.00  1.01576e-07  3.22194e-08  2.79533e-08  3.08402e-10  0  1.30146e-08  9.34499e-09 
11.0   0.00  2.20773e-08  9.24312e-09  8.52523e-09  1.34737e-10  0  2.93773e-09  2.03111e-09 


p_T  err.pT cross-section  tot.err  stat.err.  sys.err.  error-A  error-B  error-C

Table 3 of AN427:
error-A = point-to-point systematics (none)
error-B = pT-correlated (all systematics)
error-C = 9.2% BBC-cross-section abs. norm. uncertainty

NOTE: extra 4.25, 4.75, 5.25 and 5.75 binning points for bin-to-bin ratios 