2.25  0.0015938  0.000595992  0.000184932  0.000566574  0  0.000566574  0 
2.75  0.000546126  0.00010198  5.65359e-05  8.4874e-05  0  8.4874e-05  0 
3.25  0.000126979  2.49281e-05  2.05089e-05  1.41703e-05  0  1.41703e-05  0 
3.75  5.83692e-05  6.89419e-06  2.43149e-06  6.45118e-06  0  6.45118e-06  0 
4.25  2.21729e-05  2.6598e-06  9.62415e-07  2.47957e-06  0  2.47957e-06  0 
4.75  9.2587e-06  1.15212e-06  4.61197e-07  1.05578e-06  0  1.05578e-06  0 
5.25  3.84754e-06  4.9228e-07  2.35493e-07  4.32299e-07  0  4.32299e-07  0 
5.75  1.972e-06  2.69497e-07  1.467e-07  2.26069e-07  0  2.26069e-07  0 
6.50  7.29413e-07  1.0573e-07  6.14993e-08  8.60039e-08  0  8.60039e-08  0 
7.50  2.25918e-07  4.56845e-08  3.64395e-08  2.75543e-08  0  2.75543e-08  0 
8.50  5.29218e-08  1.3646e-08  1.19145e-08  6.6527e-09  0  6.6527e-09  0 
9.50  3.30829e-08  8.25459e-09  7.06187e-09  4.27414e-09  0  4.27414e-09  0 
11.0  1.0477e-08  2.83752e-09  2.46531e-09  1.40491e-09  0  1.40491e-09  0 


%################## d+Au 0-20 ###################

$p_T$   inv. yield   tot. err   stat. err.   sys. err.   error A   error B   error C \\
