2.75   1.14996    0.421213   0.231032   0.321531   0.130212 
3.25   0.921776   0.236213   0.150178   0.141305   0.104375 
3.75   1.16867    0.209926   0.0572466   0.139468   0.132331 
4.25   1.10929    0.190876   0.0604073   0.116438   0.125607 
4.75   1.14463    0.198358   0.0780656   0.113049   0.129609 
5.25   0.981939   0.178502   0.0865072   0.0965071   0.111187 
5.75   0.956151   0.183659   0.102756   0.0942705   0.108267 
6.50   0.99227    0.198596   0.120028   0.098231   0.112357 
7.50   0.887304   0.232412   0.184208   0.0882106   0.100471 
8.50   0.801634   0.284564   0.254059   0.0799355   0.0907707 
9.50   0.894442   0.342827   0.311515   0.0893779   0.10128 
11.0   1.30413    0.625622   0.589728   0.130576   0.14767 


%% R_dA (0-20%)
$p_T$ & $R_{dA} & tot. err & stat. err. + error A & error B & error C