2.25  0.000914446  0.000339978  0.000102941  0.000324019  0  0.000324019  0 
2.75  0.000185311  4.31251e-05  3.25345e-05  2.83069e-05  0  2.83069e-05  0 
3.25  7.16681e-05  1.47069e-05  1.25113e-05  7.73035e-06  0  7.73035e-06  0 
3.75  2.45718e-05  3.00846e-06  1.47306e-06  2.62314e-06  0  2.62314e-06  0 
4.25  9.73189e-06  1.22254e-06  6.22702e-07  1.05207e-06  0  1.05207e-06  0 
4.75  4.19105e-06  5.66608e-07  3.27156e-07  4.62616e-07  0  4.62616e-07  0 
5.25  1.70536e-06  2.68871e-07  1.94831e-07  1.8529e-07  0  1.8529e-07  0 
5.75  9.72529e-07  1.71439e-07  1.33176e-07  1.0796e-07  0  1.0796e-07  0 
6.50  3.83836e-07  6.14129e-08  4.29415e-08  4.39041e-08  0  4.39041e-08  0 
7.50  1.06959e-07  3.13501e-08  2.86709e-08  1.26811e-08  0  1.26811e-08  0 
8.50  3.6912e-08  1.14803e-08  1.05538e-08  4.5183e-09  0  4.5183e-09  0 
9.50  1.40763e-08  6.31416e-09  6.06001e-09  1.77341e-09  0  1.77341e-09  0 
11.0  2.5581e-09  2.11222e-09  2.08547e-09  3.35125e-10  0  3.35125e-10  0 


%################## 40 - 60 ###################

$p_T$   inv. yield   tot. err   stat. err.   sys. err.   error A   error B   error C
