2.75   1.22299   0.449709   0.248874   0.34195   0.138765 
3.25   1.06544   0.269997   0.168775   0.163329   0.120889 
3.75   1.13553   0.205884   0.062264   0.135514   0.128841 
4.25   1.06131   0.185883   0.0673969  0.111402   0.120421 
4.75   1.05358   0.187544   0.0836719  0.104056   0.119543 
5.25   1.10419   0.207995   0.11151    0.108522   0.125286 
5.75   1.01847   0.201443   0.119535   0.100415   0.11556 
6.50   1.06979   0.221466   0.141243   0.105905   0.121382 
7.50   0.95303   0.264268   0.216031   0.0947447   0.108134 
8.50   1.29499   0.425137   0.371299   0.129131   0.146935 
9.50   0.750275  0.373735   0.353923   0.0749719   0.085129 
11.0   2.13192   0.994712   0.934276   0.213458   0.241895 



%% R_dA (20-40%)
$p_T$ & $R_{dA} & tot. err & stat. err. + error A & error B & error C 

