2.25   0.473998   0.0696606   0.0635907   0.0284398   0 
2.75   0.558296   0.0896799   0.0831889   0.0334978   0 
3.25   0.500187   0.105002    0.100622   0.0300112   0 
3.75   0.481927   0.0512877   0.0423594   0.0289156   0 
4.25   0.490025   0.0510118   0.0416864   0.0294015   0 
4.75   0.514262   0.0615077   0.0532083   0.0308557   0 
5.25   0.37422    0.0680011   0.0641873   0.0224532   0 
5.75   0.56863    0.0901643   0.0834601   0.0341178   0 
6.50   0.734338   0.129161    0.121413   0.0440603   0 
7.50   0.500662   0.122896    0.119168   0.0300397   0 
8.50   0.361823   0.215735    0.21464    0.0217094   0 
9.50   0.469122   0.294055    0.292705   0.0281473   0 


%60-88
$p_T$ & eta/pi0  & tot.err & stat.err.+error A  & error B  & error C 
