2.75   0.439555   0.131189    0.0756827   0   0.107157    0
3.25   0.42086    0.0412072   0.00899723  0   0.040213    0
3.75   0.446485   0.0319581   0.0115065   0   0.0298148   0
4.25   0.473496   0.034907    0.0155712   0   0.0312415   0
4.75   0.468078   0.0358866   0.0218055   0   0.0285021   0
5.25   0.51012    0.0445927   0.0323237   0   0.0307196   0
5.75   0.561144   0.055026    0.043522    0   0.0336704   0
6.50   0.540097   0.0570698   0.0468465   0   0.0325939   0
7.50   0.596452   0.0861846   0.0779586   0   0.0367457   0
8.50   0.426385   0.0988814   0.0951103   0   0.0270475   0
9.50   0.588294   0.166431    0.161896    0   0.0385867   0
11.0   0.419133   0.164432    0.16185     0   0.0290273   0


pT  eta/pi0   tot.err   stat err   sys err A   sys err B   sys err C

