2.25  0.386244  0.0522954  0.0468801  0.0231747  0 
2.75  0.490996  0.0618892  0.0544278  0.0294598  0 
3.25  0.364295  0.0663399  0.0626356  0.0218577  0 
3.75  0.493991  0.0406602  0.0278344  0.0296394  0 
4.25  0.512302  0.0401118  0.0257705  0.0307381  0 
4.75  0.519515  0.0434493  0.0302691  0.0311709  0 
5.25  0.508249  0.048307  0.037465  0.0304949  0 
5.75  0.546595  0.0556478  0.0449569  0.0327957  0 
6.50  0.563097  0.0629568  0.0531233  0.0337858  0 
7.50  0.578649  0.10919  0.103524  0.0347189  0 
8.50  0.363279  0.093729  0.0911594  0.0217967  0 
9.50  0.64423  0.158794  0.154017  0.0386538  0 
11.0  0.684282  0.192508  0.188078  0.0410569  0 


%0-20
$p_T$ & eta/pi0  & tot.err & stat.err.+error A  & error B  & error C 
