2.25   0.416244   0.0568365   0.0510554   0.0249746   0 
2.75   0.516662   0.0679317   0.0604461   0.0309997   0 
3.25   0.424537   0.0766054   0.0722465   0.0254722   0 
3.75   0.467424   0.0419689   0.0312224   0.0280455   0 
4.25   0.469645   0.0407352   0.0294163   0.0281787   0 
4.75   0.446982   0.0426663   0.0331837   0.0268189   0 
5.25   0.523787   0.0569574   0.0475023   0.0314272   0 
5.75   0.539428   0.0618374   0.0526909   0.0323657   0 
6.50   0.543326   0.0686009   0.0603603   0.0325995   0 
7.50   0.544904   0.118927   0.114345   0.0326942   0 
8.50   0.546052   0.119412   0.11483   0.0327631   0 
9.50   0.494743   0.206192   0.204044   0.0296846   0 
11.0   1.04638    0.276715   0.269498   0.0627828   0 


%20-40
$p_T$  & eta/pi0 ratio & tot.err & stat.err.+error A & error B  &  error C 
