2.25   0.488848   0.0650613   0.0580747   0.0293309   0 
2.75   0.371502   0.0721899   0.0686624   0.0222901   0 
3.25   0.457341   0.0906028   0.0863474   0.0274405   0 
3.75   0.438681   0.0440936   0.035376   0.0263209   0 
4.25   0.456134   0.0429879   0.0331505   0.027368   0 
4.75   0.489899   0.0528658   0.0439407   0.0293939   0 
5.25   0.465533   0.0663925   0.0602309   0.027932   0 
5.75   0.547313   0.0880158   0.0816603   0.0328388   0 
6.50   0.559791   0.0777324   0.0701015   0.0335875   0 
7.50   0.5279     0.160352   0.157192   0.031674   0 
8.50   0.597795   0.200485   0.19725   0.0358677   0 
9.50   0.494896   0.233727   0.231833   0.0296938   0 
11.0   0.243409   0.210954   0.210448   0.0146045   0 


%40-60
$p_T$ & eta/pi0  & tot.err & stat.err.+error A  & error B  & error C 
