1.29  5.93  1.48086478686
1.49  2.71  0.62286931061
1.69  1.176  0.270137665174
1.89  0.537  0.101258938294
2.09  0.239  0.045077461027
2.29  0.109  0.022883184814
2.51  0.0450  0.0120986484897
2.76  0.0176  0.0060008774426
3.02  0.00651  0.00265081485566
3.32  0.002234  0.0009430840619
3.62  0.0006382  0.000217924199869
3.94  0.0001642  6.4217524527e-05



1.49158045861  2.44205309454  0.0
1.6923345275  1.05911546765  0.0
1.88719827182  0.483957535247  0.0
2.0879657583  0.215443469005  0.0
2.28873324478  0.0959090105152  0.0
2.50721195776  0.0394795216638  0.0
2.76113995894  0.0146397236863  0.0
3.02095828469  0.0051525016626  0.0
3.3221698936  0.00172118544317  0.0
3.62920473909  0.000478930073778  0.0
3.93618591421  0.000120050805775  0.0


1.29078613694  5.20658889794  0.86960101662
1.49158045861  2.44205309454  0.35406561001
1.6923345275  1.05911546765  0.129605677754
1.88719827182  0.483957535247  0.036456905522
2.0879657583  0.215443469005  0.01622952764
2.29465040454  0.0959090105152  0.0117365411921
2.50721195776  0.0394795216638  0.006593843464
2.75522279918  0.0146397236863  0.0030654948805
3.02097170229  0.00528878617708  0.00142243242486
3.322156476  0.00167683293683  0.00038528327181
3.62330099693  0.000491597852818  7.1275229044e-05
3.93617249661  0.000116957266874  1.6957266874e-05



