1.28  5.13  6.0  1.67
1.48  2.41  2.8  0.72
1.68  1.06  1.17  0.24
1.89  0.48  0.54  0.11
2.08  0.22  0.24  0.05
2.28  0.097 0.11  0.024
2.50  0.039 0.045  0.011
2.75  0.015  0.018  0.008
3.02  0.0053 0.0065 0.0029
3.32  0.0017 0.0022 0.0010
3.62  0.00048 0.00065  0.00034
3.94  0.00019 0.00017  0.00001


originally scanned:
1.2864806867  5.12715613727 5.99484250319  1.67167095521
1.48283261803  2.4138820729  2.78255940221  0.71805974636
1.68884120172  1.05850120809  1.16923345861  0.237834383218
1.88519313305  0.484378864954 0.542710096535  0.110392941737
2.0847639485  0.215443469003  0.24138820729  0.049100900229
2.28433476395  0.0971973268487  0.108902296226  0.0245832032973
2.5  0.0391374560198  0.0444782967613  0.01147794885
2.75107296137  0.0146779926762  0.0176568643384  0.0080743057888
3.01824034335  0.0052749970637  0.00652852114113  0.00288326210612
3.3143776824  0.00171620001422  0.00218527537982  0.00101604192121
3.62017167382  0.000484378864954  0.000652852114113  0.000336624348096
3.93240343348  0.000118597101234  0.000169197936325  9.70830885091e-05


1.2864806867  5.73100058349  6.37568348797  1.34477878873
1.48283261803  3.05912136965  3.44379298498  0.75837220201
1.6856223176  1.53901480741  1.67205680928  0.28866085245
1.88841201717  0.802270803778  0.871624076572  0.14188311555
2.0847639485  0.408423865267   0.449017610593  0.077517585239
2.28433476395  0.212906686207  0.231311662954  0.042186649819
2.50321888412  0.0985887046515  0.110985818623  0.0244406559943
2.75429184549  0.0435400465366  0.0507880240851 0.0185672335992

3.01824034335  0.0185574593762  0.0221655755347  0.0085268539943

3.3143776824   0.00719442160783   0.00901016014846  0.00365965160659
3.62017167382  0.00253700304019   0.00325346155362  0.00147518214358
3.93240343348  0.000785347251917  0.00104356262978  0.000524738010408


1.28402366864  5.6787573003  0.0
1.28402366864  6.47089098268  1.3776487808
1.48520710059  3.02100350213  0.0
1.47928994083  3.36829567728  0.59916120957
1.68639053254  1.5386702529  0.0
1.68047337278  1.6424832343  0.2624594276
1.8875739645  0.800924691128  0.0
1.8875739645  0.873773493144  0.123471163525
2.08284023669  0.407930343738  0.0
2.08284023669  0.445034003016  0.071113888566
2.28402366864  0.207768804215  0.0
2.28402366864  0.226666596543  0.040320044665
2.50295857988  0.0969990511115  0.0
2.50295857988  0.110529514113  0.0235316667782
2.75147928994  0.0433561828987  0.0
2.75147928994  0.0504909579583  0.0089814631319
3.02366863905  0.0185537201561  0.0003994327736
3.02366863905  0.0211417910828  0.0041349435395
3.01775147929  0.0216069552654  0.0070033109213
3.31952662722  0.00712118035144  0.0
3.31360946746  0.00885258169511  0.00299813545545
3.62130177515  0.00256045755182  0.0
3.62130177515  0.00318299193893  0.00141436167963
3.9349112426  0.000773515123108  0.0
3.92899408284  0.00102646029531  0.000525927091801
