0.85  0.380001  0.05  0.200843
1.05  0.469762  0.05  0.200716
1.25  0.522551  0.05  0.200785
1.45  0.603887  0.05  0.200965
1.65  0.693196  0.05  0.201335
1.85  0.886519  0.05  0.201814
2.05  1.07296   0.05  0.202832
2.25  1.2945    0.05  0.205124
2.45  1.64405   0.05  0.208706
2.65  1.97416   0.05  0.216936
2.85  2.01725   0.05  0.247536
3.05  2.40751   0.05  0.295303
3.15  2.5732    0.05  0.34908
3.25  3.35647   0.05  0.353997
3.35  2.84075   0.05  0.533041
3.45  5.77972   0.05  0.423489
3.55  6.67053   0.05  0.470938
3.65  7.1562    0.05  0.532413
3.75  6.68703   0.05  0.75307
3.85  3.94931   0.05  1.63734
3.95  22.2964   0.05  0.462745
4.05  13.6105   0.05  0.975628
4.15  35.5385   0.05  0.558614
4.25  22.9651   0.05  1.10592
4.45  45.5805   0.05  1.0682
4.65  164.168   0.05  0.592338
4.75  20.9537   0.05  6.78459
4.85  130.301   0.05  1.57727
