0.65  0.279894   0.05   0.023993
0.85  0.388268   0.05   0.0227661
1.05  0.515482   0.05   0.0281404
1.25  0.509245   0.05   0.0288673
1.45  0.482672   0.05   0.0333016
1.65  0.533578   0.05   0.0453754
1.95  0.596203   0.05   0.0725536
2.25  0.546058   0.15   0.070226
2.55  0.760569   0.15   0.131278
2.85  0.468925   0.15   0.227564
3.15  0.716029   0.15   0.448349
3.45  1.13474   0.15   0.876756
3.75  1.62511   0.15   1.73314


0.65  0.279894   0.05   0.023993
0.75  0.334595   0.05   0.0227886
0.85  0.388268   0.05   0.0227661
0.95  0.45847   0.05   0.0247651
1.05  0.515482   0.05   0.0281404
1.15  0.513478   0.05   0.029181
1.25  0.509245   0.05   0.0288673
1.35  0.536284   0.05   0.0325311
1.45  0.482672   0.05   0.0333016
1.55  0.566367   0.05   0.0417645
1.65  0.533578   0.05   0.0453754
1.75  0.547022   0.05   0.0522064
1.85  0.626432   0.05   0.0628525
1.95  0.596203   0.05   0.0725536
2.25  0.546058   0.15   0.070226
2.55  0.760569   0.15   0.131278
2.85  0.468925   0.15   0.227564
3.15  0.716029   0.15   0.448349
3.45  1.13474   0.15   0.876756
3.75  1.62511   0.15   1.73314
4.05  4.66498   0.15   3.59181
4.35  5.80499   0.15   7.13115
4.65  8.78874   0.15   13.9473
