0.55  0.31695   0.05   0.0116909
0.75  0.363311   0.05   0.0100056
0.95  0.470379   0.05   0.0108252
1.15  0.49938   0.05   0.0116598
1.35  0.572415   0.05   0.0144511
1.55  0.588573   0.05   0.0177103
1.75  0.626847   0.05   0.0234216
1.95  0.728173   0.05   0.0316895
2.15  0.819395   0.05   0.045826
2.35  0.898884   0.05   0.0638482
2.50  0.918023   0.1   0.0627937
2.70  0.864785   0.1   0.0931782
2.90  1.07082   0.1   0.145976
3.10  0.777793   0.1   0.22328
3.30  0.858495   0.1   0.35316
3.50  1.37439   0.1   0.553044
3.70  1.3897   0.1   0.906314
3.90  2.59029   0.1   1.42407
4.10  3.42921   0.1   2.33139
4.30  3.62829   0.1   3.70754


0.55  0.31695   0.05   0.0116909
0.65  0.346676   0.05   0.010707
0.75  0.363311   0.05   0.0100056
0.85  0.410537   0.05   0.0101343
0.95  0.470379   0.05   0.0108252
1.05  0.515212   0.05   0.0118705
1.15  0.49938   0.05   0.0116598
1.25  0.542924   0.05   0.0130978
1.35  0.572415   0.05   0.0144511
1.45  0.575514   0.05   0.0156524
1.55  0.588573   0.05   0.0177103
1.65  0.626811   0.05   0.0204295
1.75  0.626847   0.05   0.0234216
1.85  0.690788   0.05   0.0272239
1.95  0.728173   0.05   0.0316895
2.05  0.745223   0.05   0.0371339
2.15  0.819395   0.05   0.045826
2.25  0.844449   0.05   0.0542981
2.35  0.898884   0.05   0.0638482
2.50  0.918023   0.1   0.0627937
2.70  0.864785   0.1   0.0931782
2.90  1.07082   0.1   0.145976
3.10  0.777793   0.1   0.22328
3.30  0.858495   0.1   0.35316
3.50  1.37439   0.1   0.553044
3.70  1.3897   0.1   0.906314
3.90  2.59029   0.1   1.42407
4.10  3.42921   0.1   2.33139
4.30  3.62829   0.1   3.70754


Pb+Pb --> pi0+X reanalysis
produced via plot_all_RAA_SPS.C
actual centrality class is 0-6.8%