0.55  0.32585   0.05   0.00902744
0.75  0.391463   0.05   0.00802375
0.95  0.483845   0.05   0.00833263
1.15  0.526385   0.05   0.00901815
1.35  0.608325   0.05   0.0111794
1.55  0.671817   0.05   0.0139166
1.75  0.724614   0.05   0.0180048
1.95  0.797331   0.05   0.0240288
2.15  0.9399   0.15   0.0209199
2.45  1.04264   0.15   0.0357527
2.75  1.11832   0.15   0.065463
3.05  1.15476   0.15   0.124361
3.35  1.21753   0.15   0.257637
3.65  1.73078   0.15   0.512514
3.95  2.24587   0.15   0.964667
4.25  4.11552   0.15   1.98574


0.55  0.32585   0.05   0.00902744
0.65  0.370999   0.05   0.00847973
0.75  0.391463   0.05   0.00802375
0.85  0.438404   0.05   0.00805936
0.95  0.483845   0.05   0.00833263
1.05  0.530101   0.05   0.00898056
1.15  0.526385   0.05   0.00901815
1.25  0.566746   0.05   0.0100494
1.35  0.608325   0.05   0.0111794
1.45  0.618988   0.05   0.0121744
1.55  0.671817   0.05   0.0139166
1.65  0.660838   0.05   0.0152974
1.75  0.724614   0.05   0.0180048
1.85  0.774233   0.05   0.0209017
1.95  0.797331   0.05   0.0240288
2.05  0.846354   0.05   0.0285841
2.15  0.9399   0.15   0.0209199
2.45  1.04264   0.15   0.0357527
2.75  1.11832   0.15   0.065463
3.05  1.15476   0.15   0.124361
3.35  1.21753   0.15   0.257637
3.65  1.73078   0.15   0.512514
3.95  2.24587   0.15   0.964667
4.25  4.11552   0.15   1.98574
