0  24  49  2
2  1  69  2
2  3  66  4
2  6  55  4
2  6  58  4
2  7  55  4
2  7  59  1
2  31  28  1
3  14  61  4
3  15  59  2
3  15  60  4
3  16  68  2
3  16  69  3
3  17  30  4
3  19  61  4
3  31  9  3
3  32  8  4
3  32  10  2
3  32  13  4
3  33  9  3
6  15  32  1
6  24  45  3
6  24  47  3
6  25  47  3
6  26  41  3
6  26  44  3
6  26  60  4
6  26  61  4
6  26  62  4
6  26  63  4
6  26  70  3
6  27  41  3
6  27  44  3
6  27  60  4
6  27  61  4
6  27  62  4
6  27  63  4
6  27  70  3
6  28  37  3
6  28  47  3
6  28  59  4
6  29  42  3
6  29  45  3
6  29  59  4
6  30  46  3
6  31  40  3
6  33  42  3
6  33  44  3
6  34  41  3
4  2  87  2
4  15  43  6
4  18  83  2
4  18  92  3
4  19  93  3
4  24  71  1
4  27  1  1
4  34  84  1
4  38  1  4
4  38  2  1
4  39  1  2
4  39  37  3
4  40  19  3
4  41  1  2
4  41  23  2
4  42  20  2
4  42  21  3
4  42  22  4
4  43  18  3
4  43  21  3
4  43  22  3
5  3  85  1
5  9  53  1
5  15  32  6
5  17  2  1
5  17  68  2
5  20  10  3
5  21  11  3
5  21  48  3
5  25  47  4
5  25  67  3
5  27  66  3
5  30  91  1
5  31  26  6
5  36  37  6
5  41  93  2
5  41  94  2
5  42  93  2
5  42  94  4
5  43  93  2
5  43  94  4
5  44  94  2
5  45  94  1
5  46  94  2
