0  4  65  4
0  9  3  2
0  20  1  6
0  20  2  6
0  21  1  6
0  21  2  6
0  24  49  2
0  30  60  6
0  30  61  6
0  30  62  4
0  31  60  6
0  31  61  6
1  33  70  3
1  34  4  4
1  34  66  4
1  34  67  4
2  1  3  3
2  1  27  4
2  1  69  2
2  2  1  3
2  2  2  3
2  2  64  6
2  2  65  6
2  2  66  4
2  3  64  6
2  3  65  6
2  3  67  4
2  6  54  6
2  6  55  6
2  6  58  3
2  6  59  6
2  7  2  6
2  7  54  6
2  7  55  3
2  7  59  1
2  26  1  4
2  29  1  4
2  30  1  4
2  31  28  1
2  32  1  4
2  32  2  4
2  33  1  4
2  33  4  4
2  33  5  3
2  33  6  4
2  34  1  4
2  34  2  4
2  34  3  3
2  34  4  4
3  1  56  4
3  9  69  6
3  10  50  4
3  10  51  6
3  10  52  6
3  10  53  6
3  11  51  6
3  11  52  6
3  14  60  6
3  14  61  6
3  14  62  4
3  15  59  2
3  15  60  6
3  16  29  4
3  16  30  4
3  16  31  3
3  16  68  2
3  17  26  4
3  17  30  2
3  17  31  4
3  19  60  6
3  19  61  4
3  21  68  6
3  24  39  6
3  26  38  6
3  26  39  6
3  28  38  6
3  28  39  6
3  28  70  3
3  29  38  6
3  29  39  6
3  29  49  4
3  29  56  6
3  29  70  3
3  30  1  4
3  30  9  2
3  30  56  4
3  30  61  6
3  31  8  2
3  31  9  6
3  31  10  2
3  31  13  2
3  31  38  6
3  31  55  3
3  32  8  6
3  32  9  6
3  32  10  2
3  32  12  6
3  32  13  6
3  32  14  2
3  32  49  3
3  32  57  4
3  33  9  6
3  33  10  4
3  33  12  6
3  33  13  6
3  33  14  2
3  33  38  6
3  33  39  6
3  33  60  4
3  33  70  3
3  34  8  6
3  34  9  6
3  34  10  6
3  34  46  4
3  34  48  4
3  34  49  4
3  34  52  4
3  34  59  3
3  34  60  3
3  34  61  3
3  34  70  4
6  1  1  3
6  1  70  4
6  2  1  4
6  4  70  4
6  6  1  4
6  6  38  4
6  6  70  3
6  7  38  3
6  8  70  4
6  9  1  4
6  13  70  3
6  14  1  3
6  15  70  4
6  16  1  4
6  16  70  3
6  17  1  4
6  19  70  3
6  21  70  3
6  25  46  6
6  25  70  4
6  26  60  4
6  26  61  4
6  26  62  4
6  26  63  6
6  26  64  6
6  26  65  6
6  26  66  6
6  26  67  4
6  26  69  3
6  26  70  4
6  27  41  6
6  27  45  2
6  27  60  4
6  27  61  4
6  27  62  6
6  27  63  6
6  27  64  6
6  27  65  6
6  27  66  4
6  27  67  4
6  27  69  3
6  27  70  2
6  28  37  6
6  28  58  6
6  28  59  4
6  28  70  3
6  29  1  3
6  29  41  6
6  29  54  3
6  29  55  4
6  29  58  4
6  29  59  4
6  30  47  6
6  31  1  3
6  31  40  6
6  31  43  6
6  31  44  6
6  32  41  6
6  33  1  3
6  33  44  3
6  33  45  6
6  33  70  4
6  34  1  4
6  34  41  6
6  34  69  3
6  34  70  4
7  1  70  3
7  2  70  3
7  5  1  4
7  7  70  3
7  9  1  3
7  9  70  3
7  12  70  3
7  18  70  4
7  20  1  3
7  24  70  3
7  26  70  2
7  28  1  3
7  28  70  4
7  31  1  3
7  33  1  3
7  33  70  3
7  34  70  4
4  1  2  3
4  1  90  3
4  2  3  3
4  2  91  3
4  3  10  3
4  3  12  3
4  3  83  6
4  4  28  3
4  4  29  2
4  4  84  3
4  4  94  3
4  5  89  4
4  5  91  4
4  6  86  4
4  6  94  4
4  7  91  4
4  9  1  4
4  10  82  6
4  11  73  6
4  14  8  4
4  14  67  6
4  15  43  6
4  18  8  6
4  18  83  2
4  19  54  4
4  19  56  6
4  21  4  3
4  21  18  4
4  22  45  4
4  23  21  4
4  24  5  3
4  24  22  4
4  24  23  4
4  24  25  4
4  24  71  2
4  24  72  4
4  25  21  4
4  25  22  6
4  25  23  4
4  26  4  3
4  26  32  6
4  27  1  2
4  27  20  4
4  27  23  4
4  28  3  4
4  28  21  4
4  28  22  4
4  28  27  6
4  33  94  2
4  34  84  2
4  37  1  4
4  37  2  1
4  38  1  6
4  38  2  2
4  39  1  2
4  39  37  2
4  40  1  4
4  40  2  4
4  40  18  6
4  40  19  6
4  40  21  6
4  40  22  6
4  41  1  2
4  41  6  3
4  41  9  3
4  41  20  2
4  41  21  6
4  41  22  6
4  41  23  2
4  42  4  3
4  42  20  2
4  42  21  4
4  42  22  6
4  42  23  4
4  43  1  3
4  43  2  4
4  43  4  3
4  43  5  3
4  43  18  6
4  43  19  2
4  43  20  6
4  43  21  6
4  43  22  6
4  43  23  6
4  43  44  4
4  44  1  3
4  44  5  3
4  44  46  4
4  44  47  4
4  45  1  3
4  45  3  3
4  45  4  3
4  45  8  4
4  46  3  3
4  46  4  3
4  46  47  3
4  46  48  4
4  46  88  2
4  46  94  4
5  1  2  3
5  1  3  3
5  1  4  3
5  1  41  4
5  1  44  4
5  1  46  4
5  1  63  4
5  2  5  4
5  2  30  4
5  3  3  3
5  3  75  4
5  3  89  3
5  4  3  3
5  4  13  3
5  6  2  3
5  7  10  4
5  7  16  4
5  8  2  4
5  9  45  4
5  9  53  2
5  11  2  4
5  12  89  2
5  15  32  6
5  15  92  2
5  17  2  2
5  17  68  2
5  18  1  3
5  20  11  2
5  20  21  4
5  21  10  2
5  21  11  6
5  21  12  4
5  21  15  4
5  21  22  4
5  21  75  4
5  22  11  3
5  22  18  4
5  22  66  4
5  22  94  3
5  23  11  4
5  23  17  4
5  23  30  4
5  23  65  4
5  23  74  4
5  23  75  4
5  24  9  4
5  24  13  4
5  24  17  4
5  24  20  4
5  24  21  4
5  24  25  4
5  25  3  3
5  25  11  3
5  25  13  4
5  25  18  4
5  25  26  4
5  25  75  4
5  26  11  4
5  26  14  3
5  27  6  3
5  27  7  3
5  27  15  4
5  27  16  3
5  27  27  4
5  27  66  6
5  27  93  4
5  27  94  4
5  28  20  4
5  29  67  6
5  30  91  1
5  33  4  3
5  33  91  2
5  34  4  3
5  35  67  6
5  36  13  6
5  36  37  6
5  39  45  4
5  41  93  2
5  42  4  1
5  42  93  4
5  42  94  6
5  43  1  4
5  43  5  3
5  43  46  4
5  43  47  4
5  43  92  4
5  43  93  2
5  43  94  4
5  44  45  4
5  44  46  6
5  44  93  4
5  44  94  2
5  45  13  3
5  45  14  4
5  45  44  6
5  45  45  6
5  45  46  4
5  45  47  6
5  45  48  4
5  45  92  3
5  45  93  3
5  45  94  2
5  46  3  4
5  46  4  4
5  46  47  6
5  46  94  6
