0.45 0.58 0.04
0.55 0.35 0.02
0.65 0.21 0.01
0.75 0.13 0.01
0.85 0.079 0.005
0.95 0.051 0.003
1.05 0.033 0.002
1.15 0.022 0.001
1.25 0.015 0.001
1.35 0.010 0.001
1.45 0.0072 0.0004
1.55 0.0051 0.0003
1.65 0.0035 0.0003
1.75 0.0025 0.0002
1.85 0.0018 0.0001
1.95 0.0013 0.0001
2.05 0.00094 0.00009
2.15 0.00070 0.00007
2.25 0.00051 0.00006
2.35 0.00038 0.00004
2.50 0.00024 0.00003
2.70 0.00015 0.00002
2.90 0.000096 0.000010
3.16 0.000054 0.000004
3.56 0.000022 0.000002
4.07 0.0000078 0.0000006
4.71 0.0000024 0.0000002
5.50 0.00000072 0.00000007
6.44 0.00000019 0.00000002
7.45 0.000000077 0.000000012
8.45 0.000000024 0.000000006
9.46 0.000000012 0.000000004


p_T[GeV/c] p+p(Inel. 1/(2?p_T ) d^2 N/dp_T d?|_|?|<0.5)
Measured total p+p NSD cross-section is 30.0 mb +/- 3.5 mb
