0.6    1.39058      0.014387      0.166778
0.8    0.702335     0.00903899    0.0758968
1.0    0.34405      0.00597623    0.037999
1.2    0.153312     0.00380116    0.0172127
1.4    0.0753025    0.0025415     0.00849132
1.6    0.035983     0.00171027    0.0039882
1.8    0.0181108    0.00116954    0.00230639
2.0    0.00844755   0.00078171    0.00117508
2.2    0.00480492   0.000581582   0.00059904
2.4    0.00293282   0.000449398   0.000411037
2.8    0.000475468  6.8282e-05    5.69421e-05
3.4    9.49578e-05  2.51742e-05   1.5316e-05


p (p+p 200 GeV Run-2. M.Harvey)
pT    XSECT       Stat.        Syst.

