0.6    1.0006         0.0121818      0.11382
0.8    0.51718        0.00752989     0.055504
1.0    0.241554       0.00470616     0.0274654
1.2    0.114815       0.00314683     0.0132812
1.4    0.0567584      0.00215176     0.00670505
1.6    0.0251749      0.00137886     0.00355475
1.8    0.0122943      0.000941886    0.00184495
2.0    0.00752818     0.000718567    0.00129388
2.2    0.00313654     0.000459032    0.000428092
2.4    0.0018857      0.00035838     0.000333139
2.8    0.000308617    5.49138e-05    6.15165e-05
3.4    5.53986e-05    1.9157e-05     8.82491e-06

pbar (p+p 200 GeV Run-2. M.Harvey)
pT    XSECT       Stat.        Syst.


