 1.250  1.022751e-02  3.406715e-04  1.007409e-03
 1.750  2.458269e-03  9.174542e-05  2.560695e-04
 2.250  6.496059e-04  3.457204e-05  7.134831e-05
 2.750  2.138685e-04  1.692868e-05  2.470178e-05
 3.250  7.707537e-05  1.066652e-05  9.338955e-06
 3.750  3.035603e-05  4.702770e-06  3.850151e-06
 4.250  1.268096e-05  6.912825e-07  1.680225e-06
 4.750  5.065475e-06  5.413323e-07  6.998788e-07
 5.250  2.943661e-06  3.635128e-07  4.233959e-07
 5.750  1.624304e-06  1.389084e-07  2.428330e-07
 6.250  7.999406e-07  9.533480e-08  1.241239e-07
 6.750  5.517593e-07  7.905138e-08  8.874114e-08
 7.250  2.211746e-07  4.951465e-08  3.682550e-08
 7.750  1.093771e-07  3.460853e-08  1.883107e-08
 8.250  1.516858e-07  4.057324e-08  2.697474e-08
 8.750  7.608963e-08  2.877106e-08  1.396242e-08
 9.250  3.226878e-08  1.863368e-08  6.104167e-09
 9.750  2.125685e-08  1.503263e-08  4.141535e-09
