 1.215  8.544039e-003  2.845962e-004  8.381569e-004
 1.719  1.450751e-003  5.414368e-005  1.506151e-004
 2.223  2.965106e-004  1.578030e-005  3.247578e-005
 2.726  7.961042e-005  6.301531e-006  9.173162e-006
 3.228  2.422608e-005  3.352666e-006  2.929383e-006
 3.730  8.257514e-006  1.279258e-006  1.045458e-006
 4.232  3.040608e-006  1.657539e-007  4.022476e-007
 4.733  1.085925e-006  1.160496e-007  1.498294e-007
 5.234  5.706311e-007  7.046727e-008  8.197343e-008
 5.735  2.873655e-007  2.457513e-008  4.291295e-008
 6.236  1.301549e-007  1.551152e-008  2.017520e-008
 6.737  8.310090e-008  1.190599e-008  1.335306e-008
 7.452  2.245578e-008  4.106553e-009  3.790306e-009
 8.457  1.366892e-008  2.986216e-009  2.462793e-009
 9.460  2.871231e-009  1.284403e-009  5.499864e-010
10.861  9.851271e-010  4.926664e-010  2.043414e-010
