 1.250    3.343e-01      3.227e-03   3.040e-02
 1.750    5.436e-02      7.671e-04   4.460e-03
 2.250    1.119e-02      2.416e-04   8.978e-04
 2.750    3.096e-03      1.023e-04   2.517e-04
 3.250    9.439e-04      4.913e-05   7.974e-05
 3.750    3.026e-04      3.816e-06   2.822e-05
 4.250    1.112e-04      2.082e-06   1.080e-05
 4.750    4.646e-05      1.253e-06   4.689e-06
 5.250    2.097e-05      7.791e-07   2.198e-06
 5.750    1.052e-05      5.213e-07   1.143e-06
 6.250    4.731e-06      3.396e-07   5.318e-07
 6.750    2.803e-06      2.452e-07   3.255e-07
 7.250    1.518e-06      1.757e-07   1.818e-07
 7.500    1.090e-06      1.015e-07   1.321e-07
 7.750    7.712e-07      1.210e-07   9.501e-08
 8.250    5.946e-07      1.069e-07   7.522e-08
 8.500    4.383e-07      6.190e-08   5.604e-08
 8.750    3.180e-07      7.240e-08   4.125e-08
 9.250    2.637e-07      6.323e-08   3.501e-08
 9.500    1.830e-07      3.655e-08   2.452e-08
 9.750    1.161e-07      4.184e-08   1.575e-08
11.000    4.867e-08      1.167e-08   6.903e-09
13.500    8.090e-09      3.337e-09   1.241e-09


Bin shift correction in each bin done for cross section value:

 pt       cross section  stat.error  syst.error
