1.25   0.30959   0.0211332
1.75   0.0528942   0.00351147
2.25   0.0110333   0.00075766
2.75   0.00305423   0.000227241
3.25   0.000935628   8.18059e-05
3.75   0.000303711   2.59254e-05
4.25   0.000113538   9.2563e-06
4.75   4.54763e-05   4.08182e-06
5.25   2.13407e-05   2.05134e-06
5.75   1.08149e-05   1.06333e-06
6.25   4.87356e-06   5.38203e-07
6.75   2.93677e-06   3.55389e-07
7.25   1.43356e-06   2.0568e-07
7.75   7.08369e-07   1.24483e-07
8.25   6.31563e-07   1.15371e-07
8.75   3.28094e-07   7.30978e-08
9.25   2.17194e-07   5.60859e-08
9.75   1.08523e-07   3.72024e-08
11.0   4.82529e-08   1.3444e-08
13.5   7.74558e-09   2.88365e-09
