 1.250  7.427047e-003  2.473900e-004  7.315636e-004
 1.750  1.311480e-003  4.894593e-005  1.366124e-004
 2.250  2.746329e-004  1.461597e-005  3.016381e-005
 2.750  7.494828e-005  5.932501e-006  8.656517e-006
 3.250  2.307206e-005  3.192960e-006  2.795562e-006
 3.750  7.931222e-006  1.228709e-006  1.005942e-006
 4.250  2.939325e-006  1.602326e-007  3.894601e-007
 4.750  1.055018e-006  1.127466e-007  1.457681e-007
 5.250  5.565937e-007  6.873380e-008  8.005662e-008
 5.750  2.811947e-007  2.404741e-008  4.203854e-008
 6.250  1.276940e-007  1.521823e-008  1.981382e-008
 6.750  8.170682e-008  1.170626e-008  1.314116e-008
 7.250  3.054211e-008  6.837504e-009  5.085254e-009
 7.750  1.414856e-008  4.476811e-009  2.435907e-009
 8.250  1.845354e-008  4.935991e-009  3.281649e-009
 8.750  8.736524e-009  3.303461e-009  1.603149e-009
 9.250  3.507825e-009  2.025602e-009  6.635624e-010
 9.750  2.193916e-009  1.551516e-009  4.274471e-010
