 1.250  7.319790e-03  2.438173e-04  8.481835e-04
 1.750  1.292540e-03  4.823908e-05  1.563440e-04
 2.250  2.706668e-04  1.440489e-05  3.411540e-05
 2.750  7.386593e-05  5.846829e-06  9.685702e-06
 3.250  2.273887e-05  3.146850e-06  3.097234e-06
 3.750  7.816684e-06  1.210964e-06  1.104436e-06
 4.250  2.896877e-06  1.579187e-07  4.240318e-07
 4.750  1.039782e-06  1.111184e-07  1.574842e-07
 5.250  5.485558e-07  6.774119e-08  8.587212e-08
 5.750  2.771338e-07  2.370013e-08  4.479190e-08
 6.250  1.258499e-07  1.499846e-08  2.098029e-08
 6.750  8.052687e-08  1.153721e-08  1.383389e-08
 7.250  3.010105e-08  6.738762e-09  5.324140e-09
 7.750  1.394424e-08  4.412160e-09  2.537278e-09
 8.250  1.818705e-08  4.864709e-09  3.401746e-09
 8.750  8.610358e-09  3.255754e-09  1.654270e-09
 9.250  3.457168e-09  1.996349e-09  6.817845e-10
 9.750  2.162233e-09  1.529110e-09  4.374031e-10
