 1.215  8.543814e-003  2.845887e-004  8.381379e-004
 1.719  1.450736e-003  5.414314e-005  1.506139e-004
 2.223  2.965096e-004  1.578025e-005  3.247569e-005
 2.726  7.961037e-005  6.301527e-006  9.173157e-006
 3.228  2.422610e-005  3.352668e-006  2.929385e-006
 3.730  8.257524e-006  1.279260e-006  1.045459e-006
 4.232  3.040613e-006  1.657542e-007  4.022480e-007
 4.733  1.085927e-006  1.160498e-007  1.498295e-007
 5.234  5.706320e-007  7.046738e-008  8.197351e-008
 5.735  2.873660e-007  2.457517e-008  4.291299e-008
 6.236  1.301551e-007  1.551154e-008  2.017522e-008
 6.737  8.310102e-008  1.190601e-008  1.335307e-008
 7.238  3.100679e-008  6.941531e-009  5.158272e-009
 7.738  1.434170e-008  4.537925e-009  2.467251e-009
 8.239  1.868085e-008  4.996792e-009  3.319708e-009
 8.739  8.834123e-009  3.340365e-009  1.619993e-009
 9.240  3.543529e-009  2.046219e-009  6.699080e-010
 9.740  2.214346e-009  1.565964e-009  4.311834e-010
