 1.250  1.037737e-002  3.456634e-004  1.022171e-003
 1.750  2.494290e-003  9.308977e-005  2.598216e-004
 2.250  6.591246e-004  3.507862e-005  7.239378e-005
 2.750  2.170023e-004  1.717673e-005  2.506374e-005
 3.250  7.820475e-005  1.082282e-005  9.475798e-006
 3.750  3.080083e-005  4.771680e-006  3.906568e-006
 4.250  1.286678e-005  7.014119e-007  1.704846e-006
 4.750  5.139699e-006  5.492644e-007  7.101341e-007
 5.250  2.986794e-006  3.688394e-007  4.295999e-007
 5.750  1.648105e-006  1.409438e-007  2.463913e-007
 6.250  8.116620e-007  9.673174e-008  1.259427e-007
 6.750  5.598442e-007  8.020972e-008  9.004146e-008
 7.500  1.673419e-007  3.060229e-008  2.833652e-008
 8.500  1.155928e-007  2.525329e-008  2.088373e-008
 9.500  2.716296e-008  1.215095e-008  5.215279e-009
11.000  1.069965e-008  5.350942e-009  2.236223e-009
