 pt       cross section     stat.error        syst.error
 1.250    3.234448e-01      3.076156e-03      2.191722e-02   
 1.750    5.465105e-02      7.230998e-04      3.841843e-03   
 2.250    1.134134e-02      2.267116e-04      8.327862e-04   
 2.750    3.114279e-03      9.505163e-05      2.394205e-04   
 3.250    9.552561e-04      4.653804e-05      7.695284e-05   
 3.750    3.091658e-04      3.830671e-06      2.698942e-05   
 4.250    1.155871e-04      2.006095e-06      1.041340e-05   
 4.750    4.590021e-05      1.225081e-06      4.263574e-06   
 5.250    2.177542e-05      7.622936e-07      2.129182e-06   
 5.750    1.097299e-05      4.655674e-07      1.106865e-06   
 6.250    4.915707e-06      2.996014e-07      5.140221e-07   
 6.750    2.985675e-06      2.203781e-07      3.268857e-07   
 7.250    1.424703e-06      1.496814e-07      1.561286e-07   
 7.750    7.039220e-07      1.018594e-07      7.800207e-08   
 8.250    6.398677e-07      9.535562e-08      7.701387e-08   
 8.750    3.306324e-07      6.434121e-08      4.061340e-08   
 9.250    2.150706e-07      5.099305e-08      2.386841e-08   
 9.750    1.165985e-07      4.203637e-08      1.868764e-08   


 7.500    1.004148e-06      8.611795e-08      1.117362e-07   
 8.500    4.671152e-07      5.510760e-08      5.666172e-08   
 9.500    1.555671e-07      2.996973e-08      1.817611e-08   
11.000    4.445650e-08      9.837201e-09      5.719371e-09   
13.500    8.105762e-09      3.343889e-09      1.476537e-09   


Table above: Correction in each bin done for cross section value:

pi0 invariant cross section (mb/GeV^2) vs pt (GeV/c)
(normalized for pp cross section 42 mb)
obtained from combining PbSc and PbGl measurements 
The normalization errors are not included
1. Min. bias trigger efficiency: 5% (?)
2. pp cross section: 10% (?)

Table.1
Correction in each bin done for pt:

 pt       cross section     stat.error        syst.error

 1.215    3.721581e-01      3.539449e-03      2.521812e-02   
 1.719    6.045938e-02      7.999511e-04      4.250156e-03   
 2.223    1.224513e-02      2.447782e-04      8.991507e-04   
 2.726    3.307999e-03      1.009642e-04      2.543133e-04   
 3.228    1.003021e-03      4.886504e-05      8.080065e-05   
 3.730    3.218778e-04      3.988176e-06      2.809914e-05   
 4.232    1.195669e-04      2.075167e-06      1.077195e-05   
 4.733    4.724359e-05      1.260936e-06      4.388357e-06   
 5.234    2.232399e-05      7.814974e-07      2.182821e-06   
 5.735    1.121348e-05      4.757712e-07      1.131124e-06   
 6.236    5.010311e-06      3.053673e-07      5.239147e-07   
 6.737    3.036540e-06      2.241325e-07      3.324546e-07   
 7.452    1.062985e-06      9.116397e-08      1.182833e-07   
 8.457    4.893154e-07      5.772666e-08      5.935464e-08   
 9.460    1.616872e-07      3.114874e-08      1.889116e-08   
10.861    5.010718e-08      1.108757e-08      6.446337e-09   
13.250    9.778537e-09      4.033963e-09      1.781248e-09   


Table.4 
Request from AuAu group: no bin shift correction, not divided by pt 

 pt       cross section     stat.error        syst.error
 1.250    4.521383e-01      4.300431e-03      3.066660e-02   
 1.750    1.039283e-01      1.375116e-03      7.316771e-03   
 2.250    2.722104e-02      5.441419e-04      2.001979e-03   
 2.750    9.017549e-03      2.752284e-04      6.942826e-04   
 3.250    3.237751e-03      1.577364e-04      2.611751e-04   
 3.750    1.200661e-03      1.487590e-05      1.049265e-04   
 4.250    5.060369e-04      8.782108e-06      4.563027e-05   
 4.750    2.235932e-04      5.968011e-06      2.078532e-05   
 5.250    1.168482e-04      4.090357e-06      1.143339e-05   
 5.750    6.431192e-05      2.728548e-06      6.491275e-06   
 6.250    3.124544e-05      1.904271e-06      3.269045e-06   
 6.750    2.045809e-05      1.509981e-06      2.240911e-06   
 7.250    1.046809e-05      1.099794e-06      1.147164e-06   
 7.750    5.521365e-06      7.989561e-07      6.118261e-07   
 8.250    5.336586e-06      7.952793e-07      6.423065e-07   
 8.750    2.921736e-06      5.685712e-07      3.588931e-07   
 9.250    2.007405e-06      4.759540e-07      2.227807e-07   
 9.750    1.146256e-06      4.132511e-07      1.837144e-07   













