 Spectrum shifted along the y-axis (Yield): 
  1.25    0.05    7.482e-03    4.618e-04
  1.75    0.05    1.267e-03    8.257e-05
  2.25    0.05    2.647e-04    1.866e-05
  2.75    0.05    7.313e-05    5.718e-06
  3.25    0.05    2.251e-05    2.068e-06
  3.75    0.05    7.314e-06    7.070e-07
  4.25    0.05    2.737e-06    2.529e-07
  4.75    0.05    1.092e-06    1.107e-07
  5.25    0.05    5.175e-07    5.588e-08
  5.75    0.05    2.610e-07    2.858e-08
  6.25    0.05    1.172e-07    1.413e-08
  6.75    0.05    7.178e-08    9.330e-09
  7.25    0.05    3.221e-08    5.056e-09
  7.75    0.05    2.000e-08    3.373e-09
  8.25    0.05    1.451e-08    2.555e-09
  8.75    0.05    8.858e-09    1.852e-09
  9.25    0.05    5.904e-09    1.311e-09
  9.75    0.05    2.688e-09    8.233e-10


  1.25    0.05    7.452e-03    4.614e-04
  1.75    0.05    1.266e-03    8.251e-05
  2.25    0.05    2.646e-04    1.865e-05
  2.75    0.05    7.310e-05    5.716e-06
  3.25    0.05    2.250e-05    2.067e-06
  3.75    0.05    7.300e-06    7.068e-07
  4.25    0.05    2.730e-06    2.529e-07
  4.75    0.05    1.089e-06    1.107e-07
  5.25    0.05    5.162e-07    5.587e-08
  5.75    0.05    2.601e-07    2.858e-08
  6.25    0.05    1.166e-07    1.412e-08
  6.75    0.05    7.083e-08    9.329e-09
  7.25    0.05    3.207e-08    5.056e-09
  7.75    0.05    1.838e-08    3.373e-09
  8.25    0.05    1.384e-08    2.555e-09
  8.75    0.05    8.852e-09    1.852e-09
  9.25    0.05    5.230e-09    1.311e-09
  9.75    0.05    2.629e-09    8.232e-10


  pT   pT_err   Ntot   Ntot_err   (Rel_toterr %)   Stat_err   Syst_err
  1.25    0.05   7.721e-03     4.772e-04    6.18    1.036e-04    4.658e-04
  1.75    0.05   1.301e-03     8.461e-05    6.50    2.086e-05    8.200e-05
  2.25    0.05   2.704e-04     1.902e-05    7.03    6.316e-06    1.794e-05
  2.75    0.05   7.440e-05     5.806e-06    7.80    2.596e-06    5.193e-06
  3.25    0.05   2.283e-05     2.095e-06    9.17    1.289e-06    1.651e-06
  3.75    0.05   7.391e-06     7.146e-07    9.67    3.779e-07    6.065e-07
  4.25    0.05   2.758e-06     2.552e-07    9.26    6.952e-08    2.456e-07
  4.75    0.05   1.098e-06     1.115e-07    10.16    4.874e-08    1.003e-07
  5.25    0.05   5.203e-07     5.626e-08    10.81    2.719e-08    4.925e-08
  5.75    0.05   2.619e-07     2.876e-08    10.98    1.202e-08    2.612e-08
  6.25    0.05   1.173e-07     1.420e-08    12.11    7.492e-09    1.207e-08
  6.75    0.05   7.121e-08     9.375e-09    13.17    5.533e-09    7.568e-09
  7.25    0.05   3.221e-08     5.079e-09    15.77    3.586e-09    3.597e-09
  7.75    0.05   1.846e-08     3.387e-09    18.35    2.626e-09    2.139e-09
  8.25    0.05   1.389e-08     2.565e-09    18.46    1.961e-09    1.655e-09
  8.75    0.05   8.883e-09     1.858e-09    20.92    1.527e-09    1.058e-09
  9.25    0.05   5.246e-09     1.315e-09    25.08    1.143e-09    6.514e-10
  9.75    0.05   2.637e-09     8.257e-10    31.31    7.584e-10    3.265e-10


 <I> Global Chi2/Ndf of the average spectrum (tot): 4.86119/18 = 0.270066
 <I> Global Chi2/Ndf of the average spectrum (stat): 20.5694/18 = 1.14275