 1.250  7.425679e-003  2.473444e-004  7.314288e-004
 1.750  1.311377e-003  4.894209e-005  1.366017e-004
 2.250  2.746258e-004  1.461559e-005  3.016304e-005
 2.750  7.494839e-005  5.932510e-006  8.656530e-006
 3.250  2.307242e-005  3.193010e-006  2.795605e-006
 3.750  7.931404e-006  1.228737e-006  1.005965e-006
 4.250  2.939403e-006  1.602369e-007  3.894704e-007
 4.750  1.055047e-006  1.127498e-007  1.457722e-007
 5.250  5.566092e-007  6.873570e-008  8.005884e-008
 5.750  2.812023e-007  2.404806e-008  4.203968e-008
 6.250  1.276973e-007  1.521863e-008  1.981433e-008
 6.750  8.170887e-008  1.170655e-008  1.314149e-008
 7.500  2.121284e-008  3.879252e-009  3.592035e-009
 8.500  1.304875e-008  2.850730e-009  2.357471e-009
 9.500  2.762552e-009  1.235787e-009  5.304091e-010
11.000  8.740324e-010  4.371074e-010  1.826724e-010
