1.250  3.214429e-01  3.833426e-02  4.077268e-03  3.811681e-02  0.000000e+00  2.192489e-02  3.117996e-02
1.750  5.310706e-02  6.210952e-03  8.097249e-04  6.157944e-03  0.000000e+00  3.373945e-03  5.151385e-03
2.250  1.141008e-02  1.354157e-03  2.500326e-04  1.330874e-03  0.000000e+00  7.390997e-04  1.106778e-03
2.750  2.958687e-03  3.602600e-04  9.096941e-05  3.485855e-04  0.000000e+00  1.978562e-04  2.869926e-04
3.250  8.887445e-04  1.134066e-04  4.085111e-05  1.057934e-04  0.000000e+00  6.132201e-05  8.620822e-05
3.750  3.146841e-04  4.052162e-05  3.126721e-06  4.040080e-05  0.000000e+00  2.646674e-05  3.052436e-05
4.250  1.155583e-04  1.448377e-05  1.360647e-06  1.441972e-05  0.000000e+00  9.071003e-06  1.120915e-05
4.750  4.710719e-05  5.865168e-06  6.907763e-07  5.824347e-06  0.000000e+00  3.611596e-06  4.569398e-06
5.250  2.107692e-05  2.658446e-06  4.064382e-07  2.627193e-06  0.000000e+00  1.649946e-06  2.044461e-06
5.750  1.030452e-05  1.318945e-06  2.363243e-07  1.297600e-06  0.000000e+00  8.274602e-07  9.995382e-07
6.250  5.115216e-06  6.689934e-07  1.549142e-07  6.508101e-07  0.000000e+00  4.211451e-07  4.961759e-07
6.750  2.745351e-06  3.675925e-07  1.040469e-07  3.525599e-07  0.000000e+00  2.310483e-07  2.662990e-07
7.250  1.604765e-06  2.198203e-07  7.208577e-08  2.076647e-07  0.000000e+00  1.374551e-07  1.556622e-07
7.750  8.384253e-07  1.226058e-07  5.558720e-08  1.092806e-07  0.000000e+00  7.299405e-08  8.132726e-08
8.250  5.045712e-07  7.762100e-08  4.031361e-08  6.633124e-08  0.000000e+00  4.477026e-08  4.894341e-08
8.750  3.056793e-07  5.163252e-08  3.192334e-08  4.058101e-08  0.000000e+00  2.770637e-08  2.965089e-08
9.250  2.324031e-07  3.776449e-08  2.162035e-08  3.096316e-08  0.000000e+00  2.122559e-08  2.254310e-08
9.750  1.351866e-07  2.391355e-08  1.554872e-08  1.816853e-08  0.000000e+00  1.257546e-08  1.311310e-08
11.000  5.323630e-08  8.681533e-09  4.656251e-09  7.327232e-09 0.000000e+00  5.198294e-09  5.163921e-09
13.000  1.462580e-08  3.094193e-09  2.287549e-09  2.083544e-09  0.000000e+00  1.525922e-09  1.418703e-09
15.000  4.495806e-09  1.424851e-09  1.265834e-09  6.541148e-10  0.000000e+00  4.875335e-10  4.360931e-10


p_T    cross section error_total   error_stat    error_sys,total   error_A   error_B       error_C
