 1.250  7.318442e-03  2.437724e-04  7.208660e-04
 1.750  1.292439e-03  4.823530e-05  1.346289e-04
 2.250  2.706598e-04  1.440452e-05  2.972744e-05
 2.750  7.386604e-05  5.846837e-06  8.531518e-06
 3.250  2.273923e-05  3.146899e-06  2.755233e-06
 3.750  7.816863e-06  1.210992e-06  9.914376e-07
 4.250  2.896954e-06  1.579228e-07  3.838459e-07
 4.750  1.039811e-06  1.111215e-07  1.436670e-07
 5.250  5.485710e-07  6.774307e-08  7.890269e-08
 5.750  2.771414e-07  2.370078e-08  4.143257e-08
 6.250  1.258532e-07  1.499885e-08  1.952819e-08
 6.750  8.052888e-08  1.153749e-08  1.295171e-08
 7.500  2.090650e-08  3.823231e-09  3.540161e-09
 8.500  1.286031e-08  2.809562e-09  2.323426e-09
 9.500  2.722657e-09  1.217941e-09  5.227493e-10
11.000  8.614102e-10  4.307950e-10  1.800344e-10
