 1.215  8.420651e-03  2.804863e-04  9.727133e-04
 1.719  1.429800e-03  5.336177e-05  1.725006e-04
 2.223  2.922286e-04  1.555241e-05  3.675270e-05
 2.726  7.846074e-05  6.210529e-06  1.026890e-05
 3.228  2.387622e-05  3.304249e-06  3.246841e-06
 3.730  8.138264e-06  1.260784e-06  1.148221e-06
 4.232  2.996698e-06  1.633602e-07  4.380839e-07
 4.733  1.070243e-06  1.143737e-07  1.619129e-07
 5.234  5.623904e-07  6.944962e-08  8.794744e-08
 5.735  2.832156e-07  2.422023e-08  4.573231e-08
 6.236  1.282753e-07  1.528751e-08  2.136653e-08
 6.737  8.190081e-08  1.173405e-08  1.405903e-08
 7.452  2.213149e-08  4.047249e-09  3.959985e-09
 8.457  1.347152e-08  2.943091e-09  2.548042e-09
 9.460  2.829767e-09  1.265855e-09  5.641082e-10
10.861  9.709005e-10  4.855516e-10  2.073741e-10
