0.2   86.8125     0.104683     10.1106
0.4   29.0759     0.0448836     3.28704
0.6   9.16285     0.0242722     1.04556
0.8   2.9759      0.0135637     0.350617
1.0   1.07252     0.00808878    0.127563
1.2   0.432641    0.00512332    0.0527649
1.4   0.194606    0.00345364    0.023313
1.6   0.0911819   0.00234791    0.0103132
1.8   0.0444746   0.00163881    0.00523507
2.0   0.0221021   0.00115453    0.00261865
2.2   0.011533    0.000860191   0.00140806
2.4   0.00550203  0.000641127   0.000603638
2.6   0.00338716  0.000560573   0.000486251


p- (p+p 200 GeV Run-2. M.Harvey)
pT    XSECT       Stat.        Syst.
