0.2   87.3532     0.110046     10.7972
0.4   30.9957     0.04918       3.63268
0.6   9.4859      0.0259698     1.10148
0.8   3.13553     0.0148655     0.362696
1.0   1.14568     0.00907894    0.137432
1.2   0.455717    0.00563879    0.0561237
1.4   0.203638    0.00373815    0.0254098
1.6   0.089852    0.00240472    0.0108916
1.8   0.0468573   0.00173588    0.00549057
2.0   0.0235297   0.00122837    0.00279033
2.2   0.0124279   0.000905999   0.00176799
2.4   0.00617538  0.000691328   0.000701634
2.6   0.00376609  0.000601797   0.000542878


pi+ (p+p 200 GeV Run-2. M.Harvey)
pT    XSECT       Stat.        Syst.
