0.55   11.9578   0.0217283   1.13599 
0.65   6.96176   0.0148066   0.661367 
0.75   4.20274   0.0105408   0.399261 
0.85   2.55347   0.00755149   0.242579 
0.95   1.62592   0.0056476   0.154462 
1.05   1.05545   0.00428204   0.105545 
1.15   0.682989   0.00323944   0.0682989 
1.25   0.449923   0.00247075   0.0449923 
1.35   0.304045   0.00192456   0.0304045 
1.45   0.213628   0.00155157   0.0213628 
1.55   0.15529   0.00130474   0.0139761 
1.65   0.106286   0.00102397   0.00956578 
1.75   0.0784142   0.00085672   0.00705727 
1.85   0.0560605   0.000697697   0.00504545 
1.95   0.042155   0.000593074   0.00379395 
2.05   0.0310058   0.00049226   0.00279052 
2.15   0.0236669   0.000419935   0.00213002 
2.25   0.0164635   0.000334859   0.00148171 
2.35   0.0129578   0.000293831   0.0011662 
2.45   0.0102246   0.000259159   0.000920213 
2.55   0.00702795   0.000205386   0.000632516 
2.65   0.00588828   0.000185725   0.000529945 
2.75   0.00459545   0.00016014   0.00041359 
2.85   0.00348354   0.000135483   0.000313519 
2.95   0.00254841   0.00011478   0.000229357 
3.05   0.00228293   0.000104466   0.000205464 
3.15   0.00173541   9.00811e-05   0.000156187 
3.25   0.00123682   7.45024e-05   0.000111314 
3.35   0.0010253   6.63251e-05   9.22768e-05 
3.45   0.000830461   5.91144e-05   7.47415e-05 
3.55   0.000678297   5.23499e-05   6.10468e-05 
3.65   0.000595153   4.84606e-05   5.35638e-05 
3.75   0.00039931   3.85653e-05   3.59379e-05 
3.85   0.000362475   3.59204e-05   3.26227e-05 
3.95   0.000333113   3.43041e-05   2.99802e-05 
4.05   0.000268018   3.2394e-05   2.68018e-05 
4.15   0.000196139   2.90588e-05   1.96139e-05 
4.25   0.000181494   2.44131e-05   1.81494e-05 
4.35   0.000142211   2.12285e-05   1.42211e-05 
4.45   0.000138355   2.07131e-05   1.38355e-05 
4.55   0.000102009   1.74091e-05   1.02009e-05 
4.65   7.06501e-05   1.42644e-05   7.06501e-06 
4.75   3.65686e-05   1.08118e-05   3.65686e-06 
4.85   5.05554e-05   1.42673e-05   5.05554e-06 
4.95   5.42683e-05   1.22489e-05   5.42683e-06 
5.25   2.64248e-05   4.7363e-06   4.22797e-06 
5.75   1.37487e-05   3.98477e-06   2.19979e-06 
6.25   9.21198e-06   2.38038e-06   2.57936e-06 
6.75   7.2258e-06   2.2795e-06   2.02322e-06 
7.25   2.19291e-06   2.10302e-06   1.00874e-06 


(h^++h^-)/2 p_T [GeV/c]   \Ed^3\sigma/dp^3 [\rm{mb/GeV^2}]  stat error   sys error 

