    -7.600   0.50000E-05   0.25000E-05
    -7.200   0.37500E-04   0.68465E-05
    -6.800   0.19188E-02   0.48974E-04
    -6.400   0.89350E-02   0.10568E-03
    -6.000   0.28234E-01   0.18786E-03
    -5.600   0.72839E-01   0.30174E-03
    -5.200   0.11988E+01   0.12241E-02
    -4.800   0.53917E+00   0.82095E-03
    -4.400   0.67701E+00   0.91993E-03
    -4.000   0.78518E+00   0.99070E-03
    -3.600   0.86228E+00   0.10382E-02
    -3.200   0.94089E+00   0.10845E-02
    -2.800   0.10244E+01   0.11316E-02
    -2.400   0.10998E+01   0.11725E-02
    -2.000   0.11661E+01   0.12073E-02
    -1.600   0.12178E+01   0.12338E-02
    -1.200   0.12553E+01   0.12526E-02
    -0.800   0.12828E+01   0.12663E-02
    -0.400   0.12949E+01   0.12723E-02
     0.000   0.13007E+01   0.12751E-02
     0.400   0.12954E+01   0.12725E-02
     0.800   0.12871E+01   0.12684E-02
     1.200   0.12633E+01   0.12566E-02
     1.600   0.12255E+01   0.12377E-02
     2.000   0.11763E+01   0.12126E-02
     2.400   0.11104E+01   0.11782E-02
     2.800   0.10334E+01   0.11366E-02
     3.200   0.94839E+00   0.10888E-02
     3.600   0.86778E+00   0.10415E-02
     4.000   0.78977E+00   0.99358E-03
     4.400   0.67992E+00   0.92190E-03
     4.800   0.56221E+00   0.83831E-03
     5.200   0.11809E+01   0.12150E-02
     5.600   0.72062E-01   0.30013E-03
     6.000   0.26889E-01   0.18333E-03
     6.400   0.82725E-02   0.10169E-03
     6.800   0.17462E-02   0.46721E-04
     7.200   0.36250E-04   0.67315E-05
     7.600   0.25000E-05   0.17678E-05


   -12.000   0.50000E-05   0.25000E-05
   -11.600   0.23750E-04   0.54486E-05
   -11.200   0.35000E-04   0.66144E-05
   -10.800   0.80000E-04   0.10000E-04
   -10.400   0.23375E-03   0.17093E-04
   -10.000   0.53500E-03   0.25860E-04
    -9.600   0.10575E-02   0.36358E-04
    -9.200   0.23837E-02   0.54587E-04
    -8.800   0.53387E-02   0.81691E-04
    -8.400   0.11569E-01   0.12025E-03
    -8.000   0.25369E-01   0.17808E-03
    -7.600   0.54491E-01   0.26099E-03
    -7.200   0.11274E+00   0.37540E-03
    -6.800   0.21525E+00   0.51872E-03
    -6.400   0.35091E+00   0.66229E-03
    -6.000   0.43256E+00   0.73533E-03
    -5.600   0.40153E+00   0.70845E-03
    -5.200   0.41085E+00   0.71663E-03
    -4.800   0.52431E+00   0.80956E-03
    -4.400   0.65535E+00   0.90509E-03
    -4.000   0.77348E+00   0.98329E-03
    -3.600   0.87596E+00   0.10464E-02
    -3.200   0.96669E+00   0.10993E-02
    -2.800   0.10454E+01   0.11431E-02
    -2.400   0.11074E+01   0.11766E-02
    -2.000   0.11433E+01   0.11955E-02
    -1.600   0.11548E+01   0.12014E-02
    -1.200   0.11384E+01   0.11929E-02
    -0.800   0.11035E+01   0.11745E-02
    -0.400   0.10677E+01   0.11553E-02
     0.000   0.10520E+01   0.11468E-02
     0.400   0.10675E+01   0.11552E-02
     0.800   0.11073E+01   0.11765E-02
     1.200   0.11447E+01   0.11962E-02
     1.600   0.11613E+01   0.12048E-02
     2.000   0.11510E+01   0.11995E-02
     2.400   0.11174E+01   0.11818E-02
     2.800   0.10553E+01   0.11485E-02
     3.200   0.97498E+00   0.11040E-02
     3.600   0.88216E+00   0.10501E-02
     4.000   0.77935E+00   0.98701E-03
     4.400   0.65915E+00   0.90771E-03
     4.800   0.52780E+00   0.81225E-03
     5.200   0.41249E+00   0.71806E-03
     5.600   0.40379E+00   0.71045E-03
     6.000   0.43413E+00   0.73666E-03
     6.400   0.34952E+00   0.66098E-03
     6.800   0.21349E+00   0.51658E-03
     7.200   0.11186E+00   0.37393E-03
     7.600   0.53902E-01   0.25957E-03
     8.000   0.25165E-01   0.17736E-03
     8.400   0.11566E-01   0.12024E-03
     8.800   0.52738E-02   0.81192E-04
     9.200   0.22512E-02   0.53048E-04
     9.600   0.10887E-02   0.36891E-04
    10.000   0.45375E-03   0.23816E-04
    10.400   0.21625E-03   0.16441E-04
    10.800   0.10000E-03   0.11180E-04
    11.200   0.47500E-04   0.77055E-05
    11.600   0.17500E-04   0.46771E-05
    12.000   0.87500E-05   0.33072E-05


  dN/dETACM vs ETACM  OF all charg. 1042
  ENTRIES: 45258612 MEAN:  0.00901899207 Dev.:  3.89317632
  XF    CONTENT    ERROR
