

  double data1[3][32]={//0-10% 
//pT
    {  0.54874200,  0.64850801,  0.74833602,  0.84820598,  0.94810200,
       1.04802001,  1.14795005,  1.24789000,  1.34783995,  1.44780004,
       1.54776001,  1.64772999,  1.74769998,  1.84767997,  1.94764996,
       2.04763007,  2.14760995,  2.24760008,  2.34757996,  2.44757009,
       2.54754996,  2.64754009,  2.74752998,  2.84752011,  2.94751000,
       3.09002995,  3.28995991,  3.48990989,  3.68985009,  3.88981009,
       4.18793011,  4.68745995
    },
//Yield
    { 54.43447876, 35.50342178, 23.28643417, 15.47651196, 10.64703369,
      7.47718430,  5.37729073,  3.83690190,  2.73416471,  1.95251989,
      1.40417027,  1.03004897,  0.73489541,  0.53489923,  0.37359399,
      0.28228533,  0.20639122,  0.14204669,  0.10703242,  0.07891983,
      0.05895270,  0.04715654,  0.03124955,  0.02391736,  0.01863829,
      0.01195454,  0.00716859,  0.00446109,  0.00307089,  0.00172164,
      0.00086857,  0.00022852
    },
//Error on yield
    {  0.19241285,  0.13492468,  0.09831212,  0.07393331,  0.05727865,
       0.04539931,  0.03671802,  0.02951216,  0.02401146,  0.01946255,
       0.01596035,  0.01328158,  0.01077293,  0.00898850,  0.00732772,
       0.00615502,  0.00515330,  0.00417629,  0.00351634,  0.00298267,
       0.00254926,  0.00221895,  0.00181702,  0.00154541,  0.00134235,
       0.00075698,  0.00056755,  0.00043364,  0.00035176,  0.00028054,
       0.00012396,  0.00007471
    }
  };
  double data2[3][32]={//60-92%
//pT
    {  0.54874200,  0.64850801,  0.74833602,  0.84820598,  0.94810200,
       1.04802001,  1.14795005,  1.24789000,  1.34783995,  1.44780004,
       1.54776001,  1.64772999,  1.74769998,  1.84767997,  1.94764996,
       2.04763007,  2.14760995,  2.24760008,  2.34757996,  2.44757009,
       2.54754996,  2.64754009,  2.74752998,  2.84752011,  2.94751000,
       3.09002995,  3.28995991,  3.48990989,  3.68985009,  3.88981009,
       4.18793011,  4.68745995
    },
//Yield
    {  1.45910680,  0.91274571,  0.56019157,  0.35978672,  0.23944485,
       0.16008332,  0.11099828,  0.07971249,  0.05103084,  0.03732021,
       0.02396639,  0.01802864,  0.01333203,  0.00992638,  0.00852339,
       0.00481334,  0.00401489,  0.00277809,  0.00243381,  0.00176221,
       0.00141863,  0.00099079,  0.00054365,  0.00063464,  0.00039088,
       0.00037133,  0.00014866,  0.00013223,  0.00007464,  0.00005291,
       0.00002259,  0.00001156
    },
//error on yield
    { 0.01297674,  0.00916864,  0.00655552,  0.00488197,  0.00375026,
      0.00290500,  0.00230711,  0.00187424,  0.00144147,  0.00118753,
      0.00091705,  0.00077563,  0.00064449,  0.00053666,  0.00047854,
      0.00034862,  0.00031109,  0.00025292,  0.00022947,  0.00019351,
      0.00016509,  0.00013732,  0.00010372,  0.00010186,  0.00008128,
      0.00005259,  0.00003593,  0.00002883,  0.00002006,  0.00001962,
      0.00000679,  0.00000367
    }
  };
