------------------------------------------------------------------------


  Overview

Figure1 <#table0>
Figure 2 <#table1>
Figure 3 <#table2>
Figure 4 <#table3>

------------------------------------------------------------------------


  /Figure1/

*AuAu*








*Eta=0*








*(h+ + h-)/2*


















Pt (GeV/c) Pt Bin Width (GeV/c) 0-10% Statistical Error 10-20%
Statistical Error 20-40% Statistical Error 40-60% Statistical Error
0.45 0.1 7.3066E+01 1.6339E+00 4.8471E+01 1.3438E+00 2.7417E+01
1.0849E+00 1.2123E+01 7.3203E-01
0.55 0.1 5.1467E+01 4.9685E-01 3.5954E+01 4.1309E-01 2.1701E+01
4.4577E-01 9.3581E+00 2.9866E-01
0.65 0.1 3.6826E+01 3.8203E-01 2.5986E+01 3.2125E-01 1.5401E+01
3.4540E-01 5.9072E+00 2.1667E-01
0.75 0.1 2.5980E+01 2.9558E-01 1.7692E+01 2.4275E-01 1.1282E+01
2.7099E-01 4.3714E+00 1.6972E-01
0.85 0.1 1.8538E+01 2.3389E-01 1.2590E+01 1.9155E-01 7.2996E+00
2.0037E-01 2.8669E+00 1.2570E-01
0.95 0.1 1.3061E+01 1.8597E-01 9.2462E+00 1.5345E-01 5.4057E+00
1.6213E-01 2.1758E+00 1.0324E-01
1.05 0.1 9.5031E+00 5.6032E-02 6.5026E+00 4.7256E-02 3.7502E+00
4.0553E-02 1.4559E+00 2.6180E-02
1.15 0.1 6.9187E+00 4.5223E-02 4.7276E+00 3.7960E-02 2.6901E+00
3.1978E-02 1.0287E+00 2.1864E-02
1.25 0.1 5.0795E+00 3.7391E-02 3.4242E+00 3.0967E-02 1.9583E+00
2.5283E-02 7.6920E-01 1.7229E-02
1.35 0.1 3.7317E+00 3.0618E-02 2.5669E+00 2.5765E-02 1.4412E+00
2.1663E-02 5.1440E-01 1.3586E-02
1.45 0.1 2.7003E+00 2.4971E-02 1.8811E+00 2.1341E-02 1.0119E+00
1.6877E-02 3.7808E-01 1.2025E-02
1.55 0.1 2.0178E+00 2.0953E-02 1.4160E+00 1.7851E-02 7.8944E-01
1.4553E-02 2.7564E-01 9.3099E-03
1.65 0.1 1.4753E+00 1.7329E-02 1.0400E+00 1.4774E-02 5.9338E-01
1.1981E-02 1.9684E-01 7.5300E-03
1.75 0.1 1.1120E+00 1.4621E-02 7.3587E-01 1.2060E-02 4.3829E-01
1.0503E-02 1.6425E-01 6.8153E-03
1.85 0.1 8.0964E-01 1.2293E-02 5.5696E-01 1.0361E-02 3.0676E-01
8.1948E-03 1.1213E-01 5.7007E-03
1.95 0.1 5.8803E-01 1.0042E-02 4.1164E-01 8.4610E-03 2.3867E-01
7.4236E-03 8.1005E-02 4.2272E-03
2.10 0.2 3.8382E-01 7.0773E-03 2.6819E-01 5.7991E-03 1.5521E-01
5.0231E-03 5.2503E-02 2.9399E-03
2.30 0.2 2.2254E-01 5.1490E-03 1.5122E-01 4.2413E-03 8.1634E-02
3.4486E-03 2.9500E-02 2.3922E-03
2.50 0.2 1.2301E-01 3.7022E-03 8.3797E-02 3.0725E-03 4.6395E-02
2.6236E-03 1.8863E-02 1.6852E-03
2.70 0.2 6.9598E-02 2.6847E-03 4.4479E-02 2.1111E-03 3.2767E-02
2.2786E-03 8.4959E-03 1.0027E-03
2.90 0.2 3.9601E-02 1.8742E-03 2.7205E-02 1.5619E-03 1.6238E-02
1.3423E-03 6.0553E-03 8.5695E-04
3.15 0.3 1.9541E-02 1.0394E-03 1.3916E-02 8.9110E-04 8.0431E-03
8.0088E-04 3.4684E-03 4.9202E-04
3.45 0.3 8.5101E-03 6.5473E-04 6.4688E-03 5.5583E-04 4.6917E-03
5.5432E-04 1.5343E-03 2.9483E-04
3.75 0.3 3.8364E-03 4.0775E-04 3.5199E-03 4.1283E-04 2.0389E-03
3.3656E-04 8.0265E-04 2.4009E-04
4.15 0.5 1.5705E-03 1.9165E-04 1.6027E-03 1.9631E-04 8.3730E-04
1.5740E-04 4.5422E-04 1.2077E-04
4.65 0.5 7.3699E-04 1.2431E-04 6.9757E-04 1.3663E-04 3.6822E-04
9.8263E-05 1.8316E-04 7.1299E-05




















*dAu*








*Eta=0*








*(h+ + h-)/2*


















Pt (GeV/c) Pt Bin Width (GeV/c) Minimum Bias Statistical Error





0.65 0.1 6.2653E-01 3.0061E-03





0.75 0.1 4.2849E-01 2.0271E-03





0.85 0.1 2.9390E-01 1.4720E-03





0.95 0.1 2.0183E-01 1.0983E-03





1.05 0.1 1.4256E-01 8.5743E-04





1.15 0.1 1.0017E-01 6.6654E-04





1.25 0.1 7.1558E-02 5.3425E-04





1.35 0.1 5.1280E-02 4.2604E-04





1.45 0.1 3.7881E-02 3.5064E-04





1.55 0.1 2.7750E-02 2.8762E-04





1.65 0.1 2.0295E-02 2.3695E-04





1.75 0.1 1.5257E-02 1.9645E-04





1.85 0.1 1.1235E-02 1.6424E-04





1.95 0.1 8.4166E-03 1.3756E-04





2.1 0.2 5.6760E-03 7.6459E-05





2.3 0.2 3.1437E-03 5.3819E-05





2.5 0.2 1.9869E-03 4.0955E-05





2.7 0.2 1.2221E-03 3.1136E-05





2.9 0.2 7.0802E-04 2.2134E-05





3.15 0.3 4.1935E-04 1.3665E-05





3.45 0.3 2.1812E-04 9.3498E-06





3.75 0.3 1.1398E-04 6.4083E-06





4.15 0.5 5.7528E-05 3.4249E-06





4.65 0.5 2.1282E-05 1.9963E-06





5.15 0.5 9.5933E-06 1.1987E-06

























*AuAu*








*Eta=2.2*








*h-*


















Pt (GeV/c) Pt Bin Width (GeV/c) 0-10% Statistical Error 10-20%
Statistical Error 20-40% Statistical Error 40-60% Statistical Error
0.55 0.10 5.4218E+01 8.1807E-01 3.5209E+01 6.1469E-01 2.1341E+01
4.9566E-01 8.8017E+00 3.3230E-01
0.65 0.10 3.5657E+01 4.9351E-01 2.4896E+01 4.0595E-01 1.2971E+01
2.5250E-01 5.8328E+00 1.7405E-01
0.75 0.10 2.3696E+01 3.3649E-01 1.7122E+01 3.0952E-01 8.9257E+00
1.9257E-01 3.8777E+00 1.2870E-01
0.9 0.20 1.3376E+01 1.5829E-01 9.6380E+00 1.4154E-01 5.2045E+00
8.8231E-02 2.1766E+00 5.9063E-02
1.1 0.20 6.2742E+00 9.5726E-02 4.4372E+00 8.4441E-02 2.4371E+00
5.1220E-02 9.7535E-01 3.4508E-02
1.3 0.20 2.9625E+00 5.4893E-02 2.0944E+00 4.7284E-02 1.1143E+00
2.8786E-02 4.3427E-01 1.8499E-02
1.55 0.30 1.2796E+00 2.6104E-02 8.8480E-01 2.1768E-02 4.6590E-01
1.3698E-02 1.8549E-01 8.5651E-03
1.95 0.50 3.2879E-01 9.2431E-03 2.4283E-01 8.4977E-03 1.2993E-01
5.3187E-03 4.5628E-02 3.1938E-03
2.5 0.60 5.4352E-02 2.4062E-03 3.2739E-02 1.9066E-03 2.6436E-02
1.6271E-03 9.5613E-03 9.8611E-04
3.2 0.80 5.6992E-03 5.3731E-04 5.5403E-03 5.2181E-04 2.4224E-03
3.2749E-04 1.2866E-03 3.3337E-04
4.1 1.00 6.6346E-04 1.9350E-04 5.2629E-04 2.0085E-04 1.4882E-04
7.5690E-05 3.4359E-04 2.3675E-04

------------------------------------------------------------------------


  /Figure 2/


*Eta=0.0*





*Eta=2.2*

















*Rcp*





*Rcp*




X axis
Y axis



X axis
Y axis


Pt (GeV/c) Pt Bin Width (GeV/c) Rcp Statistical Error


Pt (GeV/c) Pt Bin Width (GeV/c) Rcp Statistical Error

0.45 0.1 0.524078 0.0337454


0.55 0.10 0.535640 0.0217778

0.55 0.1 0.478241 0.0159460


0.65 0.10 0.531577 0.0174855

0.65 0.1 0.542088 0.0206627


0.75 0.10 0.531373 0.0191821

0.75 0.1 0.516803 0.0209088


0.90 0.20 0.534367 0.0158193

0.85 0.1 0.562297 0.0256551


1.10 0.20 0.559375 0.0215527

0.95 0.1 0.521967 0.0258567


1.30 0.20 0.593203 0.0275569

1.05 0.1 0.567597 0.0107414


1.55 0.30 0.599862 0.0302816

1.15 0.1 0.584876 0.0130061


1.95 0.50 0.626608 0.0472657

1.25 0.1 0.574222 0.0135384


2.50 0.60 0.494314 0.0554797

1.35 0.1 0.630827 0.0174469


3.20 0.80 0.385194 0.1062100

1.45 0.1 0.621059 0.0205713


4.10 1.00 0.167910 0.1256370

1.55 0.1 0.636557 0.0224934








1.65 0.1 0.651709 0.0260793








1.75 0.1 0.588703 0.0256241








1.85 0.1 0.627888 0.0333159








1.95 0.1 0.631234 0.0346598








2.10 0.2 0.635694 0.0374761








2.30 0.2 0.655999 0.0553187








2.50 0.2 0.567051 0.0534576








2.70 0.2 0.712341 0.0884475








2.90 0.2 0.568689 0.0848623








3.15 0.3 0.489922 0.0742240








3.45 0.3 0.482301 0.0998277








3.75 0.3 0.415622 0.1319370








4.15 0.5 0.300660 0.0879610








4.65 0.5 0.349887 0.1484360


































*Raa*





*Raa*




0-10%





0-10%




X axis
Y axis



X axis
Y axis


Pt (GeV/c) Pt Bin Width (GeV/c) Raa Statistical Error


Pt (GeV/c) Pt Bin Width (GeV/c) Raa Statistical Error

0.45 0.1 0.172972 0.0038681


0.55 0.10 0.223909 0.0033785

0.55 0.1 0.204554 0.0019747


0.65 0.10 0.246233 0.0034080

0.65 0.1 0.240298 0.0024928


0.75 0.10 0.268837 0.0038176

0.75 0.1 0.272695 0.0031025


0.90 0.20 0.309950 0.0036681

0.85 0.1 0.307149 0.0038751


1.10 0.20 0.357790 0.0054588

0.95 0.1 0.335685 0.0047798


1.30 0.20 0.394371 0.0073074

1.05 0.1 0.372828 0.0021983


1.55 0.30 0.460415 0.0093927

1.15 0.1 0.408172 0.0026679


1.95 0.50 0.509989 0.0143370

1.25 0.1 0.444366 0.0032711


2.50 0.60 0.507179 0.0224531

1.35 0.1 0.477829 0.0039205


3.20 0.80 0.392471 0.0370017

1.45 0.1 0.499941 0.0046231


4.10 1.00 0.408002 0.1189920

1.55 0.1 0.533994 0.0055450








1.65 0.1 0.552096 0.0064850








1.75 0.1 0.582547 0.0076593








1.85 0.1 0.588085 0.0089293








1.95 0.1 0.586854 0.0100216








2.10 0.2 0.607176 0.0111957








2.30 0.2 0.632928 0.0146440








2.50 0.2 0.611061 0.0183915








2.70 0.2 0.588151 0.0226872








2.90 0.2 0.555578 0.0262938








3.15 0.3 0.500416 0.0266162








3.45 0.3 0.429478 0.0330423








3.75 0.3 0.364636 0.0387554








4.15 0.5 0.323954 0.0395322








4.65 0.5 0.357317 0.0602703


































*Raa*





*Raa*




40-60%





40-60%




X axis
Y axis



X axis
Y axis


Pt (GeV/c) Pt Bin Width (GeV/c) Raa Statistical Error


Pt (GeV/c) Pt Bin Width (GeV/c) Raa Statistical Error

0.45 0.1 0.330050 0.0199291


0.55 0.10 0.418021 0.0157819

0.55 0.1 0.427721 0.0136507


0.65 0.10 0.463212 0.0138222

0.65 0.1 0.443282 0.0162587


0.75 0.10 0.505929 0.0167911

0.75 0.1 0.527657 0.0204865


0.90 0.20 0.580033 0.0157394

0.85 0.1 0.546240 0.0239507


1.10 0.20 0.639623 0.0226302

0.95 0.1 0.643115 0.0305136


1.30 0.20 0.664817 0.0283206

1.05 0.1 0.656854 0.0118118


1.55 0.30 0.767535 0.0354410

1.15 0.1 0.697878 0.0148334


1.95 0.50 0.813888 0.0569695

1.25 0.1 0.773856 0.0173330


2.50 0.60 1.026020 0.1058200

1.35 0.1 0.757465 0.0200063


3.20 0.80 1.018890 0.2640070

1.45 0.1 0.804982 0.0256033


4.10 1.00 2.429880 1.6743300

1.55 0.1 0.838878 0.0283337








1.65 0.1 0.847152 0.0324070








1.75 0.1 0.989544 0.0410592








1.85 0.1 0.936609 0.0476185








1.95 0.1 0.929694 0.0485161








2.10 0.2 0.955139 0.0534833








2.30 0.2 0.964830 0.0782392








2.50 0.2 1.077610 0.0962732








2.70 0.2 0.825659 0.0974449








2.90 0.2 0.976944 0.1382580








3.15 0.3 1.021420 0.1448970








3.45 0.3 0.890478 0.1711070








3.75 0.3 0.877325 0.2624280








4.15 0.5 1.077480 0.2864950








4.65 0.5 1.021230 0.3975330

































------------------------------------------------------------------------


  /Figure 3/

X axis
Y axis
Pt (GeV/c) Pt Bin size (GeV/c) Reta Statistical Error
0.55 0.10 1.120020 0.058892
0.65 0.10 0.980610 0.049371
0.75 0.10 1.028190 0.055750
0.90 0.20 0.982062 0.043980
1.10 0.20 0.972706 0.040019
1.30 0.20 0.993435 0.049492
1.55 0.30 0.951389 0.051961
1.95 0.50 1.040450 0.082562
2.50 0.60 0.821410 0.102866
3.20 0.80 0.774417 0.225321
4.10 1.00 0.491118 0.380958

------------------------------------------------------------------------


  /Figure 4/

*dAu*


X axis
Y axis
Pt (GeV/c) Pt Bin Size (GeV/c) RdAu Statistical Error
0.65 0.10 0.509327 0.00244378
0.75 0.10 0.560319 0.00265069
0.85 0.10 0.606649 0.00303849
0.95 0.10 0.646259 0.00351690
1.05 0.10 0.696803 0.00419085
1.15 0.10 0.736209 0.00489892
1.25 0.10 0.779898 0.00582269
1.35 0.10 0.818026 0.00679630
1.45 0.10 0.873728 0.00808765
1.55 0.10 0.914928 0.00948304
1.65 0.10 0.946249 0.01104770
1.75 0.10 0.995739 0.01282150
1.85 0.10 1.016650 0.01486220
1.95 0.10 1.046470 0.01710300
2.10 0.20 1.118630 0.01506860
2.30 0.20 1.113880 0.01906920
2.50 0.20 1.229700 0.02534680
2.70 0.20 1.286680 0.03278100
2.90 0.20 1.237490 0.03868600
3.15 0.30 1.337850 0.04359460
3.45 0.30 1.371420 0.05878520
3.75 0.30 1.349640 0.07588220
4.15 0.50 1.478370 0.08801290
4.65 0.50 1.285440 0.12057900
5.15 0.50 1.193730 0.14916000








*AuAu*


X axis
Y axis
Pt (GeV/c) Pt Bin Size (GeV/c) Raa Statistical Error
0.45 0.1 0.172972 0.00386807
0.55 0.1 0.204554 0.00197471
0.65 0.1 0.240298 0.00249282
0.75 0.1 0.272695 0.00310245
0.85 0.1 0.307149 0.00387510
0.95 0.1 0.335685 0.00477984
1.05 0.1 0.372828 0.00219825
1.15 0.1 0.408172 0.00266794
1.25 0.1 0.444366 0.00327109
1.35 0.1 0.477829 0.00392047
1.45 0.1 0.499941 0.00462313
1.55 0.1 0.533994 0.00554499
1.65 0.1 0.552096 0.00648498
1.75 0.1 0.582547 0.00765934
1.85 0.1 0.588085 0.00892933
1.95 0.1 0.586854 0.01002160
2.1 0.2 0.607176 0.01119570
2.3 0.2 0.632928 0.01464400
2.5 0.2 0.611061 0.01839150
2.7 0.2 0.588151 0.02268720
2.9 0.2 0.555578 0.02629380
3.15 0.3 0.500416 0.02661620
3.45 0.3 0.429478 0.03304230
3.75 0.3 0.364636 0.03875540
4.15 0.5 0.323954 0.03953220
4.65 0.5 0.357317 0.06027030

