//////////////////////////////////////////////////////////////
// Ks Rcp

float KsPt4060[20] = {
    0.332, 0.516, 0.715, 0.898, 1.097,
    1.295, 1.494, 1.693, 1.892, 2.093,
    2.293, 2.492, 2.689, 2.894, 3.173,
    3.576, 3.976, 4.503, 5.375, 6.286 };

float KsRAA4060[20] = {
    5.132e-01, 5.230e-01, 6.297e-01, 6.420e-01, 6.687e-01,
    7.358e-01, 7.110e-01, 7.025e-01, 6.982e-01, 6.533e-01,
    6.441e-01, 6.084e-01, 5.004e-01, 5.877e-01, 4.622e-01,
    4.399e-01, 3.521e-01, 3.384e-01, 2.975e-01, 3.915e-01 };

float KsRAA4060e[20] = {
    7.454e-02, 6.268e-02, 7.343e-02, 7.157e-02, 7.656e-02,
    7.858e-02, 7.841e-02, 7.726e-02, 8.068e-02, 7.041e-02,
    7.205e-02, 7.199e-02, 6.044e-02, 8.016e-02, 6.121e-02,   
    5.930e-02, 4.895e-02, 4.807e-02, 4.512e-02, 7.090e-02 };

float KsPt6080[20] = {
    0.332, 0.516, 0.715, 0.898, 1.097,
    1.295, 1.494, 1.693, 1.892, 2.093,
    2.293, 2.492, 2.689, 2.894, 3.173,   
    3.576, 3.976, 4.503, 5.375, 6.286 };

float KsRAA6080[20] = {
    3.635e-01, 3.527e-01, 5.196e-01, 5.585e-01, 5.367e-01,
    6.143e-01, 6.789e-01, 6.009e-01, 6.847e-01, 5.041e-01,
    5.264e-01, 5.384e-01, 3.345e-01, 4.568e-01, 3.327e-01,
    2.931e-01, 2.261e-01, 2.522e-01, 2.398e-01, 2.539e-01 };

float KsRAA6080e[20] = {
    5.794e-02, 4.460e-02, 6.280e-02, 6.490e-02, 6.529e-02,
    6.788e-02, 7.893e-02, 7.023e-02, 8.604e-02, 5.764e-02,
    6.568e-02, 7.670e-02, 4.868e-02, 8.386e-02, 4.521e-02,
    4.121e-02, 3.352e-02, 4.013e-02, 5.012e-02, 7.621e-02 };

//////////////////////////////////////////////////////////////
// Lambda + Anti-lambda Rcp

float Raa_L_pt[18] ={
    0.5, 0.7, 0.9, 1.1, 1.3, 1.5,
    1.7, 1.9, 2.1, 2.3, 2.5, 2.7,
    2.9, 3.175, 3.575, 4.1, 4.75, 5.55 };
float Raa_L_0005_4060[18] ={
    0.504669, 0.544987, 0.572532, 0.642528, 0.750399, 0.794633,
    0.849214, 0.89948, 0.8129, 0.854139, 0.870336, 0.875983,
    0.854607, 0.857082, 0.737616, 0.697988, 0.502563, 0.340057 };
float Raa_L_0005_4060err[18] ={
    0.0773125, 0.0525052, 0.0475579, 0.0524595, 0.0794571, 0.0684206,
    0.0741281, 0.0806588, 0.0689429, 0.076807, 0.0680179, 0.0954143,
    0.0971178, 0.144968, 0.124065, 0.0984918, 0.093963, 0.082472,  };
float Raa_L_0005_6080[18] ={
    0.290254, 0.345064, 0.45833, 0.530175, 0.61141, 0.730314,
    0.785486, 0.791299, 0.7408, 0.833857, 0.741768, 0.790386,
    0.685856, 0.902518, 0.727431, 0.517601, 0.333009, 0.254783 };
float Raa_L_0005_6080err[18] ={
    0.0488342, 0.0371875, 0.0456934, 0.051473, 0.0569939, 0.0679414,
    0.0753439, 0.0803946, 0.0800381, 0.0984117, 0.0784009, 0.109184,
    0.102113, 0.156104, 0.18613, 0.0979706, 0.0691089, 0.202486 };


