0 0 0 0 39.5845 18.3209
0 0 0 1 43.9183 19.843
0 0 0 2 41.9632 19.4229
0 0 1 0 40.3027 18.7296
0 0 1 1 38.8548 18.2096
0 0 1 2 48.3128 19.5262
0 0 2 0 46.1323 19.0667
0 0 2 1 47.3982 19.8543
0 0 2 2 39.9482 18.4702
0 0 3 0 39.7985 18.4425
0 0 3 1 38.6211 18.2489
0 0 3 2 46.1652 19.9809
0 0 4 0 40.2728 17.9064
0 0 4 1 38.991 18.6405
0 0 4 2 43.4103 19.8087
0 0 5 0 49.3981 20.7166
0 0 5 1 48.0037 20.7769
0 0 5 2 48.4068 20.0327
0 0 6 0 39.2644 18.138
0 0 6 1 39.3205 17.9115
0 0 6 2 47.113 19.8608
0 0 7 0 35.8431 17.2466
0 0 7 1 42.6001 19.2993
0 0 7 2 43.569 19.5097
0 1 0 0 31.0121 13.0164
0 1 0 1 35.2408 13.7119
0 1 0 2 24.362 11.1088
0 1 1 0 24.8152 11.4439
0 1 1 1 26.0379 12.4875
0 1 1 2 25.5201 11.3334
0 1 2 0 33.6901 14.1567
0 1 2 1 37.4293 14.4796
0 1 2 2 33.9929 13.9083
0 1 3 0 34.8442 13.4574
0 1 3 1 34.7452 14.2411
0 1 3 2 34.5084 13.1118
0 1 4 0 26.5743 12.0377
0 1 4 1 28.9951 12.6659
0 1 4 2 26.0536 12.1872
0 1 5 0 24.8793 11.5008
0 1 5 1 32.6531 13.7185
0 1 5 2 31.7476 12.9795
0 1 6 0 25.5773 11.2914
0 1 6 1 24.1619 10.5609
0 1 6 2 24.7738 11.3913
0 1 7 0 24.8519 11.7085
0 1 7 1 24.7847 11.5725
0 1 7 2 25.2578 11.1718
0 2 0 0 22.9932 9.87944
0 2 0 1 23.0639 9.92097
0 2 1 0 20.4725 9.26476
0 2 1 1 21.2608 9.75444
0 2 2 0 23.4803 9.86204
0 2 2 1 26.3371 10.1712
0 2 3 0 23.5551 9.77784
0 2 3 1 21.8009 9.6938
0 2 4 0 21.6806 9.75292
0 2 4 1 21.8384 9.53088
0 2 5 0 19.2643 8.98234
0 2 5 1 20.4404 9.19556
0 2 6 0 22.1062 9.94941
0 2 6 1 19.9847 9.18994
0 2 7 0 20.4948 9.64223
0 2 7 1 16.98 9.14485
1 0 0 0 33.5501 13.5568
1 0 0 1 35.2556 14.2468
1 0 0 2 38.5853 15.4595
1 0 1 0 32.4577 12.1494
1 0 1 1 33.4239 12.692
1 0 1 2 36.0105 15.2327
1 0 2 0 35.3288 15.197
1 0 2 1 42.7638 17.9207
1 0 2 2 42.1422 16.4386
1 0 3 0 35.4626 15.6157
1 0 3 1 38.3416 15.6731
1 0 3 2 35.7401 13.392
1 0 4 0 36.927 14.8533
1 0 4 1 41.9703 17.1484
1 0 4 2 38.0059 15.8187
1 0 5 0 35.5988 15.0272
1 0 5 1 35.9026 14.0046
1 0 5 2 37.8145 15.2949
1 0 6 0 35.3928 15.351
1 0 6 1 34.6126 14.1791
1 0 6 2 37.6097 14.3358
1 0 7 0 34.4301 13.7738
1 0 7 1 39.0763 15.4158
1 0 7 2 40.4621 16.1695
1 1 0 0 46.7521 18.5562
1 1 0 1 41.1884 16.5531
1 1 0 2 41.0155 17.4282
1 1 1 0 47.2761 17.4297
1 1 1 1 34.4916 14.94
1 1 1 2 29.524 12.2815
1 1 2 0 42.9594 17.264
1 1 2 1 42.0372 16.6964
1 1 2 2 43.6368 17.4862
1 1 3 0 44.4158 17.8538
1 1 3 1 33.3538 14.8004
1 1 3 2 31.9165 13.8735
1 1 4 0 48.6816 18.2125
1 1 4 1 45.6663 18.3059
1 1 4 2 37.4462 15.5191
1 1 5 0 45.1462 17.4339
1 1 5 1 45.0117 17.647
1 1 5 2 48.3442 18.189
1 1 6 0 32.225 13.9169
1 1 6 1 34.601 14.7846
1 1 6 2 38.5698 15.7707
1 1 7 0 47.7555 18.4281
1 1 7 1 33.103 14.3682
1 1 7 2 32.5158 13.9967
1 2 0 0 34.1896 12.8236
1 2 0 1 33.1584 12.3096
1 2 1 0 24.5353 10.7294
1 2 1 1 25.2712 10.8078
1 2 2 0 31.0545 11.1733
1 2 2 1 34.4219 12.2062
1 2 3 0 25.6099 10.4659
1 2 3 1 24.6949 10.3683
1 2 4 0 31.6896 12.0288
1 2 4 1 34.6649 12.7986
1 2 5 0 31.9191 11.8902
1 2 5 1 33.622 12.3038
1 2 6 0 24.7213 9.518
1 2 6 1 24.7824 10.3979
1 2 7 0 24.4153 10.6105
1 2 7 1 24.4135 10.2799
