1.250000 2687950.750000 1546977.250000 28387.615234
1.750000 838700.812500 310805.687500 10333.145508
2.250000 248716.843750 70035.468750 3816.510254
2.750000 71358.062500 18449.703125 1444.452881
3.250000 23542.908203 5997.652344 602.618469
3.750000 8944.278320 898.806641 273.455658
4.250000 3411.588379 413.775879 137.393600
4.750000 1641.485107 74.147949 75.206383
5.250000 1025.944824 -10.080627 53.990742
5.750000 372.737488 12.404510 29.748949
6.250000 182.000549 32.995972 20.124611
6.750000 131.670654 2.578690 14.000000
7.250000 75.059799 4.629021 10.583005
