1.250000 1783575.875000 610564.125000 12796.429688
1.750000 546227.937500 91250.562500 4536.655273
2.250000 154958.890625 16240.421875 1724.496216
2.750000 46177.355469 5267.480469 722.117004
3.250000 14057.111328 1814.098633 307.195374
3.750000 5122.123535 314.430176 148.300369
4.250000 1966.857544 231.373901 78.892334
4.750000 880.300781 37.154541 46.604721
5.250000 444.605225 -0.196869 30.643106
5.750000 206.992432 -2.689255 19.416489
6.250000 76.223701 15.554085 12.609520
6.750000 48.090363 -0.136875 8.602325
7.250000 32.663914 0.500923 6.557438
