1.25 2.36293e+06 13396.5
1.75 733968 4764.44
2.25 213721 1893.05
2.75 68085.6 779.524
3.25 22873.5 351.539
3.75 8314.02 173.758
4.25 3153.03 93.4398
4.75 1472.02 54.6168
5.25 750.943 35.171
5.75 189.064 12.3738
6.25 108.688 8.83239
6.75 61.9672 6.4065
7.25 39.9287 5.08986
7.75 25.3326 3.9278
8.25 14.7388 3.05201
8.75 12.332 2.85489
9.25 7.40451 2.08957
9.75 2.38025 1.32156
10.25 7.01382 2.01872
10.75 6.62844 2.01872
11.25 3.77667 1.42745
11.75 5.93477 1.7894
12.25 2.69762 1.20641
12.75 1.07905 0.763003
13.25 0.539524 0.539524
13.75 1.61857 0.934484
14.25 0.539524 0.539524
14.75 0.539524 0.539524
