1.25 1.40694e+06 10024.9
1.75 405565 3154.97
2.25 115456 1155.92
2.75 35450.9 479.045
3.25 12736.2 216.067
3.75 5119.81 110.58
4.25 1998.16 61.5224
4.75 873.012 36.6742
5.25 462.689 24.7386
5.75 132.984 9.4579
6.25 56.9343 6.22828
6.75 37.8135 4.96049
7.25 15.4578 3.31671
7.75 15.4333 2.79574
8.25 8.73282 2.34527
8.75 8.20513 2.08382
9.25 5.76473 1.78448
9.75 3.58694 1.61412
10.25 4.30433 1.52181
10.75 3.76629 1.42352
11.25 3.76629 1.42352
11.75 1.07608 0.760905
12.25 1.07608 0.760905
12.75 1.07608 0.760905
13.25 2.15216 0.931915
