1.250000 2757384.000000 29353.357422
1.750000 847572.500000 10333.145508
2.250000 244000.812500 3816.510254
2.750000 72787.812500 1504.850220
3.250000 24238.531250 602.618469
3.750000 8693.488281 273.455658
4.250000 3474.735352 137.393600
4.750000 1709.352905 75.206383
5.250000 867.828369 45.530209
5.750000 386.827393 29.154760
6.250000 201.600006 19.570385
6.750000 131.472519 13.820275
7.250000 79.764915 10.630146
7.750000 59.674877 8.831760
8.250000 39.408165 6.782330
8.750000 18.037035 4.582576
9.250000 19.287672 4.690416
9.750000 10.428572 3.464102
