1.25 1.65734e+06 9096.43
1.75 496852 3121
2.25 145424 1212
2.75 44252.4 526.026
3.25 16039.7 244.16
3.75 6516.48 125.893
4.25 2455.73 70.3491
4.75 1048.96 41.7612
5.25 532.978 27.3496
5.75 156.142 10.433
6.25 74.9588 7.05634
6.75 46.2481 5.43395
7.25 22.4382 3.84238
7.75 16.8821 3.09081
8.25 10.192 2.40619
8.75 8.39344 2.15216
9.25 5.53414 1.86383
9.75 3.22825 1.52181
10.25 4.30433 1.52181
10.75 4.30433 1.61412
11.25 2.15216 1.07608
11.75 1.61412 0.931915
12.25 1.07608 0.760905
12.75 1.61412 0.931915
13.25 2.15216 0.931915
