1.25 1.33594e+06 7193.52
1.75 395077 2436.34
2.25 112812 943.028
2.75 34414.2 410.897
3.25 12160.5 192.961
3.75 4935.16 101.912
4.25 1948.64 58.0861
4.75 827.143 35.1426
5.25 445.231 23.7487
5.75 123.752 9.08318
6.25 56.4633 6.08724
6.75 35.957 4.75185
7.25 15.0995 3.22825
7.75 13.8994 2.63585
8.25 8.8192 2.34527
8.75 8.33964 2.08382
9.25 5.73911 1.78448
9.75 2.69021 1.52181
10.25 3.76629 1.42352
10.75 3.76629 1.42352
11.25 2.15216 1.07608
11.75 1.07608 0.760905
12.25 1.07608 0.760905
12.75 1.07608 0.760905
13.25 2.15216 0.931915
