1.25 9.41435e+06 26657.1
1.75 2.91118e+06 9522.66
2.25 850732 3657.95
2.75 266533 1555.81
3.25 91762 702.592
3.75 34785.4 347.353
4.25 13694.1 188.268
4.75 6239.55 110.806
5.25 3031.66 69.4334
5.75 1563.99 46.8722
6.25 815.204 32.7414
6.75 496.575 24.5357
7.25 296.114 18.735
7.75 195.006 15.0333
8.25 117.44 11.4891
8.75 86.0714 9.59166
9.25 58.7636 8.06226
9.75 33.9455 6.48074
10.25 20.6657 3.08096
10.75 21.1619 3.10936
11.25 11.979 2.4085
11.75 14.255 2.44472
12.25 6.70825 1.67706
12.75 4.61192 1.39055
13.25 5.45045 1.45238
13.75 2.09633 0.937506
14.25 1.2578 0.726189
14.75 1.2578 0.838531
