1.25 2.40035e+06 20103.9
1.75 737168 6974.49
2.25 218313 2642.05
2.75 71854.5 1014.24
3.25 23858.3 431.926
3.75 8710.65 203.558
4.25 3282.18 105.504
4.75 1574.12 60.4649
5.25 800.518 38.2492
5.75 203.393 13.4124
6.25 117.896 9.43782
6.75 67.8027 6.80314
7.25 42.218 5.3682
7.75 29.5924 4.28234
8.25 16.9762 3.32585
8.75 15.3363 3.14594
9.25 8.10828 2.22452
9.75 3.54209 1.52601
10.25 8.09286 2.1581
10.75 6.47429 2.01872
11.25 3.77667 1.42745
11.75 6.47429 1.86897
12.25 3.23715 1.32156
12.75 1.07905 0.763003
13.25 1.07905 0.763003
13.75 1.61857 0.934484
14.25 0.539524 0.539524
14.75 0.539524 0.539524
