1.25 1.76218e+06 13613
1.75 506643 4551.05
2.25 149062 1667.1
2.75 44738.4 669.403
3.25 16842.4 292.188
3.75 6760.33 143.3
4.25 2502.09 77.324
4.75 1134.36 44.9333
5.25 559.026 29.0689
5.75 171.32 11.17
6.25 75.0585 7.29834
6.75 48.147 5.64302
7.25 23.1489 3.95378
7.75 18.9546 3.31671
8.25 10.6732 2.46561
8.75 8.6599 2.2184
9.25 5.43705 1.86383
9.75 3.9008 1.61412
10.25 5.38041 1.70144
10.75 4.30433 1.61412
11.25 3.76629 1.52181
11.75 1.61412 0.931915
12.25 1.07608 0.760905
12.75 1.61412 0.931915
13.25 2.15216 0.931915
