1.25 2.28397e+06 15554.2
1.75 678228 5418.4
2.25 193624 2045.04
2.75 56872.4 851.497
3.25 18926.9 362.215
3.75 6873.65 174.994
4.25 2652.58 93.3435
4.75 1133.66 53.535
5.25 604.473 33.5559
5.75 171.729 12.2617
6.25 77.5068 8.03233
6.75 45.0801 5.76896
7.25 32.0327 4.48818
7.75 18.5968 3.62453
8.25 13.9784 3.05647
8.75 9.69039 2.41635
9.25 9.14806 2.47602
9.75 4.93036 1.62094
10.25 9.18532 2.29235
10.75 5.94344 1.79202
11.25 4.86282 1.62094
11.75 4.86282 1.62094
12.25 2.16125 1.08063
12.75 1.08063 0.764118
13.25 1.62094 0.935849
13.75 0.540313 0.540313
14.25 0.540313 0.540313
