1.25 3.20808e+06 21530.9
1.75 1.04234e+06 7782.26
2.25 301918 2986.29
2.75 91903 1251.46
3.25 30198 530.463
3.75 11044.2 252.63
4.25 4136.06 131.286
4.75 1860.44 73.5051
5.25 944.532 45.4423
5.75 268.748 16.1733
6.25 129.047 10.7927
6.75 74.4401 7.64118
7.25 53.1262 5.96795
7.75 34.3444 4.86282
8.25 21.9032 3.93354
8.75 12.8324 2.85907
9.25 11.7968 2.80755
9.75 6.29802 2.02167
10.25 10.2659 2.53429
10.75 5.86625 1.94813
11.25 7.13213 2.09262
11.75 5.94344 1.79202
12.25 2.70156 1.20818
12.75 1.08063 0.764118
13.25 1.62094 0.935849
13.75 0.540313 0.540313
14.25 0.540313 0.540313
