1.25 2.33344e+06 22115
1.75 683355 7181.37
2.25 197322 2587.38
2.75 59037.2 1031.5
3.25 20024.9 422.174
3.75 6902.27 197.692
4.25 2891.31 103.209
4.75 1184.41 58.0259
5.25 647.371 36.0555
5.75 180.387 13.0125
6.25 78.6665 8.37049
6.75 47.7833 6.01667
7.25 34.2448 4.71034
7.75 21.1899 3.93354
8.25 13.8478 3.10386
8.75 9.48342 2.47602
9.25 9.32475 2.53429
9.75 4.80278 1.62094
10.25 9.18532 2.35517
10.75 6.48376 1.8717
11.25 4.86282 1.62094
11.75 5.40313 1.70862
12.25 2.70156 1.20818
12.75 1.08063 0.764118
13.25 1.62094 0.935849
13.75 0.540313 0.540313
14.25 1.08063 0.764118
