1.250000 5984112.000000 19786.125000
1.750000 1754623.500000 6703.386719
2.250000 508749.531250 2608.454834
2.750000 158475.531250 1059.031616
3.250000 53524.117188 477.321686
3.750000 20419.716797 239.033478
4.250000 8480.470703 132.615982
4.750000 3802.586914 80.324341
5.250000 1869.173340 52.191952
5.750000 962.062805 36.207733
6.250000 488.539001 24.939928
6.750000 319.637421 19.313208
7.250000 188.489059 14.933185
7.750000 128.489792 11.916375
8.250000 85.481674 9.433981
8.750000 60.173912 8.000000
9.250000 42.923077 6.633250
9.750000 24.235294 5.567764
10.250000 16.000000 3.872983
10.750000 15.000000 3.872983
11.250000 10.000000 3.162278
11.750000 9.250000 3.162278
