1.25 1.83437e+06 14322.7
1.75 552041 4633.41
2.25 155147 1734.46
2.75 49972 681.159
3.25 16045.9 298.161
3.75 6052.28 145.31
4.25 2218.24 77.666
4.75 1108.51 46.1086
5.25 535.107 29.4788
5.75 142.397 10.7093
6.25 90.749 7.89256
6.75 51.1025 5.68424
7.25 32.8443 4.54611
7.75 24.4031 3.73793
8.25 12.7125 2.75105
8.75 11.9774 2.75105
9.25 5.53012 1.7894
9.75 2.87746 1.32156
10.25 4.85572 1.70613
10.75 5.93477 1.86897
11.25 3.23715 1.32156
11.75 5.39524 1.70613
12.25 2.69762 1.20641
12.75 1.07905 0.763003
13.25 1.07905 0.763003
13.75 0.539524 0.539524
14.25 0.539524 0.539524
14.75 0.539524 0.539524
