1.25 7.70396e+06 28130.4
1.75 2.2499e+06 9098.11
2.25 644371 3291.42
2.75 203219 1338.18
3.25 70155.8 588.479
3.75 26506 288.733
4.25 10732.8 157.655
4.75 4900.1 94.101
5.25 2394.03 59.7746
5.75 1255.54 41.1339
6.25 663.398 28.775
6.75 405.512 21.8861
7.25 239.263 16.5529
7.75 163.897 13.5647
8.25 98.1336 10.4403
8.75 79.9897 9.11043
9.25 52.6757 7.54983
9.75 35.25 6.32456
10.25 19.7055 2.87434
10.75 20.544 2.96465
11.25 11.8442 2.29641
11.75 14.255 2.48041
12.25 6.70825 1.67706
12.75 4.19265 1.32583
13.25 5.86972 1.51168
13.75 1.2578 0.726189
14.25 2.09633 0.937506
14.75 1.67706 0.937506
