1.25 3.19329e+06 32457.4
1.75 1.01989e+06 11432.8
2.25 304170 4226.22
2.75 90189.2 1666.91
3.25 31282.8 667.508
3.75 10881.1 303.35
4.25 4415.64 152.43
4.75 1913.12 83.1565
5.25 1041.43 50.4381
5.75 295.596 17.7565
6.25 138.281 11.6387
6.75 80.93 8.17642
7.25 56.4826 6.3242
7.75 37.2342 5.1825
8.25 21.3955 4.04333
8.75 12.578 2.95942
9.25 12.0085 2.90967
9.75 6.44219 2.09262
10.25 9.9799 2.64698
10.75 6.91601 2.02167
11.25 7.17844 2.09262
11.75 6.48376 1.8717
12.25 3.24188 1.32349
12.75 1.08063 0.764118
13.25 2.16125 1.08063
13.75 0.540313 0.540313
14.25 1.08063 0.764118
