1.250000 7349380.000000 25590.224609
1.750000 2214676.500000 8918.257812
2.250000 642318.625000 3401.471924
2.750000 200847.343750 1425.097168
3.250000 68437.148438 631.472900
3.750000 26609.220703 308.287201
4.250000 10782.212891 165.903580
4.750000 5074.261719 98.249680
5.250000 2361.424561 61.359592
5.750000 1178.174683 41.436699
6.250000 627.276367 28.844410
6.750000 399.244568 21.954498
7.250000 238.823059 16.941074
7.750000 163.038177 13.674794
8.250000 97.049423 10.148891
8.750000 76.248001 9.000000
9.250000 50.481010 7.141428
9.750000 29.166666 5.916080
10.250000 21.428572 4.582576
10.750000 18.000000 4.242640
11.250000 13.000000 3.605551
11.750000 9.333333 3.162278
