1.250000 1810281.000000 12893.666016
1.750000 539674.750000 4484.890625
2.250000 160155.343750 1770.714844
2.750000 49654.609375 716.249268
3.250000 16316.649414 316.736481
3.750000 6519.984863 154.641525
4.250000 2584.338135 82.637764
4.750000 1181.747681 48.805737
5.250000 564.248169 31.192947
5.750000 246.307007 20.124611
6.250000 152.313660 14.696938
6.750000 96.820221 11.224973
7.250000 59.085499 8.660254
7.750000 42.625000 6.782330
8.250000 21.697676 4.795832
8.750000 21.655174 5.000000
9.250000 11.473684 3.464102
