1.250000 7775200.000000 34988.347656
1.750000 2343562.000000 12112.376953
2.250000 692385.750000 4589.225586
2.750000 214049.843750 1757.669434
3.250000 74624.937500 749.539856
3.750000 28047.839844 353.761230
4.250000 11538.556641 185.712143
4.750000 5395.170898 107.284668
5.250000 2602.008789 67.992645
5.750000 1322.620728 45.552170
6.250000 672.332092 30.951574
6.750000 437.828064 23.515951
7.250000 252.340332 17.832554
7.750000 184.530563 14.696939
8.250000 105.775719 10.723805
8.750000 80.876289 9.273619
9.250000 52.529411 7.549834
9.750000 30.898308 6.164414
10.250000 19.972973 4.582576
10.750000 18.000000 4.242640
11.250000 13.000000 3.605551
11.750000 9.500000 3.162278
