1.25 7.39801e+06 19928.6
1.75 2.18748e+06 6927.58
2.25 626766 2638.31
2.75 195928 1125.09
3.25 67348.9 515.18
3.75 25597.6 261.241
4.25 10225.1 146.079
4.75 4610.85 88.5889
5.25 2266.28 56.7891
5.75 1190.88 39.3573
6.25 626.708 27.6767
6.75 377.798 20.9523
7.25 219.841 15.8745
7.75 149.074 12.8841
8.25 92.5904 10.1489
8.75 70.4444 8.544
9.25 52.1343 7.4162
9.75 33.4062 6.16441
10.25 17.1899 2.68461
10.75 19.2862 2.87434
11.25 9.74792 2.09633
11.75 12.578 2.29641
12.25 5.86972 1.56875
12.75 4.19265 1.32583
13.25 5.45045 1.45238
13.75 1.2578 0.726189
14.25 1.2578 0.726189
14.75 1.2578 0.838531
