1.25 9.73582e+06 40114.9
1.75 2.93722e+06 13958.4
2.25 870340 5121.05
2.75 272857 2034.96
3.25 95426.5 865.69
3.75 35625.4 407.133
4.25 14251.1 212.685
4.75 6579.95 122.111
5.25 3226.29 75.1066
5.75 1700.61 50.4183
6.25 880.817 34.7419
6.75 531.82 25.8844
7.25 318.02 19.6723
7.75 214.015 15.9374
8.25 123.976 11.9583
8.75 95.4354 10.198
9.25 59.7183 8.42615
9.75 38.5211 6.85565
10.25 23.6056 3.3013
10.75 22.0953 3.19303
11.25 14.3389 2.61831
11.75 15.9321 2.61831
12.25 7.96604 1.82754
12.75 4.61192 1.39055
13.25 6.70825 1.62381
13.75 2.09633 0.937506
14.25 2.51559 1.02699
14.75 1.67706 0.937506
