1.250000 2482396.000000 20596.636719
1.750000 774338.250000 7240.106445
2.250000 222227.000000 2758.789062
2.750000 66136.679688 1140.553833
3.250000 21436.898438 474.088593
3.750000 8041.289551 222.506180
4.250000 3049.460449 114.869492
4.750000 1589.457275 64.467049
5.250000 734.652893 39.623226
5.750000 331.016235 25.748787
6.250000 176.745621 17.349352
6.750000 106.353683 12.206555
7.250000 75.666679 9.949874
7.750000 54.805752 8.185352
8.250000 36.241936 6.244998
8.750000 18.308825 4.472136
9.250000 17.695654 4.472136
9.750000 9.105263 3.162278
