1.25 1.79976e+06 10190
1.75 536531 3541.01
2.25 150960 1393.98
2.75 48067 573.721
3.25 15799.1 261.088
3.75 5798.19 131.141
4.25 2125.94 71.8262
4.75 1029.65 43.1161
5.25 500.377 27.8388
5.75 134.724 10.1224
6.25 84.2804 7.55334
6.75 47.0871 5.42215
7.25 29.6133 4.38312
7.75 20.515 3.45464
8.25 10.915 2.58747
8.75 8.60065 2.41283
9.25 5.78062 1.7894
9.75 2.84476 1.32156
10.25 3.77667 1.52601
10.75 5.93477 1.86897
11.25 3.23715 1.32156
11.75 4.85572 1.61857
12.25 2.69762 1.20641
12.75 1.07905 0.763003
13.25 0.539524 0.539524
13.75 0.539524 0.539524
14.25 0.539524 0.539524
14.75 0.539524 0.539524
