108461,1073299815,1073817627
108807,1073894450,1073984237
109005,1074011933,1074167283
109763,1074583281,1074860879
110385,1074903039,1074946238
110655,1074996106,1075024880
110756,1075054675,1075140940
111033,1075208263,1075342343
111528,1075372721,1075455243
111824,1075500049,1075534388
112184,1075655805,1075703330
112284,1075703330,1075810648
112519,1075810648,1076215847
113573,1076215847,1076566404
114600,1076675810,1076780792
114967,1076800619,1076839258
115026,1076839258,1076877036
115179,1076877036,1076896622
115204,1076896622,1076915353
115227,1076915353,1077308679
116161,1077308679,1077344406
116313,1077365832,1077415333
116421,1077415333,1077434230
116544,1077475922,1077505757
116571,1077505757,1077539402
116637,1077539402,1077562970
116659,1077562970,1077599124
116746,1077599124,1077614411
116921,1077679806,1077757744
117119,1077757744,1077866645
117297,1077866645,1077883548
117311,1077883548,1077925288
117428,1077925288,1077944707
117435,1077944707,1077965786
117455,1077965786,1078022553
117574,1078022553,1078035362
117579,1078035362,1078051723
117586,1078051723,1078133293
117759,1078133293,1078149283
117766,1078149283,1078174832
117825,1078174832,1078234627
117921,1078234627,1078259855
118019,1078259855,1078272485
118038,1078272485,1078456268
118301,1078456268,1078478821
118308,1078478821,1078500193
118321,1078500193,1078530621
118438,1078530621,1078556983
118457,1078556983,1078581413
118469,1078581413,1078668382
118767,1078668382,1078694496
118870,1078694496,1078720199
118903,1078720199,1078753764
118932,1078753764,1078787434
119100,1078787434,1078880037
119267,1078880037,1078909971
119314,1078909971,1078927409
119327,1078927409,1078949591
119380,1078949591,1078960935
119387,1078960935,1078996095
119433,1078996095,1079061804
119550,1079061804,1079087068
119684,1079087068,1079099370
119690,1079099370,1079154567
119917,1079154567,1079171940
