bin  center,  yield,  stat  err syst_error(%)
0.55  0.639393  0.00603775 0.062
0.65  0.462917  0.00442999 0.062
0.75  0.298813  0.00300105 0.062
0.85  0.195701  0.00208642 0.062
0.95  0.13262  0.00149749  0.062
1.05  0.0893962  0.00108637 0.062
1.15  0.0611579  0.00079891 0.062
1.25  0.0413853  0.000588095 0.062
1.35  0.0296128  0.000458166 0.062
1.45  0.0217975  0.000363068 0.062
1.55  0.016277  0.000296077  0.062
1.65  0.0112077  0.000226713 0.062
1.75  0.00851125  0.00018948 0.062
1.85  0.00603768  0.000149799 0.062
1.95  0.00466807  0.000127391 0.062
2.10  0.00308527  6.77242e-05 0.062
2.30  0.00177011  4.7912e-05  0.062
2.50  0.0010938  3.55161e-05  0.062
2.70  0.000652305  2.60695e-05 0.062
2.90  0.000374143  1.87721e-05 0.062
3.125  0.000205861  1.19481e-05 0.062
3.375  0.00012959  8.9851e-06  0.062
3.625  6.37258e-05  6.279e-06  0.062
3.875  4.72108e-05  5.02039e-06 0.062
4.20  2.75967e-05  2.92215e-06  0.063
4.60  1.52752e-05  2.01276e-06  0.063
5.00  4.60453e-06  1.33916e-06  0.063
5.40  2.62594e-06  8.34515e-07 0.063
5.80  1.92936e-06  9.23943e-07 0.076
6.50  6.25229e-07  3.77467e-07 0.076

