 0.550   1.29e+00   1.1e-02   7.2e-02
 0.650   9.42e-01   8.0e-03   5.3e-02
 0.750   6.17e-01   5.3e-03   3.5e-02
 0.850   4.16e-01   3.7e-03   2.4e-02
 0.950   2.80e-01   2.5e-03   1.6e-02
 1.050   1.94e-01   1.8e-03   1.1e-02
 1.150   1.34e-01   1.3e-03   7.8e-03
 1.250   9.35e-02   9.2e-04   5.5e-03
 1.350   6.68e-02   6.8e-04   3.9e-03
 1.450   4.83e-02   5.0e-04   2.9e-03
 1.550   3.58e-02   3.9e-04   2.1e-03
 1.650   2.59e-02   2.9e-04   1.6e-03
 1.750   1.93e-02   2.2e-04   1.2e-03
 1.850   1.42e-02   1.7e-04   8.6e-04
 1.950   1.08e-02   1.3e-04   6.6e-04
 2.100   6.90e-03   6.4e-05   4.2e-04
 2.300   4.03e-03   4.1e-05   2.5e-04
 2.500   2.42e-03   2.8e-05   1.5e-04
 2.700   1.44e-03   1.9e-05   9.0e-05
 2.900   8.97e-04   1.3e-05   5.6e-05
 3.125   5.19e-04   8.2e-06   3.3e-05
 3.375   2.87e-04   5.7e-06   1.8e-05
 3.625   1.74e-04   4.2e-06   1.1e-05
 3.875   1.04e-04   3.1e-06   6.7e-06
 4.200   5.82e-05   1.7e-06   3.6e-06
 4.600   2.46e-05   1.1e-06   1.5e-06
 5.400   7.48e-06   5.9e-07   4.7e-07
 5.800   3.98e-06   4.8e-07   2.5e-07
 6.500   1.71e-06   2.1e-07   1.1e-07
 7.500   4.95e-07   1.4e-07   4.0e-08



Midrapidity p_T spectrum for charged hadrons:
--------------------------------------------
All errors are absolute errors (1 sigma).

  pt      yield   statistical systematic 
[GeV/c]              error     error

_____________________________________________________________________________

PRELIMINARY TABLE:

bin center, yield, stat err syst_error(%)
0.55  1.26916   0.0107007  0.062
0.65  0.927398  0.00783695 0.062
0.75  0.608037  0.00524466 0.062
0.85  0.409782  0.00363068 0.062
0.95  0.27621   0.00250135 0.062
1.05  0.190749  0.00177947 0.062
1.15  0.132201  0.00126018 0.062
1.25  0.0921378 0.000905055 0.062
1.35  0.0658462 0.000671804 0.062
1.45  0.047615  0.000495816  0.062
1.55  0.035232  0.000379935  0.062
1.65  0.025539  0.00028488  0.062
1.75  0.0190115 0.000220439 0.062
1.85  0.0140198 0.000168198 0.062
1.95  0.0106382 0.000132675 0.062
2.10  0.00680094  6.34059e-05 0.062
2.30  0.00397095  4.06474e-05 0.062
2.50  0.00238268  2.73078e-05 0.062
2.70  0.0014199  1.84409e-05  0.062
2.90  0.000883488  1.30436e-05 0.062
3.125  0.000511033  8.06177e-06 0.062
3.375  0.000282723  5.58895e-06 0.062
3.625  0.000171641  4.09325e-06 0.062
3.875  0.000102893  3.00838e-06 0.062
4.20  5.73497e-05  1.70729e-06  0.063
4.60  2.4212e-05  1.08622e-06   0.063
5.00  1.56236e-05  8.43029e-07  0.063
5.40  7.37263e-06  5.76306e-07  0.063
5.80  3.92133e-06  4.73506e-07  0.076
6.50  1.68597e-06  2.08199e-07  0.076
7.50  4.87703e-07  1.42605e-07  0.115
