1.250 5.735492e-02 5.019905e-03 3.524789e-03 3.574256e-03 0.000000e+00 3.574256e-03 0.000000e+00
1.750 1.028653e-02 6.819086e-04 3.428758e-04 5.894366e-04 0.000000e+00 5.894366e-04 0.000000e+00
2.250 2.307801e-03 1.422549e-04 4.387446e-05 1.353200e-04 0.000000e+00 1.353200e-04 0.000000e+00
2.750 6.234186e-04 3.913792e-05 9.674793e-06 3.792328e-05 0.000000e+00 3.792328e-05 0.000000e+00
3.250 1.936283e-04 1.268598e-05 3.313841e-06 1.224551e-05 0.000000e+00 1.224551e-05 0.000000e+00
3.750 6.732166e-05 5.519789e-06 1.521093e-06 5.306067e-06 0.000000e+00 5.306067e-06 0.000000e+00
4.250 2.533104e-05 1.986940e-06 7.331779e-07 1.846721e-06 0.000000e+00 1.846721e-06 0.000000e+00
4.750 1.028855e-05 7.440608e-07 1.378177e-07 7.311858e-07 0.000000e+00 7.311858e-07 0.000000e+00
5.250 4.439512e-06 3.294713e-07 6.613267e-08 3.227658e-07 0.000000e+00 3.227658e-07 0.000000e+00
5.750 2.125664e-06 1.630729e-07 3.652807e-08 1.589291e-07 0.000000e+00 1.589291e-07 0.000000e+00
6.250 1.097806e-06 8.699617e-08 2.164924e-08 8.425939e-08 0.000000e+00 8.425939e-08 0.000000e+00
6.750 5.784913e-07 4.741183e-08 1.298087e-08 4.560021e-08 0.000000e+00 4.560021e-08 0.000000e+00
7.250 3.264169e-07 2.758905e-08 8.447222e-09 2.626405e-08 0.000000e+00 2.626405e-08 0.000000e+00
7.750 1.802662e-07 1.601907e-08 6.197207e-09 1.477177e-08 0.000000e+00 1.477177e-08 0.000000e+00
8.250 1.137443e-07 1.052260e-08 4.532583e-09 9.496357e-09 0.000000e+00 9.496357e-09 0.000000e+00
8.750 6.291897e-08 6.345660e-09 3.434528e-09 5.335862e-09 0.000000e+00 5.335862e-09 0.000000e+00
9.250 3.858818e-08 4.022609e-09 2.262691e-09 3.325901e-09 0.000000e+00 3.325901e-09 0.000000e+00
9.750 2.610240e-08 2.934616e-09 1.834699e-09 2.290382e-09 0.000000e+00 2.290382e-09 0.000000e+00
11.000 1.011387e-08 1.072463e-09 5.320269e-10 9.311949e-10 0.000000e+00 9.311949e-10 0.000000e+00
13.000 2.911280e-09 3.841079e-10 2.543902e-10 2.877925e-10 0.000000e+00 2.877925e-10 0.000000e+00
15.000 8.476215e-10 1.605048e-10 1.337892e-10 8.866925e-11 0.000000e+00 8.866925e-11 0.000000e+00


pT yield toterr staerr syserr syserrA syserrB syserrC


  1.25   5.34e-02   3.0e-03
  1.75   1.02e-02   6.1e-04
  2.25   2.31e-03   1.5e-04
  2.75   6.49e-04   4.5e-05
  3.25   2.07e-04   1.5e-05
  3.75   7.33e-05   8.1e-06
  4.25   2.56e-05   2.8e-06
  4.75   1.11e-05   1.2e-06
  5.25   4.67e-06   5.1e-07
  5.75   2.17e-06   2.4e-07
  6.25   1.10e-06   1.2e-07
  6.75   5.78e-07   6.5e-08
  7.25   3.27e-07   3.9e-08
  7.75   1.89e-07   2.3e-08
  8.25   9.56e-08   1.3e-08
  8.75   7.07e-08   1.3e-08
  9.25   2.48e-08   5.7e-09
  9.75   1.86e-08   6.1e-09


Midrapidity p_T spectrum for neutral pions:
--------------------------------------------
All errors are absolute errors (1 sigma).

  pt      yield      total 
[GeV/c]              error


_____________________________________________________________________________
PRELIMINARY TABLE:

p$_{T}$   &  yield & error$_{total}$&  error$_{stat}$ & error$_{sys,total}$ &  error$_{A}$ & error$_{B}$ & error$_{C}$ \\
 1.250  5.622147e-02  3.128966e-03  7.181330e-04  3.045441e-03  1.987729e-03  2.021037e-03  1.113128e-03
 1.750  1.045055e-02  6.199362e-04  1.299364e-04  6.061662e-04  3.695591e-04  4.336287e-04  2.069531e-04
 2.250  2.345401e-03  1.510851e-04  3.490618e-05  1.469975e-04  8.293594e-05  1.121287e-04  4.644413e-05
 2.750  6.552410e-04  4.553616e-05  1.247411e-05  4.379427e-05  2.317443e-05  3.482045e-05  1.297768e-05
 3.250  2.091032e-04  1.564856e-05  5.315568e-06  1.471809e-05  7.400606e-06  1.202820e-05  4.144339e-06
 3.750  7.382105e-05  7.750351e-06  2.460953e-06  5.441603e-06  2.624313e-06  4.534783e-06  1.469615e-06
 4.250  2.594704e-05  2.597831e-06  1.420555e-06  1.980663e-06  9.219529e-07  1.675252e-06  5.162936e-07
 4.750  1.119706e-05  1.187046e-06  7.987686e-07  8.780927e-07  3.962193e-07  7.515485e-07  2.218828e-07
 5.250  4.708652e-06  5.185942e-07  8.087292e-08  5.122495e-07  1.666868e-07  4.451037e-07  1.910438e-07
 5.750  2.192125e-06  2.398012e-07  4.515790e-08  2.355109e-07  7.761222e-08  2.037868e-07  8.895322e-08
 6.250  1.112200e-06  1.222496e-07  3.002096e-08  1.185062e-07  3.933880e-08  1.022904e-07  4.508714e-08
 6.750  5.871462e-07  6.588747e-08  2.121385e-08  6.237894e-08  2.076493e-08  5.379171e-08  2.379918e-08
 7.250  3.319426e-07  3.984770e-08  1.884121e-08  3.511194e-08  1.173761e-08  3.023409e-08  1.345275e-08
 7.750  1.917813e-07  2.290457e-08  1.033806e-08  2.043878e-08  6.780778e-09  1.764559e-08  7.771612e-09
 8.250  9.650945e-08  1.338348e-08  8.440699e-09  1.038615e-08  3.441680e-09  8.970352e-09  3.944592e-09
 8.750  7.156922e-08  1.273728e-08  1.017648e-08  7.660121e-09  2.535895e-09  6.618100e-09  2.906450e-09
 9.250  2.484306e-08  5.683592e-09  4.956600e-09  2.781247e-09  9.000706e-10  2.420955e-09  1.031592e-09
 9.750  1.870757e-08  6.434808e-09  2.788436e-09  2.151993e-09  6.994462e-10  1.870616e-09  8.016520e-10
