min bias/tagged neutron pT yield errortotal errorstat errorsys;total errorA errorB errorC 
1.250 2.695812e-02 1.878293e-03 8.261113e-04 1.463825e-03 9.554240e-04 9.714338e-04 5.350375e-04 
1.750 4.863809e-03 3.229521e-04 1.564994e-04 2.824996e-04 1.722305e-04 2.020897e-04 9.644909e-05 
2.250 1.180761e-03 8.706897e-05 4.568657e-05 7.411978e-05 4.181835e-05 5.653806e-05 2.341828e-05 
2.750 3.107728e-04 2.732985e-05 1.775073e-05 2.078058e-05 1.099637e-05 1.652246e-05 6.157967e-06 
3.250 9.747722e-05 1.286262e-05 2.766486e-06 1.256159e-05 3.472102e-06 1.139745e-05 3.979460e-06 
3.750 3.375787e-05 4.192423e-06 1.016270e-06 4.067384e-06 1.201869e-06 3.633406e-06 1.377490e-06 
4.250 1.305261e-05 2.021102e-06 4.785441e-07 1.508887e-06 4.669791e-07 1.331246e-06 5.352159e-07 
4.750 5.220901e-06 6.421202e-07 2.965297e-07 5.695511e-07 1.847161e-07 4.954274e-07 2.117075e-07 
5.250 2.276362e-06 2.925677e-07 1.609042e-07 2.443475e-07 8.060263e-08 2.113640e-07 9.238060e-08 
5.750 1.034683e-06 1.520131e-07 1.052879e-07 1.096469e-07 3.663614e-08 9.443048e-08 4.198956e-08 
6.250 6.154671e-07 1.656611e-07 8.373346e-08 6.971572e-08 2.253451e-08 6.070770e-08 2.582734e-08 
6.750 3.183498e-07 7.297589e-08 6.386284e-08 3.531314e-08 1.132456e-08 3.082707e-08 1.297935e-08 
7.250 1.003545e-07 2.428029e-08 2.197261e-08 1.033136e-08 3.551350e-09 8.806681e-09 4.070287e-09 
7.750 8.523828e-08 1.768058e-08 1.511047e-08 9.180240e-09 3.055116e-09 7.917214e-09 3.501542e-09 
8.250 1.487727e-08 1.779486e-08 6.004793e-09 2.435851e-09 8.200537e-10 2.092248e-09 9.398831e-10 
8.750 2.581595e-08 7.994532e-09 7.500473e-09 2.766846e-09 9.127733e-10 2.393293e-09 1.046151e-09 
9.250 1.783605e-08 6.392619e-09 6.064549e-09 2.021592e-09 6.655351e-10 1.749873e-09 7.627857e-10 
9.750 3.409699e-09 2.570164e-09 2.540192e-09 3.913630e-10 1.270025e-10 3.403638e-10 1.455606e-10
