0.35 6.42466   0.0831703
0.45 3.70689   0.0502044
0.55 2.21463   0.0321119
0.65 1.34531   0.0210698
0.75 0.837195  0.0142917
0.85 0.521969  0.00967614
0.95 0.339983  0.006885
1.05 0.225291  0.00497204
1.15 0.156098  0.00375406
1.25 0.106054  0.00276161
1.35 0.0762442 0.00216895
1.45 0.0527011 0.00162542
1.55 0.0372915 0.00124794
1.65 0.028017  0.00101933
1.75 0.0201576 0.000802228
1.85 0.0141662 0.000622498
1.95 0.0104329 0.000501631
2.05 0.0077994 0.000421796
2.15 0.00630739 0.000374593
2.25 0.00471167 0.000325188
2.35 0.00416434 0.00032822
2.45 0.00288439 0.000275126
