0.35  3.24638  0.0301379
0.45  1.87207  0.0182611
0.55  1.10476  0.0115202
0.65  0.680788  0.00767403
0.75  0.41137  0.00500559
0.85  0.258255  0.0033983
0.95  0.166498  0.00238559
1.05  0.11168  0.00173443
1.15  0.0781074  0.00133331
1.25  0.0525003  0.000971194
1.35  0.038339  0.000774138
1.45  0.0258206  0.000565769
1.55  0.018994  0.000453216
1.65  0.0140997  0.000367496
1.75  0.00981905  0.000280357
1.85  0.00668171  0.000211056
1.95  0.00519645  0.000177638
2.05  0.00378224  0.000146866
2.15  0.00308886  0.00013095
2.25  0.00244919  0.000119242
2.35  0.00226124  0.000122743
2.45  0.00140394  9.55639e-05
