0.35  3.17828  0.0286753
0.45  1.83482  0.0172392
0.55  1.10987  0.0111821
0.65  0.664523  0.00722542
0.75  0.425825  0.00509845
0.85  0.263714  0.00344344
0.95  0.173485  0.00248278
1.05  0.113611  0.00178144
1.15  0.0779907  0.0013212
1.25  0.0535538  0.000981446
1.35  0.0379052  0.000759564
1.45  0.0268805  0.000583455
1.55  0.0182975  0.000429316
1.65  0.0139173  0.000353276
1.75  0.0103386  0.000286627
1.85  0.00748444  0.000228638
1.95  0.0052364  0.000177056
2.05  0.00401716  0.000151213
2.15  0.00321853  0.000133863
2.25  0.00226248  0.000110678
2.35  0.0019031  0.000108754
2.45  0.00148045  9.89238e-05
