0.35 3.21233 0.0415852
0.45 1.85344 0.0251022
0.55 1.10731 0.016056
0.65 0.672655 0.0105349
0.75 0.418598 0.00714586
0.85 0.260985 0.00483807
0.95 0.169992 0.0034425
1.05 0.112646 0.00248602
1.15 0.078049 0.00187703
1.25 0.053027 0.0013808
1.35 0.0381221 0.00108448
1.45 0.0263506 0.00081271
1.55 0.0186458 0.000623968
1.65 0.0140085 0.000509663
1.75 0.0100788 0.000401114
1.85 0.00708308 0.000311249
1.95 0.00521643 0.000250816
2.05 0.0038997  0.000210898
2.15 0.00315369 0.000187296
2.25 0.00235583 0.000162594
2.35 0.00208217 0.00016411
2.45 0.00144219 0.000137563
1.25 5.34e-02   3.0e-03
1.75 1.02e-02   6.1e-04
2.25 2.31e-03   1.5e-04
2.75 6.49e-04   4.5e-05
3.25 2.07e-04   1.5e-05
3.75 7.33e-05   8.1e-06
4.25 2.56e-05   2.8e-06
4.75 1.11e-05   1.2e-06
5.25 4.67e-06   5.1e-07
5.75 2.17e-06   2.4e-07
6.25 1.10e-06   1.2e-07
6.75 5.78e-07   6.5e-08
7.25 3.27e-07   3.9e-08
7.75 1.89e-07   2.3e-08
8.25 9.56e-08   1.3e-08
8.75 7.07e-08   1.3e-08
9.25 2.48e-08   5.7e-09
9.75 1.86e-08   6.1e-09



first half is (pi- + pi+)/2. 
second half is pi0