  0.55   5.32e-01   4.5e-03   4.6e-02   7.8e-02   7.7e-02   1.1e-01 
  0.65   6.45e-01   5.5e-03   5.5e-02   9.4e-02   9.3e-02   1.3e-01 
  0.75   6.86e-01   5.9e-03   5.8e-02   1.0e-01   9.9e-02   1.4e-01 
  0.85   7.35e-01   6.5e-03   6.2e-02   1.1e-01   1.1e-01   1.5e-01 
  0.95   7.73e-01   7.0e-03   6.4e-02   1.1e-01   1.1e-01   1.5e-01 
  1.05   8.20e-01   7.6e-03   6.8e-02   1.1e-01   1.2e-01   1.6e-01 
  1.15   8.58e-01   8.2e-03   7.0e-02   1.2e-01   1.2e-01   1.7e-01 
  1.25   8.92e-01   8.8e-03   7.2e-02   1.2e-01   1.3e-01   1.7e-01 
  1.35   9.38e-01   9.6e-03   7.6e-02   1.2e-01   1.3e-01   1.7e-01 
  1.45   9.86e-01   1.0e-02   7.9e-02   1.2e-01   1.4e-01   1.8e-01 
  1.55   1.05e+00   1.1e-02   8.3e-02   1.1e-01   1.5e-01   1.9e-01 
  1.65   1.09e+00   1.2e-02   8.5e-02   1.1e-01   1.5e-01   1.9e-01 
  1.75   1.14e+00   1.3e-02   8.9e-02   1.0e-01   1.6e-01   1.9e-01 
  1.85   1.17e+00   1.4e-02   9.0e-02   9.3e-02   1.6e-01   1.9e-01 
  1.95   1.22e+00   1.5e-02   9.3e-02   8.3e-02   1.7e-01   1.9e-01 
  2.10   1.24e+00   1.2e-02   9.3e-02   7.2e-02   1.7e-01   1.9e-01 
  2.30   1.30e+00   1.3e-02   9.6e-02   7.8e-02   1.8e-01   2.0e-01 
  2.50   1.35e+00   1.6e-02   9.7e-02   8.4e-02   1.9e-01   2.1e-01 
  2.70   1.36e+00   1.8e-02   9.7e-02   8.7e-02   1.9e-01   2.1e-01 
  2.90   1.39e+00   2.1e-02   9.6e-02   9.2e-02   1.9e-01   2.2e-01 
  3.12   1.37e+00   2.2e-02   9.3e-02   9.3e-02   1.9e-01   2.1e-01 
  3.38   1.33e+00   2.6e-02   8.9e-02   9.3e-02   1.8e-01   2.1e-01 
  3.62   1.37e+00   3.3e-02   9.0e-02   1.0e-01   1.9e-01   2.2e-01 
  3.88   1.35e+00   4.0e-02   8.9e-02   1.0e-01   1.8e-01   2.2e-01 
  4.20   1.40e+00   4.2e-02   9.4e-02   1.1e-01   1.9e-01   2.2e-01 
  4.60   1.20e+00   5.4e-02   8.3e-02   1.0e-01   1.6e-01   2.0e-01 
  5.00   1.51e+00   8.1e-02   1.1e-01   1.3e-01   2.1e-01   2.5e-01 
  5.40   1.33e+00   1.0e-01   1.0e-01   1.3e-01   1.9e-01   2.2e-01 
  5.80   1.27e+00   1.5e-01   1.1e-01   1.3e-01   1.8e-01   2.2e-01 
  6.50   1.41e+00   1.7e-01   1.5e-01   1.7e-01   2.2e-01   2.6e-01 
  7.50   1.38e+00   4.0e-01   2.0e-01   2.3e-01   2.5e-01   3.0e-01 


Nuclear modification factor RdAu for (h+ + h-)/2 (top figure):
-----------------------------------------------------------------------
Errors:
type 1: systematic errors which can vary with pT (inner band in the figure)
type 2: type 1 errors + normalization uncertainty 
        = total error (outer band in figure)
All errors are absolute errors (1 sigma).

   pT     RdAu       stat      type 1    type 1    type 2    type 2 
[GeV/c]	                       error     error     error     error  
			        low      high       low      high   

_____________________________________________________________________________

PRELIMINARY TABLE:

bin center, yield, stat err
0.55 0.523615 0.00441476    0.060
0.65 0.635334 0.00536888    0.072 
0.75 0.676028 0.00583111    0.077
0.85 0.724328 0.00641756    0.082
0.95 0.761883 0.00689959    0.086
1.05 0.807351 0.00753167    0.091
1.15 0.845568 0.00806016    0.096
1.25 0.878272 0.00862713    0.099
1.35 0.923663 0.00942379    0.104 
1.45 0.971684 0.0101182    0.110
1.55 1.03509 0.0111622    0.117
1.65 1.06922 0.0119268    0.121 
1.75 1.1208 0.0129957    0.126
1.85 1.15073 0.0138055    0.130
1.95 1.20286 0.0150015    0.135
2.10 1.22058 0.0113796    0.136
2.30 1.27866 0.0130887    0.142
2.50 1.33278 0.0152749    0.148 
2.70 1.34033 0.0174075    0.149
2.90 1.37121 0.0202442    0.153
3.125 1.34928 0.0212855   0.149  
3.375 1.30552 0.0258079   0.145
3.625 1.34569 0.0320916   0.149 
3.875 1.33364 0.0389929   0.147
4.20 1.37885 0.0410483    0.153
4.60 1.18577 0.0531972    0.130
5.00 1.48657 0.080213    0.169
5.40 1.30759 0.102212    0.149
5.80 1.24985 0.150921    0.147
6.50 1.38905 0.171533    0.172
7.50 1.35691 0.396764    0.190
