  pt       R_dA   stat.err   total sys. - +   pt-dep. sys - +
   0.55    0.537   0.0045    0.060    0.118    0.033    0.103
   0.65    0.642   0.0054    0.072    0.140    0.039    0.121
   0.75    0.683   0.0059    0.077    0.147    0.042    0.127
   0.85    0.732   0.0065    0.082    0.156    0.044    0.134
   0.95    0.770   0.0070    0.086    0.162    0.047    0.138
   1.05    0.817   0.0076    0.091    0.168    0.049    0.143
   1.15    0.856   0.0082    0.096    0.173    0.052    0.146
   1.25    0.888   0.0087    0.099    0.175    0.053    0.146
   1.35    0.934   0.0095    0.104    0.179    0.056    0.148
   1.45    0.983   0.0102    0.110    0.183    0.059    0.149
   1.55    1.046   0.0113    0.117    0.188    0.062    0.151
   1.65    1.082   0.0121    0.121    0.188    0.064    0.146
   1.75    1.134   0.0132    0.126    0.188    0.067    0.143
   1.85    1.165   0.0140    0.130    0.184    0.069    0.134
   1.95    1.218   0.0152    0.135    0.182    0.072    0.126
   2.09    1.227   0.0114    0.136    0.168    0.072    0.103
   2.29    1.284   0.0131    0.142    0.156    0.075    0.069
   2.49    1.341   0.0154    0.148    0.163    0.077    0.074
   2.69    1.350   0.0175    0.149    0.165    0.077    0.075
   2.89    1.383   0.0204    0.153    0.169    0.079    0.079
   3.11    1.354   0.0214    0.149    0.166    0.077    0.078
   3.37    1.315   0.0260    0.145    0.162    0.074    0.077
   3.62    1.353   0.0323    0.149    0.168    0.076    0.081
   3.86    1.334   0.0390    0.147    0.166    0.075    0.082
   4.19    1.389   0.0414    0.153    0.174    0.079    0.087
   4.58    1.178   0.0528    0.130    0.149    0.068    0.076
   4.99    1.513   0.0816    0.169    0.193    0.090    0.102
   5.39    1.321   0.1033    0.149    0.171    0.083    0.094
   5.79    1.274   0.1538    0.147    0.169    0.086    0.097
   6.45    1.400   0.1728    0.172    0.197    0.114    0.125
   7.41    1.304   0.3812    0.190    0.218    0.151    0.166


minimum bias:

separating the systematic errors not common with pi-zero analysis (1?)

   pt     charge only sys.   common sys.(on 1)   total on R_dA
   0.55    0.040   0.1088    0.089    0.085    0.060    0.118
   0.65    0.048   0.1288    0.089    0.085    0.072    0.140
   0.75    0.051   0.1354    0.089    0.085    0.077    0.147
   0.85    0.055   0.1429    0.089    0.085    0.082    0.156
   0.95    0.058   0.1477    0.088    0.085    0.086    0.162
   1.05    0.061   0.1531    0.088    0.085    0.091    0.168
   1.15    0.064   0.1564    0.088    0.086    0.096    0.173
   1.25    0.067   0.1578    0.087    0.086    0.099    0.175
   1.35    0.071   0.1605    0.087    0.086    0.104    0.179
   1.45    0.075   0.1626    0.087    0.086    0.110    0.183
   1.55    0.080   0.1654    0.087    0.086    0.117    0.188
   1.65    0.083   0.1627    0.086    0.086    0.121    0.188
   1.75    0.087   0.1607    0.086    0.087    0.126    0.188
   1.85    0.089   0.1540    0.086    0.087    0.130    0.184
   1.95    0.093   0.1485    0.086    0.087    0.135    0.182
   2.09    0.094   0.1295    0.085    0.087    0.136    0.168
   2.29    0.099   0.1075    0.085    0.088    0.142    0.156
   2.49    0.104   0.1126    0.084    0.088    0.148    0.163
   2.69    0.105   0.1137    0.084    0.088    0.149    0.165
   2.89    0.108   0.1168    0.083    0.089    0.153    0.169
   3.11    0.106   0.1147    0.083    0.089    0.149    0.166
   3.37    0.103   0.1116    0.083    0.090    0.145    0.162
   3.62    0.106   0.1151    0.082    0.090    0.149    0.168
   3.86    0.105   0.1137    0.082    0.091    0.147    0.166
   4.19    0.109   0.1187    0.082    0.092    0.153    0.174
   4.58    0.093   0.1009    0.083    0.093    0.130    0.149
   4.99    0.120   0.1299    0.084    0.094    0.169    0.193
   5.39    0.106   0.1149    0.085    0.096    0.149    0.171
   5.79    0.104   0.1131    0.087    0.098    0.147    0.169
   6.45    0.123   0.1354    0.092    0.102    0.172    0.197
   7.41    0.146   0.1638    0.103    0.110    0.190    0.218
