  pt       R_dA   stat.err   total sys. - +   pt-dep. sys - +
   0.55    0.658   0.0062    0.078    0.147    0.040    0.125
   0.65    0.778   0.0074    0.092    0.173    0.047    0.147
   0.75    0.816   0.0082    0.096    0.179    0.050    0.152
   0.85    0.850   0.0091    0.100    0.185    0.052    0.156
   0.95    0.899   0.0102    0.106    0.193    0.054    0.161
   1.05    0.930   0.0113    0.109    0.196    0.056    0.163
   1.15    0.962   0.0126    0.113    0.199    0.058    0.164
   1.25    0.970   0.0138    0.114    0.196    0.058    0.160
   1.35    1.021   0.0158    0.120    0.201    0.061    0.162
   1.45    1.094   0.0182    0.128    0.209    0.065    0.166
   1.55    1.174   0.0214    0.138    0.218    0.070    0.169
   1.65    1.154   0.0233    0.135    0.206    0.069    0.156
   1.75    1.234   0.0275    0.144    0.212    0.073    0.155
   1.85    1.219   0.0302    0.143    0.200    0.072    0.140
   1.95    1.298   0.0354    0.152    0.202    0.076    0.134
   2.09    1.352   0.0297    0.158    0.194    0.079    0.113
   2.29    1.391   0.0377    0.162    0.179    0.081    0.075
   2.49    1.496   0.0486    0.174    0.193    0.086    0.082
   2.69    1.507   0.0602    0.175    0.195    0.086    0.084
   2.89    1.423   0.0714    0.165    0.185    0.081    0.081
   3.11    1.325   0.0769    0.154    0.173    0.075    0.077
   3.37    1.464   0.1015    0.170    0.191    0.082    0.086
   3.62    1.221   0.1203    0.141    0.160    0.069    0.073
   3.86    1.487   0.1582    0.172    0.196    0.084    0.091
   4.19    1.625   0.1720    0.188    0.215    0.092    0.102
   4.58    1.806   0.2379    0.210    0.241    0.104    0.117
   4.99    1.084   0.3151    0.127    0.146    0.064    0.073
   5.39    1.144   0.3634    0.136    0.156    0.072    0.081
   5.79    1.523   0.7295    0.185    0.214    0.106    0.119
   6.45    1.261   0.7615    0.167    0.193    0.113    0.125


neutron tagged:
separating the pt-dependent systematic errors 
