0.6 0.5 0.55 0.993974
0.7 0.6 0.65 0.993787
0.8 0.7 0.75 0.993864
0.9 0.8 0.85 0.994071
1 0.9 0.95 0.994337
1.1 1 1.05 0.994627
1.2 1.1 1.15 0.99492
1.3 1.2 1.25 0.995207
1.4 1.3 1.35 0.995481
1.5 1.4 1.45 0.99574
1.6 1.5 1.55 0.995983
1.7 1.6 1.65 0.996209
1.8 1.7 1.75 0.99642
1.9 1.8 1.85 0.996616
2 1.9 1.95 0.996798
2.2 2 2.1 0.988246
2.4 2.2 2.3 0.989402
2.6 2.4 2.5 0.990404
2.8 2.6 2.7 0.991276
3 2.8 2.9 0.992039
3.25 3 3.125 0.988753
3.5 3.25 3.375 0.989867
3.75 3.5 3.625 0.990826
4 3.75 3.875 0.991657
4.4 4 4.2 0.98113
4.8 4.4 4.6 0.983515
5.2 4.8 5 0.985478
5.6 5.2 5.4 0.987114
6 5.6 5.8 0.98849
7 6 6.5 0.941794
8 7 7.5 0.953791
