 136.802       0.000175925   2.33201E-05
 147.988       0.000156068   1.31458E-05
 168.171       0.000127591   9.7478E-06 
 194.59	       8.03541E-05   8.23783E-06
 225.062       5.93553E-05   6.09509E-06
 258.156       3.71894E-05   2.84458E-06
 292.981       2.30364E-05   1.51305E-06
 328.989       1.26543E-05   9.80039E-07
 365.829       8.11463E-06   5.64855E-07
 403.272       5.06057E-06   3.15164E-07
 441.165       3.06072E-06   1.70858E-07
 479.4	       1.86933E-06   1.02337E-07
 517.903       1.16994E-06   6.58273E-08
 556.617       7.68861E-07   4.55876E-08
 595.502       5.05048E-07   3.28624E-08
 634.525       3.10069E-07   2.47212E-08
 673.663       1.86034E-07   1.83322E-08
 712.896       1.43121E-07   1.46924E-08
 752.21	       8.12028E-08   1.14255E-08
 791.594       5.07105E-08   8.65204E-09
 831.035       3.99665E-08   7.47392E-09
 870.528       1.92505E-08   5.79202E-09
 910.066       1.87759E-08   5.12241E-09
 949.641       1.24022E-08   4.3377E-09 
 989.251       5.05662E-09   3.2558E-09 


m_T spectra in Ca+Ca at 2.0A GeV (beam energy)
----------------------------------------------
pi^0: m = 135.0 MeV

m_T [MeV]  1/m_T^2 dsigma/dm_T [mb/MeV^3]
-----------------------------------------

Reference for these data is R. Averbeck et al., Phys. Rev. C 67, 024903 (2003)
