 136.47		2.34E-05   2.61E-06
 147.73		2.43E-05   1.53E-06
 168		1.78E-05   1.15E-06
 194.49		1.31E-05   1E-06   
 225		1.03E-05   6.95E-07
 258.12		5.93E-06   3.11E-07
 292.96		3.78E-06   1.79E-07
 328.98		2.61E-06   1.18E-07
 365.82		1.44E-06   6.84E-08
 403.27		9.11E-07   4.07E-08
 441.16		5.83E-07   7.52E-09
 479.4		3.72E-07   4.35E-09
 517.9		2.39E-07   2.85E-09
 556.62		1.49E-07   1.97E-09
 595.5		9.68E-08   1.54E-09
 634.53		6.07E-08   1.11E-09
 673.67		4.02E-08   8.27E-10
 712.9		2.4E-08    5.66E-10
 752.21		1.54E-08   4.61E-10
 791.6		9.92E-09   3.67E-10
 831.04		5.95E-09   2.89E-10
 870.53		3.88E-09   2.43E-10
 910.07		2.09E-09   1.62E-10
 949.64		1.36E-09   1.26E-10
 989.25		8.36E-10   9.1E-11 



m_T spectra in C+C at 2.0A GeV (beam energy)
--------------------------------------------
m_T [MeV]  1/m_T^2 dsigma/dm_T [mb/MeV^3]
-----------------------------------------

The C+C data are originally published in Z. Phys. A 359, 65 (1997). 
