0.0   0.00703 0.0 0.0 0.0 1.0 0
0.0   0.00718 0.0 0.0 0.0 1.0 0
0.0   0.00722 0.0 0.0 0.0 1.0 0
0.0   0.00713 0.0 0.0 0.0 1.0 0
0.0   0.00720 0.0 0.0 0.0 1.0 0
0.0   0.00721 0.0 0.0 0.0 1.0 0
0.0   0.00715 0.0 0.0 0.0 1.0 0
0.0   0.00719 0.0 0.0 0.0 1.0 0
0.0   0.00714 0.0 0.0 0.0 1.0 0
0.0   0.00717 0.0 0.0 0.0 1.0 0
0.0   0.00724 0.0 0.0 0.0 1.0 0
0.0   0.00716 0.0 0.0 0.0 1.0 0
0.0   0.00702 0.0 0.0 0.0 1.0 0
0.0   0.00729 0.0 0.0 0.0 1.0 0
0.0   0.00703 0.0 0.0 0.0 1.0 0
0.0   0.00719 0.0 0.0 0.0 1.0 0
0.0   0.00701 0.0 0.0 0.0 1.0 0
0.0   0.00714 0.0 0.0 0.0 1.0 0
0.0   0.00702 0.0 0.0 0.0 1.0 0
0.0   0.00722 0.0 0.0 0.0 1.0 0
0.0   0.00702 0.0 0.0 0.0 1.0 0
0.0   0.00729 0.0 0.0 0.0 1.0 0
0.0   0.00726 0.0 0.0 0.0 1.0 0
0.0   0.00718 0.0 0.0 0.0 1.0 0
0.0   0.00719 0.0 0.0 0.0 1.0 0
0.0   0.00726 0.0 0.0 0.0 1.0 0
0.0   0.00710 0.0 0.0 0.0 1.0 0
0.0   0.00709 0.0 0.0 0.0 1.0 0
0.0   0.00701 0.0 0.0 0.0 1.0 0
0.0   0.00724 0.0 0.0 0.0 1.0 0
0.0   0.00713 0.0 0.0 0.0 1.0 0
0.0   0.00711 0.0 0.0 0.0 1.0 0
0.0   0.00713 0.0 0.0 0.0 1.0 0
0.0   0.00730 0.0 0.0 0.0 1.0 0
0.0   0.00711 0.0 0.0 0.0 1.0 0
0.0   0.00713 0.0 0.0 0.0 1.0 0
0.0   0.00759 0.0 0.0 0.0 1.0 0
0.0   0.00722 0.0 0.0 0.0 1.0 0
0.0   0.00733 0.0 0.0 0.0 1.0 0
0.0   0.00709 0.0 0.0 0.0 1.0 0
0.0   0.00707 0.0 0.0 0.0 1.0 0
0.0   0.00715 0.0 0.0 0.0 1.0 0
0.0   0.00720 0.0 0.0 0.0 1.0 0
0.0   0.00721 0.0 0.0 0.0 1.0 0
0.0   0.00718 0.0 0.0 0.0 1.0 0
0.0   0.00704 0.0 0.0 0.0 1.0 0
0.0   0.00722 0.0 0.0 0.0 1.0 0
0.0   0.00715 0.0 0.0 0.0 1.0 0
0.0   0.00722 0.0 0.0 0.0 1.0 0
0.0   0.00719 0.0 0.0 0.0 1.0 0
0.0   0.00714 0.0 0.0 0.0 1.0 0
0.0   0.00719 0.0 0.0 0.0 1.0 0
0.0   0.00720 0.0 0.0 0.0 1.0 0
0.0   0.00722 0.0 0.0 0.0 1.0 0
0.0   0.00723 0.0 0.0 0.0 1.0 0
0.0   0.00712 0.0 0.0 0.0 1.0 0
0.0   0.00724 0.0 0.0 0.0 1.0 0
0.0   0.00714 0.0 0.0 0.0 1.0 0
0.0   0.00731 0.0 0.0 0.0 1.0 0
0.0   0.00713 0.0 0.0 0.0 1.0 0
0.0   0.00715 0.0 0.0 0.0 1.0 0
0.0   0.00730 0.0 0.0 0.0 1.0 0
0.0   0.00727 0.0 0.0 0.0 1.0 0
0.0   0.00718 0.0 0.0 0.0 1.0 0
0.0   0.00715 0.0 0.0 0.0 1.0 0
0.0   0.00704 0.0 0.0 0.0 1.0 0
0.0   0.00723 0.0 0.0 0.0 1.0 0
0.0   0.00713 0.0 0.0 0.0 1.0 0
0.0   0.00730 0.0 0.0 0.0 1.0 0
0.0   0.00699 0.0 0.0 0.0 1.0 0
0.0   0.00718 0.0 0.0 0.0 1.0 0
0.0   0.00722 0.0 0.0 0.0 1.0 0
0.0   0.00716 0.0 0.0 0.0 1.0 0
0.0   0.00713 0.0 0.0 0.0 1.0 0
0.0   0.00702 0.0 0.0 0.0 1.0 0
0.0   0.00724 0.0 0.0 0.0 1.0 0
0.0   0.00709 0.0 0.0 0.0 1.0 0
0.0   0.00733 0.0 0.0 0.0 1.0 0
0.0   0.00709 0.0 0.0 0.0 1.0 0
0.0   0.00733 0.0 0.0 0.0 1.0 0
0.0   0.00718 0.0 0.0 0.0 1.0 0
0.0   0.00732 0.0 0.0 0.0 1.0 0
0.0   0.00726 0.0 0.0 0.0 1.0 0
0.0   0.00722 0.0 0.0 0.0 1.0 0
0.0   0.00721 0.0 0.0 0.0 1.0 0
0.0   0.00715 0.0 0.0 0.0 1.0 0
0.0   0.00721 0.0 0.0 0.0 1.0 0
0.0   0.00727 0.0 0.0 0.0 1.0 0
0.0   0.00698 0.0 0.0 0.0 1.0 0
0.0   0.00711 0.0 0.0 0.0 1.0 0
0.0   0.00715 0.0 0.0 0.0 1.0 0
0.0   0.00713 0.0 0.0 0.0 1.0 0
0.0   0.00728 0.0 0.0 0.0 1.0 0
0.0   0.00705 0.0 0.0 0.0 1.0 0
0.0   0.00720 0.0 0.0 0.0 1.0 0
0.0   0.00707 0.0 0.0 0.0 1.0 0
0.0   0.00730 0.0 0.0 0.0 1.0 0
0.0   0.00741 0.0 0.0 0.0 1.0 0
0.0   0.00729 0.0 0.0 0.0 1.0 0
0.0   0.00718 0.0 0.0 0.0 1.0 0
0.0   0.00708 0.0 0.0 0.0 1.0 0
0.0   0.00716 0.0 0.0 0.0 1.0 0
0.0   0.00726 0.0 0.0 0.0 1.0 0
0.0   0.00712 0.0 0.0 0.0 1.0 0
0.0   0.00728 0.0 0.0 0.0 1.0 0
0.0   0.00719 0.0 0.0 0.0 1.0 0
0.0   0.00716 0.0 0.0 0.0 1.0 0
0.0   0.00721 0.0 0.0 0.0 1.0 0
0.0   0.00709 0.0 0.0 0.0 1.0 0
0.0   0.00721 0.0 0.0 0.0 1.0 0
0.0   0.00722 0.0 0.0 0.0 1.0 0
0.0   0.00709 0.0 0.0 0.0 1.0 0
0.0   0.00730 0.0 0.0 0.0 1.0 0
0.0   0.00719 0.0 0.0 0.0 1.0 0
0.0   0.00722 0.0 0.0 0.0 1.0 0
0.0   0.00721 0.0 0.0 0.0 1.0 0
0.0   0.00721 0.0 0.0 0.0 1.0 0
0.0   0.00709 0.0 0.0 0.0 1.0 0
0.0   0.00706 0.0 0.0 0.0 1.0 0
0.0   0.00727 0.0 0.0 0.0 1.0 0
0.0   0.00714 0.0 0.0 0.0 1.0 0
0.0   0.00720 0.0 0.0 0.0 1.0 0
0.0   0.00722 0.0 0.0 0.0 1.0 0
0.0   0.00722 0.0 0.0 0.0 1.0 0
0.0   0.00717 0.0 0.0 0.0 1.0 0
0.0   0.00725 0.0 0.0 0.0 1.0 0
0.0   0.00718 0.0 0.0 0.0 1.0 0
0.0   0.00727 0.0 0.0 0.0 1.0 0
