   3007.12       2.05 0
   2972.81       2.28 0
   2971.28       2.15 0
   3057.03       1.79 0
   3019.59       1.92 0
   2999.33       1.90 0
   2978.29       1.82 0
   2972.39       1.88 0
   2987.11       2.27 0
   2975.22       2.11 0
   2948.79       1.94 0
   3004.15       2.04 0
   3087.60       2.02 0
   2964.84       2.06 0
   3013.66       2.28 0
   2960.99       1.98 0
   3081.02       1.86 0
   3084.56       2.26 0
   3168.00       1.71 0
   3116.59       2.61 0
   3097.24       2.73 0
   2962.66       2.21 0
   2932.70       2.19 0
   2968.68       2.43 0
   2942.52       1.90 0
   2946.05       1.75 0
   3040.86       1.99 0
   3052.27       1.66 0
   3106.88       1.80 0
   2971.00       2.02 0
   3005.41       1.98 0
   2997.98       2.21 0
   2970.35       2.17 0
   2921.01       2.00 0
   3041.50       2.27 0
   3046.15       2.24 0
   2851.73       2.08 0
   2983.54       2.05 0
   2923.59       2.06 0
   3001.66       1.93 0
   3002.64       2.01 0
   2993.83       2.29 0
   2974.51       2.10 0
   3025.59       2.18 0
   3021.22       1.99 0
   3044.76       2.02 0
   2933.72       2.22 0
   2949.95       2.11 0
   3019.38       1.99 0
   2944.77       1.83 0
   3005.99       2.03 0
   3036.51       2.06 0
   3004.11       1.95 0
   2970.09       1.82 0
   2928.71       1.61 0
   3070.32       1.99 0
   2922.55       1.83 0
   2990.92       2.20 0
   2923.57       1.99 0
   3040.49       2.01 0
   3042.09       2.08 0
   2963.07       2.11 0
   2938.52       2.02 0
   2967.58       2.01 0
   2977.64       2.54 0
   3041.73       2.47 0
   2984.76       2.46 0
   3036.28       2.68 0
   2989.19       2.53 0
   3086.49       1.82 0
   2971.61       2.29 0
   2927.94       2.07 0
   2954.24       2.18 0
   2999.00       2.41 0
   3067.32       2.10 0
   3003.04       1.91 0
   3052.95       1.88 0
   3020.92       2.02 0
   3093.70       1.78 0
   3002.76       2.10 0
   2959.47       1.98 0
   2935.08       2.37 0
   2976.46       2.02 0
   3008.28       2.44 0
   3024.45       2.24 0
   3028.51       2.14 0
   2978.17       1.75 0
   2927.53       1.95 0
   3035.93       1.96 0
   3012.85       1.69 0
   3004.66       1.83 0
   3028.39       1.97 0
   2938.65       2.27 0
   3056.57       2.14 0
   2957.70       1.96 0
   3013.72       1.90 0
   2927.62       2.01 0
   2868.64       1.90 0
   2947.62       1.96 0
   3039.16       1.94 0
   3087.46       2.02 0
   3008.52       1.69 0
   2959.90       2.04 0
   2980.74       2.11 0
   2905.75       2.13 0
   2982.63       2.04 0
   3012.77       1.92 0
   3019.65       1.76 0
   3090.41       2.34 0
   2975.84       1.97 0
   2958.93       2.06 0
   3024.16       2.26 0
   2902.82       2.04 0
   2965.03       2.07 0
   2968.83       2.20 0
   3012.60       1.72 0
   3000.94       2.03 0
   3041.65       2.24 0
   3032.45       2.15 0
   2922.00       1.89 0
   2971.96       2.40 0
   2950.73       2.40 0
   2977.05       2.19 0
   3002.05       1.85 0
   3027.94       1.96 0
   2990.27       1.64 0
   2960.28       1.81 0
   2931.37       2.28 0
