0.0  0.0681 0.0 0.0 0.0 1.0 0
0.0  0.0703 0.0 0.0 0.0 1.0 0
0.0  0.0692 0.0 0.0 0.0 1.0 0
0.0  0.0719 0.0 0.0 0.0 1.0 0
0.0  0.0695 0.0 0.0 0.0 1.0 0
0.0  0.0617 0.0 0.0 0.0 1.0 0
0.0  0.0706 0.0 0.0 0.0 1.0 0
0.0  0.0706 0.0 0.0 0.0 1.0 0
0.0  0.0692 0.0 0.0 0.0 1.0 0
0.0  0.0690 0.0 0.0 0.0 1.0 0
0.0  0.0684 0.0 0.0 0.0 1.0 0
0.0  0.0706 0.0 0.0 0.0 1.0 0
0.0  0.0707 0.0 0.0 0.0 1.0 0
0.0  0.0618 0.0 0.0 0.0 1.0 0
0.0  0.0706 0.0 0.0 0.0 1.0 0
0.0  0.0722 0.0 0.0 0.0 1.0 0
0.0  0.0681 0.0 0.0 0.0 1.0 0
0.0  0.0687 0.0 0.0 0.0 1.0 0
0.0  0.0642 0.0 0.0 0.0 1.0 0
0.0  0.0694 0.0 0.0 0.0 1.0 0
0.0  0.0719 0.0 0.0 0.0 1.0 0
0.0  0.0600 0.0 0.0 0.0 1.0 0
0.0  0.0722 0.0 0.0 0.0 1.0 0
0.0  0.0724 0.0 0.0 0.0 1.0 0
0.0  0.0659 0.0 0.0 0.0 1.0 0
0.0  0.0706 0.0 0.0 0.0 1.0 0
0.0  0.0688 0.0 0.0 0.0 1.0 0
0.0  0.0716 0.0 0.0 0.0 1.0 0
0.0  0.0698 0.0 0.0 0.0 1.0 0
0.0  0.0638 0.0 0.0 0.0 1.0 0
0.0  0.0692 0.0 0.0 0.0 1.0 0
0.0  0.0723 0.0 0.0 0.0 1.0 0
0.0  0.0696 0.0 0.0 0.0 1.0 0
0.0  0.0664 0.0 0.0 0.0 1.0 0
0.0  0.0733 0.0 0.0 0.0 1.0 0
0.0  0.0751 0.0 0.0 0.0 1.0 0
0.0  0.0742 0.0 0.0 0.0 1.0 0
0.0  0.0632 0.0 0.0 0.0 1.0 0
0.0  0.0697 0.0 0.0 0.0 1.0 0
0.0  0.0716 0.0 0.0 0.0 1.0 0
0.0  0.0706 0.0 0.0 0.0 1.0 0
0.0  0.0698 0.0 0.0 0.0 1.0 0
0.0  0.0727 0.0 0.0 0.0 1.0 0
0.0  0.0715 0.0 0.0 0.0 1.0 0
0.0  0.0713 0.0 0.0 0.0 1.0 0
0.0  0.0603 0.0 0.0 0.0 1.0 0
0.0  0.0708 0.0 0.0 0.0 1.0 0
0.0  0.0721 0.0 0.0 0.0 1.0 0
0.0  0.0684 0.0 0.0 0.0 1.0 0
0.0  0.0692 0.0 0.0 0.0 1.0 0
0.0  0.0706 0.0 0.0 0.0 1.0 0
0.0  0.0754 0.0 0.0 0.0 1.0 0
0.0  0.0699 0.0 0.0 0.0 1.0 0
0.0  0.0608 0.0 0.0 0.0 1.0 0
0.0  0.0694 0.0 0.0 0.0 1.0 0
0.0  0.0708 0.0 0.0 0.0 1.0 0
0.0  0.0690 0.0 0.0 0.0 1.0 0
0.0  0.0687 0.0 0.0 0.0 1.0 0
0.0  0.0739 0.0 0.0 0.0 1.0 0
0.0  0.0717 0.0 0.0 0.0 1.0 0
0.0  0.0695 0.0 0.0 0.0 1.0 0
0.0  0.0639 0.0 0.0 0.0 1.0 0
0.0  0.0692 0.0 0.0 0.0 1.0 0
0.0  0.0711 0.0 0.0 0.0 1.0 0
0.0  0.0710 0.0 0.0 0.0 1.0 0
0.0  0.0687 0.0 0.0 0.0 1.0 0
0.0  0.0661 0.0 0.0 0.0 1.0 0
0.0  0.0713 0.0 0.0 0.0 1.0 0
0.0  0.0682 0.0 0.0 0.0 1.0 0
0.0  0.0622 0.0 0.0 0.0 1.0 0
0.0  0.0726 0.0 0.0 0.0 1.0 0
0.0  0.0720 0.0 0.0 0.0 1.0 0
0.0  0.0686 0.0 0.0 0.0 1.0 0
0.0  0.0707 0.0 0.0 0.0 1.0 0
0.0  0.0690 0.0 0.0 0.0 1.0 0
0.0  0.0718 0.0 0.0 0.0 1.0 0
0.0  0.0698 0.0 0.0 0.0 1.0 0
0.0  0.0620 0.0 0.0 0.0 1.0 0
0.0  0.0738 0.0 0.0 0.0 1.0 0
0.0  0.0697 0.0 0.0 0.0 1.0 0
0.0  0.0677 0.0 0.0 0.0 1.0 0
0.0  0.0713 0.0 0.0 0.0 1.0 0
0.0  0.0690 0.0 0.0 0.0 1.0 0
0.0  0.0753 0.0 0.0 0.0 1.0 0
0.0  0.0686 0.0 0.0 0.0 1.0 0
0.0  0.0607 0.0 0.0 0.0 1.0 0
0.0  0.0702 0.0 0.0 0.0 1.0 0
0.0  0.0699 0.0 0.0 0.0 1.0 0
0.0  0.0667 0.0 0.0 0.0 1.0 0
0.0  0.0709 0.0 0.0 0.0 1.0 0
0.0  0.0711 0.0 0.0 0.0 1.0 0
0.0  0.0702 0.0 0.0 0.0 1.0 0
0.0  0.0682 0.0 0.0 0.0 1.0 0
0.0  0.0617 0.0 0.0 0.0 1.0 0
0.0  0.0701 0.0 0.0 0.0 1.0 0
0.0  0.0734 0.0 0.0 0.0 1.0 0
0.0  0.0683 0.0 0.0 0.0 1.0 0
0.0  0.0732 0.0 0.0 0.0 1.0 0
0.0  0.0696 0.0 0.0 0.0 1.0 0
0.0  0.0705 0.0 0.0 0.0 1.0 0
0.0  0.0716 0.0 0.0 0.0 1.0 0
0.0  0.0626 0.0 0.0 0.0 1.0 0
0.0  0.0727 0.0 0.0 0.0 1.0 0
0.0  0.0689 0.0 0.0 0.0 1.0 0
0.0  0.0675 0.0 0.0 0.0 1.0 0
0.0  0.0694 0.0 0.0 0.0 1.0 0
0.0  0.0686 0.0 0.0 0.0 1.0 0
0.0  0.0734 0.0 0.0 0.0 1.0 0
0.0  0.0700 0.0 0.0 0.0 1.0 0
0.0  0.0608 0.0 0.0 0.0 1.0 0
0.0  0.0693 0.0 0.0 0.0 1.0 0
0.0  0.0717 0.0 0.0 0.0 1.0 0
0.0  0.0688 0.0 0.0 0.0 1.0 0
0.0  0.0720 0.0 0.0 0.0 1.0 0
0.0  0.0704 0.0 0.0 0.0 1.0 0
0.0  0.0720 0.0 0.0 0.0 1.0 0
0.0  0.0702 0.0 0.0 0.0 1.0 0
0.0  0.0598 0.0 0.0 0.0 1.0 0
0.0  0.0712 0.0 0.0 0.0 1.0 0
0.0  0.0693 0.0 0.0 0.0 1.0 0
0.0  0.0690 0.0 0.0 0.0 1.0 0
0.0  0.0687 0.0 0.0 0.0 1.0 0
0.0  0.0690 0.0 0.0 0.0 1.0 0
0.0  0.0717 0.0 0.0 0.0 1.0 0
0.0  0.0707 0.0 0.0 0.0 1.0 0
0.0  0.0624 0.0 0.0 0.0 1.0 0
0.0  0.0735 0.0 0.0 0.0 1.0 0
0.0  0.0707 0.0 0.0 0.0 1.0 0
