   2985.18       2.12 0
   3018.74       2.06 0
   3000.12       1.81 0
   3008.65       1.86 0
   3037.27       1.90 0
   2975.95       2.15 0
   2965.61       1.84 0
   2988.71       1.95 0
   2960.44       1.92 0
   2943.10       2.19 0
   2938.70       2.25 0
   2997.95       2.03 0
   3007.25       2.21 0
   2979.67       2.10 0
   2974.39       1.93 0
   2916.41       2.19 0
   3074.24       2.28 0
   3114.39       2.00 0
   3142.48       1.91 0
   3196.73       2.05 0
   3011.16       2.12 0
   2963.42       2.25 0
   3084.80       2.31 0
   3023.17       2.42 0
   2934.69       2.17 0
   2989.89       2.24 0
   3025.23       2.13 0
   3027.38       2.04 0
   3006.99       2.04 0
   2951.31       1.82 0
   2962.89       1.87 0
   2976.33       2.08 0
   3007.60       1.87 0
   2983.33       2.06 0
   2999.30       1.89 0
   3053.20       2.25 0
   3051.02       2.39 0
   3037.32       2.17 0
   2964.53       2.29 0
   2952.33       1.91 0
   3028.40       1.94 0
   2945.53       1.93 0
   2971.74       2.09 0
   3013.59       1.88 0
   3038.70       2.11 0
   2984.83       2.34 0
   2933.42       1.96 0
   2976.00       1.79 0
   3112.09       2.21 0
   2982.98       2.30 0
   3038.52       2.03 0
   3017.49       1.90 0
   2983.66       2.05 0
   3070.98       2.40 0
   2931.25       1.86 0
   2927.94       2.12 0
   2997.81       2.16 0
   2952.79       1.79 0
   3010.60       1.83 0
   3060.95       1.66 0
   2985.77       2.32 0
   2965.68       1.85 0
   2970.43       2.05 0
   2887.77       1.98 0
   2894.02       2.50 0
   2944.42       2.98 0
   3045.76       2.59 0
   2953.65       2.51 0
   2991.12       2.91 0
   2999.49       2.24 0
   3023.10       2.11 0
   3011.98       2.44 0
   2960.39       1.93 0
   2956.87       2.30 0
   2952.28       1.87 0
   2988.67       1.92 0
   3199.67       2.12 0
   3023.11       2.10 0
   3101.12       2.18 0
   3004.42       2.02 0
   2979.84       1.88 0
   2929.09       1.98 0
   3070.81       1.91 0
   3096.49       2.05 0
   3061.51       2.31 0
   3103.12       2.36 0
   2992.35       2.09 0
   3031.06       2.17 0
   2962.85       1.85 0
   2953.07       2.12 0
   2991.07       2.06 0
   2980.57       2.13 0
   3055.08       1.91 0
   2976.63       2.07 0
   2978.60       2.31 0
   2915.98       1.85 0
   2928.59       2.14 0
   2937.93       2.14 0
   2989.38       1.81 0
   3019.10       2.09 0
   3005.76       2.03 0
   2884.76       1.88 0
   3012.51       2.01 0
   2935.52       2.05 0
   2962.11       1.98 0
   2954.24       2.32 0
   3030.60       2.03 0
   3039.95       2.01 0
   3036.55       2.11 0
   2940.97       1.93 0
   2908.95       2.16 0
   2961.28       2.19 0
   2981.78       1.95 0
   2957.10       2.07 0
   2996.28       1.93 0
   3006.02       2.29 0
   3031.53       2.06 0
   3000.63       1.91 0
   2984.58       2.12 0
   2863.67       2.07 0
   2902.39       2.06 0
   2876.43       1.94 0
   2964.47       2.16 0
   3012.77       1.91 0
   2999.38       2.02 0
   3019.78       2.00 0
   2966.65       2.08 0
   3005.77       2.02 0
