0	4	0	1	8	9
1	7	0	1	2	3	8	9	10
2	12	0	1	2	3	4	5	8	9	10	11	12	13
3	10	3	4	5	6	7	11	12	13	14	15
4	6	5	6	7	13	14	15
5	4	6	7	14	15
6	6	0	1	8	9	16	17
7	11	0	1	2	8	9	10	16	17	18	25	199
8	14	1	2	3	8	9	10	11	12	13	16	17	18	19	20
9	14	4	5	6	10	11	12	13	14	15	19	20	21	22	23
10	10	5	6	7	13	14	15	21	22	23	31
11	7	6	7	13	14	15	22	23
12	6	16	17	24	25	32	33
13	9	16	17	18	24	25	26	32	33	34
14	16	16	17	18	19	20	24	25	26	27	28	32	33	34	35	36	217
15	17	19	20	21	22	23	27	28	29	30	31	32	35	36	37	38	39	167
16	9	21	22	23	29	30	31	37	38	39
17	6	22	23	30	31	38	39
18	7	24	25	32	33	34	40	41
19	9	24	25	26	32	33	34	40	41	42
20	17	25	26	27	28	32	33	34	35	36	37	40	41	42	43	44	45	229
21	15	27	28	29	30	34	35	36	37	38	39	43	44	45	46	47
22	9	29	30	31	37	38	39	45	46	47
23	6	30	31	38	39	46	47
24	7	32	33	40	41	48	49	57
25	10	32	33	34	40	41	42	48	49	50	57
26	16	33	34	35	36	40	41	42	43	44	45	48	49	50	51	52	58
27	16	35	36	37	38	43	44	45	46	47	50	51	52	53	54	55	62
28	10	37	38	39	45	46	47	53	54	55	62
29	8	38	39	46	47	54	55	63	102
30	7	48	49	56	57	64	65	207
31	9	48	49	50	56	57	58	64	65	66
32	15	48	49	50	51	52	53	56	57	58	59	60	65	66	67	68
33	15	51	52	53	54	55	58	59	60	61	62	63	67	68	69	70
34	9	53	54	55	61	62	63	69	70	71
35	8	33	53	54	55	62	63	70	71
36	6	56	57	64	65	72	73
37	9	56	57	58	64	65	66	72	73	74
38	16	56	57	58	59	60	64	65	66	67	68	69	72	73	74	75	76
39	16	59	60	61	62	63	66	67	68	69	70	71	75	76	77	78	79
40	10	61	62	63	69	70	71	76	77	78	79
41	7	62	63	70	71	78	79	223
42	8	64	65	72	73	80	81	88	89
43	9	65	72	73	74	75	80	81	82	89
44	14	65	66	72	73	74	75	76	80	81	82	83	84	89	90
45	16	68	69	70	74	75	76	77	78	79	83	84	85	86	87	93	94
46	10	69	70	77	78	79	85	86	87	93	94
47	7	71	78	79	86	87	94	95
48	7	80	81	88	89	96	97	224
49	9	80	81	82	88	89	90	96	97	98
50	16	80	81	82	83	84	88	89	90	91	92	93	96	97	98	99	100
51	14	83	84	85	86	87	91	92	93	94	95	99	100	101	102
52	9	85	86	87	93	94	95	101	102	103
53	6	86	87	94	95	102	103
54	6	88	89	96	97	104	105
55	10	88	89	90	96	97	98	104	105	106	107
56	14	89	90	91	96	97	98	99	100	104	105	106	107	108	109
57	14	91	92	93	94	99	100	101	102	103	107	108	109	110	111
58	10	93	94	95	100	101	102	103	109	110	111
59	6	94	95	102	103	110	111
60	6	104	105	112	113	120	121
61	11	96	97	104	105	106	112	113	114	120	121	122
62	15	97	104	105	106	107	108	112	113	114	115	116	117	121	122	123
63	16	100	107	108	109	110	111	114	115	116	117	118	119	124	125	126	127
64	11	101	102	109	110	111	117	118	119	125	126	127
65	8	102	103	110	111	118	119	126	127
66	4	112	113	120	121
67	6	112	113	114	120	121	122
68	11	112	113	114	115	116	120	121	122	123	124	125
69	11	115	116	117	118	119	122	123	124	125	126	127
70	7	117	118	119	124	125	126	127
71	4	118	119	126	127
72	5	58	128	129	136	137
73	6	128	129	130	136	137	138
74	10	128	129	130	131	132	136	137	138	139	140
75	11	130	131	132	133	134	135	139	140	141	142	143
76	6	133	134	135	141	142	143
77	5	133	134	135	142	143
78	6	128	129	136	137	144	145
79	12	128	129	130	136	137	138	139	144	145	146	153	159
80	17	129	130	131	132	136	137	138	139	140	141	144	145	146	147	148	149	153
81	15	131	132	133	134	138	139	140	141	142	143	147	148	149	150	151
82	10	133	134	135	141	142	143	149	150	151	158
83	6	134	135	142	143	150	151
84	6	144	145	152	153	160	161
85	9	144	145	146	152	153	154	160	161	162
86	16	144	145	146	147	148	152	153	154	155	156	157	160	161	162	163	164
87	17	147	148	149	150	151	154	155	156	157	158	159	163	164	165	166	167	249
88	9	149	150	151	157	158	159	165	166	167
89	7	149	150	151	158	159	166	167
90	6	152	153	160	161	168	169
91	11	152	153	154	160	161	162	163	168	169	170	171
92	17	120	152	153	154	155	156	160	161	162	163	164	165	168	169	170	171	172
93	15	155	156	157	158	162	163	164	165	166	167	171	172	173	174	175
94	9	157	158	159	165	166	167	173	174	175
95	6	158	159	166	167	174	175
96	7	160	161	168	169	176	177	184
97	13	160	161	162	168	169	170	176	177	178	179	184	185	186
98	16	161	162	168	169	170	171	172	173	176	177	178	179	180	181	186	187
99	15	164	165	166	171	172	173	174	175	179	180	181	182	183	188	189
100	11	165	166	167	172	173	174	175	181	182	183	190
101	8	166	167	174	175	182	183	190	191
102	6	176	177	184	185	192	193
103	9	176	177	178	184	185	186	192	193	194
104	15	176	177	178	179	180	184	185	186	187	188	189	193	194	195	196
105	16	178	179	180	181	182	183	187	188	189	190	191	195	196	197	198	199
106	9	181	182	183	189	190	191	197	198	199
107	6	182	183	190	191	198	199
108	6	184	185	192	193	200	201
109	9	184	185	186	192	193	194	200	201	202
110	11	184	185	186	192	193	194	195	200	201	202	203
111	14	185	186	187	188	192	193	194	195	196	197	201	202	203	204
112	14	188	189	190	194	195	196	197	198	199	203	204	205	206	207
113	10	189	190	196	197	198	199	204	205	206	207
114	8	190	191	197	198	199	205	206	207
115	6	190	191	198	199	206	207
116	6	192	193	200	201	208	209
117	9	192	193	194	200	201	202	208	209	210
118	10	192	193	194	200	201	202	203	208	209	210
119	14	193	194	195	196	200	201	202	203	204	205	209	210	211	212
120	13	195	196	197	198	203	204	205	206	207	211	212	213	214
121	12	196	197	198	199	204	205	206	207	212	213	214	215
122	9	197	198	199	205	206	207	213	214	215
123	6	198	199	206	207	214	215
124	6	200	201	208	209	216	217
125	9	200	201	202	208	209	210	216	217	218
126	11	200	201	202	203	208	209	210	211	216	217	218
127	13	201	202	203	204	208	209	210	211	212	217	218	219	220
128	15	203	204	205	206	207	210	211	212	213	214	215	219	220	221	222
129	9	205	206	212	213	214	215	220	221	222
130	9	205	206	207	213	214	215	221	222	223
131	6	206	207	214	215	222	223
132	6	208	209	216	217	224	225
133	9	208	209	210	216	217	218	224	225	226
134	10	208	209	210	216	217	218	219	224	225	226
135	13	209	210	211	212	216	217	218	219	220	225	226	227	228
136	15	211	212	213	214	215	218	219	220	221	222	223	227	228	229	230
137	10	212	213	214	220	221	222	223	228	229	230
138	9	213	214	215	221	222	223	229	230	231
139	6	214	215	222	223	230	231
140	6	216	217	224	225	232	233
141	10	216	217	218	224	225	226	232	233	234	248
142	10	217	218	224	225	226	227	232	233	234	235
143	14	217	218	219	220	225	226	227	228	229	232	233	234	235	236
144	13	219	220	221	222	227	228	229	230	231	235	236	237	238
145	11	221	222	223	228	229	230	231	236	237	238	239
146	8	222	223	229	230	231	237	238	239
147	6	222	223	230	231	238	239
148	6	224	225	232	233	240	241
149	9	224	225	226	232	233	234	240	241	242
150	10	224	225	226	232	233	234	235	240	241	242
151	14	225	226	227	228	232	233	234	235	236	237	241	242	243	244
152	14	227	228	229	230	234	235	236	237	238	239	243	244	245	246
153	10	229	230	236	237	238	239	244	245	246	247
154	10	29	229	230	231	237	238	239	245	246	247
155	6	230	231	238	239	246	247
156	6	232	233	240	241	248	249
157	9	232	233	234	240	241	242	248	249	250
158	11	232	233	234	240	241	242	243	248	249	250	251
159	13	233	234	235	236	240	241	242	243	244	249	250	251	252
160	14	235	236	237	238	242	243	244	245	246	247	251	252	253	254
161	10	237	238	239	244	245	246	247	252	253	254
162	9	237	238	239	245	246	247	253	254	255
163	6	238	239	246	247	254	255
164	4	240	241	248	249
165	6	240	241	242	248	249	250
166	7	240	241	242	248	249	250	251
167	10	241	242	243	244	248	249	250	251	252	253
168	10	218	243	244	245	246	251	252	253	254	255
169	8	244	245	246	247	252	253	254	255
170	6	245	246	247	253	254	255
171	4	246	247	254	255
