0	8	0	1	2	8	9	10	16	17
1	10	0	1	2	3	8	9	10	11	17	224
2	15	0	1	2	3	4	5	8	9	10	11	12	13	16	17	18
3	14	2	3	4	5	6	7	10	11	12	13	14	15	21	22
4	8	5	6	7	13	14	15	21	22
5	8	6	7	13	14	15	22	23	100
6	10	0	1	2	8	9	10	16	17	24	25
7	15	0	1	2	3	8	9	10	16	17	18	19	24	25	26	199
8	21	0	1	2	3	4	8	9	10	11	12	13	16	17	18	19	20	24	25	26	27	34
9	21	3	4	5	6	10	11	12	13	14	15	19	20	21	22	23	27	28	29	30	31	38
10	13	5	6	7	13	14	15	20	21	22	23	29	30	31
11	11	6	7	13	14	15	21	22	23	29	30	31
12	11	8	9	16	17	18	24	25	26	32	33	34
13	16	8	9	10	11	16	17	18	24	25	26	27	32	33	34	35	41
14	27	1	8	9	10	11	16	17	18	19	20	24	25	26	27	28	29	32	33	34	35	36	37	40	41	42	43	217
15	24	12	13	14	19	20	21	22	23	27	28	29	30	31	32	34	35	36	37	38	39	42	45	47	167
16	16	6	13	14	15	20	21	22	23	29	30	31	36	37	38	39	47
17	10	14	15	22	23	29	30	31	37	38	39
18	14	16	17	24	25	26	32	33	34	40	41	42	48	49	122
19	16	16	18	24	25	26	32	33	34	35	40	41	42	43	48	49	50
20	22	18	25	26	27	28	32	33	34	35	36	37	40	41	42	43	44	45	48	49	50	51	229
21	22	20	21	22	27	28	29	30	34	35	36	37	38	39	42	43	44	45	46	47	52	53	54
22	16	22	23	28	29	30	31	36	37	38	39	44	45	46	47	53	54
23	12	22	29	30	31	37	38	39	45	46	47	54	55
24	11	32	33	40	41	42	48	49	50	56	57	58
25	15	25	32	33	34	40	41	42	43	48	49	50	51	56	57	58
26	24	24	26	32	33	34	35	36	37	40	41	42	43	44	45	48	49	50	51	52	57	58	59	60	66
27	23	30	35	36	37	38	39	43	44	45	46	47	50	51	52	53	54	55	60	61	62	63	70	71
28	14	36	37	38	39	44	45	46	47	53	54	55	61	62	63
29	13	37	38	39	45	46	47	53	54	55	61	62	63	102
30	12	40	41	48	49	50	56	57	58	64	65	66	207
31	15	40	41	42	48	49	50	51	56	57	58	64	65	66	67	73
32	24	40	41	42	43	44	48	49	50	51	52	53	56	57	58	59	60	64	65	66	67	68	72	73	74
33	24	38	44	45	46	47	51	52	53	54	55	58	59	60	61	62	63	67	68	69	70	71	77	78	101
34	14	45	46	47	53	54	55	61	62	63	69	70	71	78	86
35	13	33	46	47	53	54	55	61	62	63	69	70	71	78
36	11	48	56	57	64	65	66	72	73	74	80	81
37	17	48	49	56	57	58	64	65	66	67	72	73	74	75	80	81	82	88
38	25	48	49	50	56	57	58	59	60	64	65	66	67	68	69	72	73	74	75	76	80	81	82	83	84	88
39	22	53	54	59	60	61	62	63	66	67	68	69	70	71	75	76	77	78	79	84	85	86	87
40	16	54	61	62	63	68	69	70	71	76	77	78	79	85	86	87	238
41	13	55	61	62	63	69	70	71	77	78	79	86	87	223
42	11	64	65	72	73	74	80	81	82	88	89	90
43	15	64	65	66	72	73	74	75	80	81	82	83	88	89	90	91
44	21	58	65	66	67	68	72	73	74	75	76	80	81	82	83	84	88	89	90	91	92	93
45	24	67	68	69	70	71	74	75	76	77	78	79	83	84	85	86	87	90	92	93	94	95	101	103	192
46	12	69	70	76	77	78	79	85	86	87	93	94	95
47	12	69	70	71	77	78	79	85	86	87	93	94	95
48	13	72	73	80	81	82	88	89	90	96	97	98	105	224
49	17	72	73	74	80	81	82	88	89	90	91	96	97	98	99	104	105	121
50	21	72	73	74	75	80	81	82	83	84	88	89	90	91	92	93	96	97	98	99	100	106
51	21	75	76	77	78	79	83	84	85	86	87	91	92	93	94	95	99	100	101	102	103	110
52	15	77	78	79	84	85	86	87	92	93	94	95	101	102	103	110
53	12	78	79	86	87	93	94	95	101	102	103	110	111
54	11	81	88	89	90	96	97	98	104	105	112	113
55	15	81	88	89	90	91	96	97	98	104	105	106	107	112	113	114
56	21	80	81	88	89	90	91	92	96	97	98	99	100	104	105	106	107	108	109	113	114	115
57	22	85	87	91	92	93	94	99	100	101	102	103	107	108	109	110	111	115	116	117	118	119	127
58	15	86	93	94	95	100	101	102	103	108	109	110	111	117	118	119
59	12	86	93	94	95	101	102	103	110	111	117	118	119
60	11	96	97	98	104	105	106	112	113	114	120	121
61	14	96	97	98	104	105	106	112	113	114	115	120	121	122	123
62	20	89	97	98	99	100	104	105	106	107	108	112	113	114	115	116	117	120	121	122	123
63	18	100	101	102	107	108	109	110	111	114	115	116	117	118	119	124	125	126	127
64	16	95	100	101	102	103	109	110	111	116	117	118	119	124	125	126	127
65	11	102	103	109	110	111	117	118	119	125	126	127
66	7	105	112	113	114	120	121	122
67	10	104	105	112	113	114	115	120	121	122	123
68	15	105	106	107	108	112	113	114	115	116	120	121	122	123	124	125
69	15	108	109	110	111	115	116	117	118	119	122	123	124	125	126	127
70	11	110	111	116	117	118	119	124	125	126	127	144
71	8	110	111	117	118	119	125	126	127
72	10	58	128	129	130	136	137	138	144	145	146
73	10	128	129	130	136	137	138	144	145	146	147
74	14	128	129	130	131	132	136	137	138	139	140	144	146	147	216
75	14	130	131	132	133	134	135	139	140	141	142	143	149	150	151
76	10	133	134	135	140	141	142	143	149	150	151
77	8	133	134	135	141	142	143	150	151
78	11	128	129	136	137	138	144	145	146	152	153	154
79	17	128	129	130	136	137	138	139	144	145	146	147	152	153	154	159	160	161
80	22	128	129	130	131	132	136	137	138	139	140	141	144	145	146	147	148	149	152	153	154	155	156
81	23	131	132	133	134	138	139	140	141	142	143	146	147	148	149	150	151	156	157	158	159	166	167	241
82	14	132	133	134	135	140	141	142	143	149	150	151	157	158	159
83	11	133	134	135	141	142	143	149	150	151	158	159
84	9	136	137	144	145	146	152	153	160	161
85	16	130	136	137	138	144	145	146	152	153	154	155	160	161	162	163	177
86	22	128	138	139	144	145	146	147	148	149	152	153	154	155	156	157	160	161	162	163	164	169	170
87	23	139	141	142	146	147	148	149	150	151	154	155	156	157	158	159	163	164	165	166	167	173	174	249
88	14	141	142	148	149	150	151	157	158	159	164	165	166	167	174
89	11	142	143	149	150	151	157	158	159	165	166	167
90	10	152	153	154	160	161	168	169	170	176	177
91	16	145	146	152	153	154	160	161	162	163	168	169	170	171	176	177	178
92	22	120	145	152	153	154	155	156	160	161	162	163	164	165	168	169	170	171	172	173	177	178	179
93	21	149	150	155	156	157	158	162	163	164	165	166	167	170	171	172	173	174	175	180	181	182
94	16	149	150	151	157	158	159	164	165	166	167	173	174	175	181	182	183
95	11	157	158	159	165	166	167	173	174	175	182	183
96	10	160	161	168	169	170	176	177	178	184	185
97	16	160	161	162	168	169	170	171	176	177	178	179	184	185	186	192	193
98	24	152	160	161	162	163	168	169	170	171	172	173	176	177	178	179	180	181	184	185	186	187	188	192	193
99	21	158	164	165	166	171	172	173	174	175	178	179	180	181	182	183	187	188	189	190	191	198
100	17	164	165	166	167	172	173	174	175	180	181	182	183	188	189	190	191	199
101	10	166	167	173	174	175	181	182	183	190	191
102	12	168	169	170	176	177	178	184	185	186	192	193	200
103	17	168	169	170	176	177	178	179	184	185	186	187	192	193	194	195	201	202
104	21	169	170	171	176	177	178	179	180	184	185	186	187	188	189	192	193	194	195	196	200	201
105	23	167	172	173	174	178	179	180	181	182	183	187	188	189	190	191	195	196	197	198	199	205	206	207
106	17	173	174	175	180	181	182	183	188	189	190	191	196	197	198	199	205	206
107	10	174	175	181	182	183	190	191	197	198	199
108	8	184	185	192	193	200	201	208	209
109	9	184	185	186	192	193	194	200	201	202
110	18	176	178	184	185	186	187	192	193	194	195	200	201	202	203	208	209	210	216
111	20	176	184	185	186	187	188	192	193	194	195	196	197	200	201	202	203	204	205	209	210
112	17	187	188	189	190	194	195	196	197	198	199	203	204	205	206	207	213	215
113	13	183	188	189	190	191	196	197	198	199	204	205	206	207
114	10	189	190	191	197	198	199	205	206	207	214
115	8	190	191	197	198	199	206	207	214
116	7	185	192	193	200	201	208	209
117	12	192	193	194	200	201	202	208	209	210	216	217	218
118	15	192	193	194	195	200	201	202	203	208	209	210	211	216	217	218
119	18	186	192	193	194	195	196	200	201	202	203	204	205	209	210	211	212	217	218
120	18	191	195	196	197	198	199	202	203	204	205	206	207	211	212	213	214	222	231
121	14	190	196	197	198	199	204	205	206	207	212	213	214	215	222
122	10	190	197	198	199	205	206	207	213	214	215
123	9	198	199	205	206	207	214	215	222	229
124	7	200	201	202	208	209	216	217
125	9	200	201	202	208	209	210	216	217	218
126	15	194	200	201	202	203	208	209	210	211	216	217	218	219	224	226
127	18	193	194	201	202	203	204	208	209	210	211	212	217	218	219	220	221	225	226
128	19	191	198	199	203	204	205	206	207	210	211	212	213	214	215	218	219	220	221	222
129	14	199	204	205	206	207	212	213	214	215	220	221	222	229	230
130	9	205	206	207	213	214	215	221	222	223
131	8	206	207	213	214	215	222	223	230
132	8	200	201	208	209	216	217	224	225
133	10	208	209	210	216	217	218	224	225	226	233
134	14	201	208	209	210	211	216	217	218	219	224	225	226	227	234
135	21	202	203	208	209	210	211	212	213	216	217	218	219	220	221	224	225	226	227	228	229	232
136	19	205	206	207	211	212	213	214	215	218	219	220	221	222	223	227	228	229	230	238
137	17	206	207	212	213	214	215	220	221	222	223	227	228	229	230	231	236	237
138	9	213	214	215	221	222	223	229	230	231
139	9	214	215	221	222	223	230	231	238	239
140	10	216	217	218	224	225	226	229	232	233	240
141	12	216	217	218	224	225	226	232	233	234	240	241	248
142	13	216	217	218	219	224	225	226	227	232	233	234	235	241
143	18	208	216	217	218	219	220	225	226	227	228	229	232	233	234	235	236	241	242
144	17	219	220	221	222	227	228	229	230	231	234	235	236	237	238	239	245	246
145	16	214	215	220	221	222	223	228	229	230	231	236	237	238	239	245	246
146	12	221	222	223	229	230	231	237	238	239	245	246	247
147	8	215	222	223	229	230	231	238	239
148	7	224	225	232	233	240	241	248
149	11	217	224	225	226	232	233	234	240	241	242	249
150	11	224	225	226	232	233	234	235	240	241	242	249
151	23	217	218	224	225	226	227	228	229	232	233	234	235	236	237	240	241	242	243	244	248	249	250	251
152	18	227	228	229	230	231	234	235	236	237	238	239	242	243	244	245	246	254	255
153	13	222	229	230	231	236	237	238	239	244	245	246	247	253
154	13	29	222	229	230	231	237	238	239	245	246	247	254	255
155	7	230	231	237	238	239	246	247
156	7	232	233	240	241	248	249	250
157	10	225	232	233	234	240	241	242	248	249	250
158	13	224	232	233	234	235	240	241	242	243	248	249	250	251
159	17	224	225	226	233	234	235	236	240	241	242	243	244	245	249	250	251	252
160	15	235	236	237	238	242	243	244	245	246	247	251	252	253	254	255
161	13	229	230	236	237	238	239	244	245	246	247	252	253	254
162	11	230	231	237	238	239	245	246	247	253	254	255
163	6	238	239	246	247	254	255
164	5	232	240	241	248	249
165	6	240	241	242	248	249	250
166	10	232	233	240	241	242	243	248	249	250	251
167	10	241	242	243	244	248	249	250	251	252	253
168	12	218	237	238	243	244	245	246	251	252	253	254	255
169	8	244	245	246	247	252	253	254	255
170	8	237	238	245	246	247	253	254	255
171	5	246	247	253	254	255
