0 0 0  0 0 0      -0.09033    -0.17497    0.00     0.00180     0.00000    0.00000    0
0 0 0  1 0 0      -0.16188    -0.17947    0.00     0.00180     0.00000    0.00000    0
0 0 0  0 0 2      -0.13322    -0.11107   -0.00     0.00180     0.00000    0.00000    0
0 0 0  1 0 2      -0.17705    -0.10402   -0.00     0.00180     0.00000    0.00000    0
0 0 0  0 1 0      -0.14996     0.00007   -0.00     0.00180     0.00000    0.00000    0
0 0 0  1 1 0      -0.14999     0.00507   -0.00     0.00180     0.00000    0.00000    0
0 0 0  0 1 2      -0.14996     0.00007   -0.00     0.00180     0.00000    0.00000    0
0 0 0  1 1 2      -0.14999     0.00507   -0.00     0.00180     0.00000    0.00000    0
0 0 0  0 2 0      -0.28463     0.20197   -0.00     0.00180     0.00000    0.00000    0
0 0 0  1 2 0      -0.19714     0.24313   -0.00     0.00180     0.00000    0.00000    0
0 0 0  0 2 2      -0.15867     0.02037   -0.00     0.00180     0.00000    0.00000    0
0 0 0  1 2 2      -0.15026     0.02716   -0.00     0.00180     0.00000    0.00000    0
0 0 1  0 0 0      -0.27038     0.06679   -0.00     0.00340     0.00000    0.00000    0
0 0 1  1 0 0      -0.24170     0.06538   -0.00     0.00340     0.00000    0.00000    0
0 0 1  0 0 2      -0.28523     0.02621   -0.00     0.00340     0.00000    0.00000    0
0 0 1  1 0 2      -0.27095     0.03358   -0.00     0.00340     0.00000    0.00000    0
0 0 1  0 1 0      -0.28352    -0.01071   -0.00     0.00340     0.00000    0.00000    0
0 0 1  1 1 0      -0.28349    -0.00119   -0.00     0.00340     0.00000    0.00000    0
0 0 1  0 1 2      -0.28352    -0.01071   -0.00     0.00340     0.00000    0.00000    0
0 0 1  1 1 2      -0.28350    -0.00119   -0.00     0.00340     0.00000    0.00000    0
0 0 1  0 2 0      -0.33808     0.02551   -0.00     0.00340     0.00000    0.00000    0
0 0 1  1 2 0      -0.32005     0.05315   -0.00     0.00340     0.00000    0.00000    0
0 0 1  0 2 2      -0.30138     0.01620   -0.00     0.00340     0.00000    0.00000    0
0 0 1  1 2 2      -0.28970     0.03051   -0.00     0.00340     0.00000    0.00000    0
0 0 2  0 0 0       0.28653    -0.04441   -0.00    -0.00350     0.00000    0.00000    0
0 0 2  1 0 0       0.26975    -0.04876   -0.00    -0.00350     0.00000    0.00000    0
0 0 2  0 0 2       0.28169     0.02361   -0.00    -0.00350     0.00000    0.00000    0
0 0 2  1 0 2       0.29131     0.01593   -0.00    -0.00350     0.00000    0.00000    0
0 0 2  0 1 0       0.29179     0.00055   -0.00    -0.00350     0.00000    0.00000    0
0 0 2  1 1 0       0.29182    -0.00924   -0.00    -0.00350     0.00000    0.00000    0
0 0 2  0 1 2       0.29179     0.00055   -0.00    -0.00350     0.00000    0.00000    0
0 0 2  1 1 2       0.29182    -0.00924   -0.00    -0.00350     0.00000    0.00000    0
0 0 2  0 2 0       0.22255     0.18233   -0.00    -0.00350     0.00000    0.00000    0
0 0 2  1 2 0       0.29741     0.18520   -0.00    -0.00350     0.00000    0.00000    0
0 0 2  0 2 2       0.28660     0.05981   -0.00    -0.00350     0.00000    0.00000    0
0 0 2  1 2 2       0.30970     0.04750   -0.00    -0.00350     0.00000    0.00000    0
0 0 3  0 0 0       0.20743    -0.09346   -0.00    -0.00240     0.00000    0.00000    0
0 0 3  1 0 0       0.16800    -0.09524   -0.00    -0.00240     0.00000    0.00000    0
0 0 3  0 0 2       0.21083    -0.03323   -0.00    -0.00240     0.00000    0.00000    0
0 0 3  1 0 2       0.19418    -0.04090   -0.00    -0.00240     0.00000    0.00000    0
0 0 3  0 1 0       0.19990     0.00801   -0.00    -0.00240     0.00000    0.00000    0
0 0 3  1 1 0       0.19987     0.00138   -0.00    -0.00240     0.00000    0.00000    0
0 0 3  0 1 2       0.19990     0.00800   -0.00    -0.00240     0.00000    0.00000    0
0 0 3  1 1 2       0.19987     0.00137   -0.00    -0.00240     0.00000    0.00000    0
0 0 3  0 2 0       0.14314     0.15484   -0.00    -0.00240     0.00000    0.00000    0
0 0 3  1 2 0       0.20361     0.15875   -0.00    -0.00240     0.00000    0.00000    0
0 0 3  0 2 2       0.20333    -0.00083   -0.00    -0.00240     0.00000    0.00000    0
0 0 3  1 2 2       0.19966    -0.00810   -0.00    -0.00240     0.00000    0.00000    0
0 0 4  0 0 0       0.11081    -0.08817   -0.00    -0.00170     0.00000    0.00000    0
0 0 4  1 0 0       0.07938    -0.07437   -0.00    -0.00170     0.00000    0.00000    0
0 0 4  0 0 2       0.16038    -0.03674   -0.00    -0.00170     0.00000    0.00000    0
0 0 4  1 0 2       0.14486    -0.04583   -0.00    -0.00170     0.00000    0.00000    0
0 0 4  0 1 0       0.14157     0.00016   -0.00    -0.00170     0.00000    0.00000    0
0 0 4  1 1 0       0.14160    -0.00453   -0.00    -0.00170     0.00000    0.00000    0
0 0 4  0 1 2       0.14157     0.00016   -0.00    -0.00170     0.00000    0.00000    0
0 0 4  1 1 2       0.14160    -0.00453   -0.00    -0.00170     0.00000    0.00000    0
0 0 4  0 2 0       0.18414    -0.03076   -0.00    -0.00170     0.00000    0.00000    0
0 0 4  1 2 0       0.16909    -0.04939   -0.00    -0.00170     0.00000    0.00000    0
0 0 4  0 2 2       0.14825     0.04311   -0.00    -0.00170     0.00000    0.00000    0
0 0 4  1 2 2       0.16421     0.03258   -0.00    -0.00170     0.00000    0.00000    0
0 0 5  0 0 0       0.11621     0.25096    0.00    -0.00140     0.00000    0.00000    0
0 0 5  1 0 0       0.21050     0.22849    0.00    -0.00140     0.00000    0.00000    0
0 0 5  0 0 2       0.13426    -0.02385   -0.00    -0.00140     0.00000    0.00000    0
0 0 5  1 0 2       0.12200    -0.03230   -0.00    -0.00140     0.00000    0.00000    0
0 0 5  0 1 0       0.11657     0.00467    0.00    -0.00140     0.00000    0.00000    0
0 0 5  1 1 0       0.11658     0.00082    0.00    -0.00140     0.00000    0.00000    0
0 0 5  0 1 2       0.11657     0.00467    0.00    -0.00140     0.00000    0.00000    0
0 0 5  1 1 2       0.11658     0.00082    0.00    -0.00140     0.00000    0.00000    0
0 0 5  0 2 0       0.20499    -0.28472   -0.00    -0.00140     0.00000    0.00000    0
0 0 5  1 2 0       0.08752    -0.30039   -0.00    -0.00140     0.00000    0.00000    0
0 0 5  0 2 2       0.12251    -0.01674   -0.00    -0.00140     0.00000    0.00000    0
0 0 5  1 2 2       0.11386    -0.02124   -0.00    -0.00140     0.00000    0.00000    0
0 0 6  0 0 0      -0.28711     0.12275    0.00     0.00290     0.00000    0.00000    0
0 0 6  1 0 0      -0.23680     0.13889    0.00     0.00290     0.00000    0.00000    0
0 0 6  0 0 2      -0.23894     0.04768    0.00     0.00290     0.00000    0.00000    0
0 0 6  1 0 2      -0.22103     0.05110    0.00     0.00290     0.00000    0.00000    0
0 0 6  0 1 0      -0.24162     0.00023    0.00     0.00290     0.00000    0.00000    0
0 0 6  1 1 0      -0.24166     0.00829    0.00     0.00290     0.00000    0.00000    0
0 0 6  0 1 2      -0.24161     0.00024    0.00     0.00290     0.00000    0.00000    0
0 0 6  1 1 2      -0.24165     0.00829    0.00     0.00290     0.00000    0.00000    0
0 0 6  0 2 0      -0.27537     0.09161    0.00     0.00290     0.00000    0.00000    0
0 0 6  1 2 0      -0.23787     0.10563    0.00     0.00290     0.00000    0.00000    0
0 0 6  0 2 2      -0.26707    -0.01643    0.00     0.00290     0.00000    0.00000    0
0 0 6  1 2 2      -0.27155     0.00263    0.00     0.00290     0.00000    0.00000    0
0 0 7  0 0 0      -0.16325     0.02558   -0.00     0.00200     0.00000    0.00000    0
0 0 7  1 0 0      -0.15126     0.02740   -0.00     0.00200     0.00000    0.00000    0
0 0 7  0 0 2      -0.13819    -0.06507   -0.00     0.00200     0.00000    0.00000    0
0 0 7  1 0 2      -0.16280    -0.06594   -0.00     0.00200     0.00000    0.00000    0
0 0 7  0 1 0      -0.16662    -0.00636   -0.00     0.00200     0.00000    0.00000    0
0 0 7  1 1 0      -0.16660    -0.00082   -0.00     0.00200     0.00000    0.00000    0
0 0 7  0 1 2      -0.16662    -0.00636   -0.00     0.00200     0.00000    0.00000    0
0 0 7  1 1 2      -0.16660    -0.00082   -0.00     0.00200     0.00000    0.00000    0
0 0 7  0 2 0      -0.18682    -0.04048   -0.00     0.00200     0.00000    0.00000    0
0 0 7  1 2 0      -0.19832    -0.02462   -0.00     0.00200     0.00000    0.00000    0
0 0 7  0 2 2      -0.15259    -0.01994   -0.00     0.00200     0.00000    0.00000    0
0 0 7  1 2 2      -0.15884    -0.01874   -0.00     0.00200     0.00000    0.00000    0
0 1 0  0 0 0      -0.23927    -0.00347   -0.00     0.00180     0.00000    0.00000    0
0 1 0  1 0 0      -0.23898     0.00355   -0.00     0.00180     0.00000    0.00000    0
0 1 0  0 0 2      -0.23927    -0.00347   -0.00     0.00180     0.00000    0.00000    0
0 1 0  1 0 2      -0.23898     0.00355   -0.00     0.00180     0.00000    0.00000    0
0 1 0  0 1 0      -0.22044     0.00594   -0.00     0.00180     0.00000    0.00000    0
0 1 0  1 1 0      -0.21799     0.00504   -0.00     0.00180     0.00000    0.00000    0
0 1 0  0 1 2      -0.21350    -0.07424   -0.00     0.00180     0.00000    0.00000    0
0 1 0  1 1 2      -0.24226    -0.07169   -0.00     0.00180     0.00000    0.00000    0
0 1 0  0 2 0      -0.22695    -0.01597   -0.00     0.00180     0.00000    0.00000    0
0 1 0  1 2 0      -0.23239    -0.01271   -0.00     0.00180     0.00000    0.00000    0
0 1 0  0 2 2      -0.32733    -0.02099   -0.00     0.00180     0.00000    0.00000    0
0 1 0  1 2 2      -0.32704     0.02106   -0.00     0.00180     0.00000    0.00000    0
0 1 1  0 0 0      -0.46431    -0.01343   -0.00     0.00340     0.00000    0.00000    0
0 1 1  1 0 0      -0.46428     0.01161   -0.00     0.00340     0.00000    0.00000    0
0 1 1  0 0 2      -0.46431    -0.01343   -0.00     0.00340     0.00000    0.00000    0
0 1 1  1 0 2      -0.46428     0.01161   -0.00     0.00340     0.00000    0.00000    0
0 1 1  0 1 0      -0.45197    -0.05328   -0.00     0.00340     0.00000    0.00000    0
0 1 1  1 1 0      -0.46813    -0.02993   -0.00     0.00340     0.00000    0.00000    0
0 1 1  0 1 2      -0.45174    -0.02377   -0.00     0.00340     0.00000    0.00000    0
0 1 1  1 1 2      -0.45663    -0.00275   -0.00     0.00340     0.00000    0.00000    0
0 1 1  0 2 0      -0.46747    -0.01375   -0.00     0.00340     0.00000    0.00000    0
0 1 1  1 2 0      -0.46733     0.01253   -0.00     0.00340     0.00000    0.00000    0
0 1 1  0 2 2      -0.46237    -0.01305   -0.00     0.00340     0.00000    0.00000    0
0 1 1  1 2 2      -0.46234     0.01122   -0.00     0.00340     0.00000    0.00000    0
0 1 2  0 0 0       0.46494     0.01019   -0.00    -0.00350     0.00000    0.00000    0
0 1 2  1 0 0       0.46529    -0.00352   -0.00    -0.00350     0.00000    0.00000    0
0 1 2  0 0 2       0.46494     0.01019   -0.00    -0.00350     0.00000    0.00000    0
0 1 2  1 0 2       0.46528    -0.00352   -0.00    -0.00350     0.00000    0.00000    0
0 1 2  0 1 0       0.47473     0.01762   -0.00    -0.00350     0.00000    0.00000    0
0 1 2  1 1 0       0.47717    -0.00041   -0.00    -0.00350     0.00000    0.00000    0
0 1 2  0 1 2       0.45321    -0.03547   -0.00    -0.00350     0.00000    0.00000    0
0 1 2  1 1 2       0.43698    -0.04122   -0.00    -0.00350     0.00000    0.00000    0
0 1 2  0 2 0       0.43007     0.01025   -0.00    -0.00350     0.00000    0.00000    0
0 1 2  1 2 0       0.43309     0.00988   -0.00    -0.00350     0.00000    0.00000    0
0 1 2  0 2 2       0.45190     0.00759   -0.00    -0.00350     0.00000    0.00000    0
0 1 2  1 2 2       0.45224    -0.00093   -0.00    -0.00350     0.00000    0.00000    0
0 1 3  0 0 0       0.32828     0.01153   -0.00    -0.00240     0.00000    0.00000    0
0 1 3  1 0 0       0.32868    -0.00644   -0.00    -0.00240     0.00000    0.00000    0
0 1 3  0 0 2       0.32827     0.01153   -0.00    -0.00240     0.00000    0.00000    0
0 1 3  1 0 2       0.32868    -0.00644   -0.00    -0.00240     0.00000    0.00000    0
0 1 3  0 1 0       0.31961     0.02149   -0.00    -0.00240     0.00000    0.00000    0
0 1 3  1 1 0       0.32449     0.00607   -0.00    -0.00240     0.00000    0.00000    0
0 1 3  0 1 2       0.33803    -0.05243   -0.00    -0.00240     0.00000    0.00000    0
0 1 3  1 1 2       0.31322    -0.06927   -0.00    -0.00240     0.00000    0.00000    0
0 1 3  0 2 0       0.31835     0.01655   -0.00    -0.00240     0.00000    0.00000    0
0 1 3  1 2 0       0.32144     0.00199   -0.00    -0.00240     0.00000    0.00000    0
0 1 3  0 2 2       0.32985     0.01184   -0.00    -0.00240     0.00000    0.00000    0
0 1 3  1 2 2       0.33026    -0.00676   -0.00    -0.00240     0.00000    0.00000    0
0 1 4  0 0 0       0.22630     0.00509   -0.00    -0.00170     0.00000    0.00000    0
0 1 4  1 0 0       0.22656    -0.00178   -0.00    -0.00170     0.00000    0.00000    0
0 1 4  0 0 2       0.22630     0.00509   -0.00    -0.00170     0.00000    0.00000    0
0 1 4  1 0 2       0.22656    -0.00178   -0.00    -0.00170     0.00000    0.00000    0
0 1 4  0 1 0       0.23443     0.04602   -0.00    -0.00170     0.00000    0.00000    0
0 1 4  1 1 0       0.24973     0.03292   -0.00    -0.00170     0.00000    0.00000    0
0 1 4  0 1 2       0.17753    -0.08216   -0.00    -0.00170     0.00000    0.00000    0
0 1 4  1 1 2       0.14811    -0.06372   -0.00    -0.00170     0.00000    0.00000    0
0 1 4  0 2 0       0.18621     0.01395   -0.00    -0.00170     0.00000    0.00000    0
0 1 4  1 2 0       0.19291     0.02176   -0.00    -0.00170     0.00000    0.00000    0
0 1 4  0 2 2       0.26301     0.01239   -0.00    -0.00170     0.00000    0.00000    0
0 1 4  1 2 2       0.26327    -0.00908   -0.00    -0.00170     0.00000    0.00000    0
0 1 5  0 0 0       0.19217     0.00634    0.00    -0.00140     0.00000    0.00000    0
0 1 5  1 0 0       0.19224    -0.00438    0.00    -0.00140     0.00000    0.00000    0
0 1 5  0 0 2       0.19217     0.00634    0.00    -0.00140     0.00000    0.00000    0
0 1 5  1 0 2       0.19224    -0.00438    0.00    -0.00140     0.00000    0.00000    0
0 1 5  0 1 0       0.19123     0.05491    0.00    -0.00140     0.00000    0.00000    0
0 1 5  1 1 0       0.20996     0.04086    0.00    -0.00140     0.00000    0.00000    0
0 1 5  0 1 2       0.18431     0.09168    0.00    -0.00140     0.00000    0.00000    0
0 1 5  1 1 2       0.21764     0.07747    0.00    -0.00140     0.00000    0.00000    0
0 1 5  0 2 0       0.19034     0.05526    0.00    -0.00140     0.00000    0.00000    0
0 1 5  1 2 0       0.20927     0.04151    0.00    -0.00140     0.00000    0.00000    0
0 1 5  0 2 2       0.17387     0.00271    0.00    -0.00140     0.00000    0.00000    0
0 1 5  1 2 2       0.17394    -0.00073    0.00    -0.00140     0.00000    0.00000    0
0 1 6  0 0 0      -0.38655    -0.00636    0.00     0.00290     0.00000    0.00000    0
0 1 6  1 0 0      -0.38637     0.00544    0.00     0.00290     0.00000    0.00000    0
0 1 6  0 0 2      -0.38655    -0.00635    0.00     0.00290     0.00000    0.00000    0
0 1 6  1 0 2      -0.38637     0.00544    0.00     0.00290     0.00000    0.00000    0
0 1 6  0 1 0      -0.38849    -0.03120    0.00     0.00290     0.00000    0.00000    0
0 1 6  1 1 0      -0.39767    -0.01677    0.00     0.00290     0.00000    0.00000    0
0 1 6  0 1 2      -0.37202    -0.06342    0.00     0.00290     0.00000    0.00000    0
0 1 6  1 1 2      -0.39479    -0.05284    0.00     0.00290     0.00000    0.00000    0
0 1 6  0 2 0      -0.38378    -0.03495    0.00     0.00290     0.00000    0.00000    0
0 1 6  1 2 0      -0.39475    -0.02204    0.00     0.00290     0.00000    0.00000    0
0 1 6  0 2 2      -0.39619    -0.00827    0.00     0.00290     0.00000    0.00000    0
0 1 6  1 2 2      -0.39601     0.00736    0.00     0.00290     0.00000    0.00000    0
0 1 7  0 0 0      -0.27429    -0.00740    0.00     0.00200     0.00000    0.00000    0
0 1 7  1 0 0      -0.27393     0.00772    0.00     0.00200     0.00000    0.00000    0
0 1 7  0 0 2      -0.27428    -0.00740    0.00     0.00200     0.00000    0.00000    0
0 1 7  1 0 2      -0.27392     0.00772    0.00     0.00200     0.00000    0.00000    0
0 1 7  0 1 0      -0.27412     0.00399    0.00     0.00200     0.00000    0.00000    0
0 1 7  1 1 0      -0.26941     0.01819    0.00     0.00200     0.00000    0.00000    0
0 1 7  0 1 2      -0.26770     0.02964    0.00     0.00200     0.00000    0.00000    0
0 1 7  1 1 2      -0.25367     0.03943    0.00     0.00200     0.00000    0.00000    0
0 1 7  0 2 0      -0.27985    -0.00196    0.00     0.00200     0.00000    0.00000    0
0 1 7  1 2 0      -0.27698     0.01488    0.00     0.00200     0.00000    0.00000    0
0 1 7  0 2 2      -0.21569     0.00426    0.00     0.00200     0.00000    0.00000    0
0 1 7  1 2 2      -0.21533    -0.00393    0.00     0.00200     0.00000    0.00000    0
0 2 0  0 0 0      -0.28815    -0.23490    0.00     0.00180     0.00000    0.00000    0
0 2 0  1 0 0      -0.38225    -0.23804    0.00     0.00180     0.00000    0.00000    0
0 2 0  0 0 2      -0.40558     2.14497   -0.00     0.00180     0.00000    0.00000    0
0 2 0  1 0 2       0.42126     2.00516   -0.00     0.00180     0.00000    0.00000    0
0 2 0  0 1 0      -0.81362    -2.61855    0.00     0.00180     0.00000    0.00000    0
0 2 0  1 1 0      -1.78103    -2.23837    0.00     0.00180     0.00000    0.00000    0
0 2 0  0 1 2      -0.26491    -0.19701    0.00     0.00180     0.00000    0.00000    0
0 2 0  1 1 2      -0.34626    -0.21195    0.00     0.00180     0.00000    0.00000    0
0 2 1  0 0 0      -0.85338    -0.44462    0.00     0.00340     0.00000    0.00000    0
0 2 1  1 0 0      -1.00824    -0.33249    0.00     0.00340     0.00000    0.00000    0
0 2 1  0 0 2      -0.80330    -0.10408    0.00     0.00340     0.00000    0.00000    0
0 2 1  1 0 2      -0.83150    -0.03714    0.00     0.00340     0.00000    0.00000    0
0 2 1  0 1 0      -0.70830    -0.22219    0.00     0.00340     0.00000    0.00000    0
0 2 1  1 1 0      -0.78901    -0.18264    0.00     0.00340     0.00000    0.00000    0
0 2 1  0 1 2      -0.88375     0.33309    0.00     0.00340     0.00000    0.00000    0
0 2 1  1 1 2      -0.73829     0.39750    0.00     0.00340     0.00000    0.00000    0
0 2 2  0 0 0       0.33777     0.44840    0.00    -0.00350     0.00000    0.00000    0
0 2 2  1 0 0       0.53360     0.54178    0.00    -0.00350     0.00000    0.00000    0
0 2 2  0 0 2       0.37447     0.54819    0.00    -0.00350     0.00000    0.00000    0
0 2 2  1 0 2       0.60565     0.61996    0.00    -0.00350     0.00000    0.00000    0
0 2 2  0 1 0       0.41834     0.57163    0.00    -0.00350     0.00000    0.00000    0
0 2 2  1 1 0       0.65515     0.62485    0.00    -0.00350     0.00000    0.00000    0
0 2 2  0 1 2       0.27192     0.83920    0.00    -0.00350     0.00000    0.00000    0
0 2 2  1 1 2       0.62214     0.92807    0.00    -0.00350     0.00000    0.00000    0
0 2 3  0 0 0       0.03873     0.52478   -0.00    -0.00240     0.00000    0.00000    0
0 2 3  1 0 0       0.27106     0.64586    0.00    -0.00240     0.00000    0.00000    0
0 2 3  0 0 2       0.01277     0.96345   -0.00    -0.00240     0.00000    0.00000    0
0 2 3  1 0 2       0.41493     1.06108    0.00    -0.00240     0.00000    0.00000    0
0 2 3  0 1 0      -0.03869     0.70739   -0.00    -0.00240     0.00000    0.00000    0
0 2 3  1 1 0       0.26940     0.84420    0.00    -0.00240     0.00000    0.00000    0
0 2 3  0 1 2       0.02585     0.88709   -0.00    -0.00240     0.00000    0.00000    0
0 2 3  1 1 2       0.39779     0.98552    0.00    -0.00240     0.00000    0.00000    0
0 2 4  0 0 0       0.08800     0.71681   -0.00    -0.00170     0.00000    0.00000    0
0 2 4  1 0 0       0.38065     0.75268    0.00    -0.00170     0.00000    0.00000    0
0 2 4  0 0 2       0.13088     0.76326   -0.00    -0.00170     0.00000    0.00000    0
0 2 4  1 0 2       0.43806     0.77913    0.00    -0.00170     0.00000    0.00000    0
0 2 4  0 1 0       0.08681     0.76272   -0.00    -0.00170     0.00000    0.00000    0
0 2 4  1 1 0       0.39716     0.79554    0.00    -0.00170     0.00000    0.00000    0
0 2 4  0 1 2       0.13899     0.72115   -0.00    -0.00170     0.00000    0.00000    0
0 2 4  1 1 2       0.42940     0.73714    0.00    -0.00170     0.00000    0.00000    0
0 2 5  0 0 0       0.45112     0.47409    0.00    -0.00140     0.00000    0.00000    0
0 2 5  1 0 0       0.61839     0.36756    0.00    -0.00140     0.00000    0.00000    0
0 2 5  0 0 2       0.35229     0.63663    0.00    -0.00140     0.00000    0.00000    0
0 2 5  1 0 2       0.58933     0.55555    0.00    -0.00140     0.00000    0.00000    0
0 2 5  0 1 0       0.65098     0.14917    0.00    -0.00140     0.00000    0.00000    0
0 2 5  1 1 0       0.67862    -0.00913   -0.00    -0.00140     0.00000    0.00000    0
0 2 5  0 1 2       0.43496     0.22877    0.00    -0.00140     0.00000    0.00000    0
0 2 5  1 1 2       0.50954     0.14711    0.00    -0.00140     0.00000    0.00000    0
0 2 6  0 0 0      -0.46742     0.64398    0.00     0.00290     0.00000    0.00000    0
0 2 6  1 0 0      -0.22752     0.56163    0.00     0.00290     0.00000    0.00000    0
0 2 6  0 0 2      -0.52185     0.91540    0.00     0.00290     0.00000    0.00000    0
0 2 6  1 0 2      -0.17393     0.83322    0.00     0.00290     0.00000    0.00000    0
0 2 6  0 1 0      -0.50126     0.40740    0.00     0.00290     0.00000    0.00000    0
0 2 6  1 1 0      -0.34932     0.35602    0.00     0.00290     0.00000    0.00000    0
0 2 6  0 1 2      -0.47930     0.69497    0.00     0.00290     0.00000    0.00000    0
0 2 6  1 1 2      -0.21898     0.61329    0.00     0.00290     0.00000    0.00000    0
0 2 7  0 0 0      -0.45271     0.22499   -0.00     0.00200     0.00000    0.00000    0
0 2 7  1 0 0      -0.36114     0.23482    0.00     0.00200     0.00000    0.00000    0
0 2 7  0 0 2      -0.41572     0.27089   -0.00     0.00200     0.00000    0.00000    0
0 2 7  1 0 2      -0.30939     0.26306    0.00     0.00200     0.00000    0.00000    0
0 2 7  0 1 0      -0.49502     0.20988   -0.00     0.00200     0.00000    0.00000    0
0 2 7  1 1 0      -0.40601     0.23706    0.00     0.00200     0.00000    0.00000    0
0 2 7  0 1 2      -0.49611     0.44383   -0.00     0.00200     0.00000    0.00000    0
0 2 7  1 1 2      -0.31742     0.45360    0.00     0.00200     0.00000    0.00000    0
1 0 0  0 0 0       0.22238     0.16856   -0.00    -0.00140     0.00000    0.00000    0
1 0 0  1 0 0       0.14837     0.19978   -0.00    -0.00140     0.00000    0.00000    0
1 0 0  0 0 2       0.14329     0.09989   -0.00    -0.00140     0.00000    0.00000    0
1 0 0  1 0 2       0.10157     0.10608   -0.00    -0.00140     0.00000    0.00000    0
1 0 0  0 1 0       0.11637    -0.00407   -0.00    -0.00140     0.00000    0.00000    0
1 0 0  1 1 0       0.11649    -0.00028   -0.00    -0.00140     0.00000    0.00000    0
1 0 0  0 1 2       0.11637    -0.00408   -0.00    -0.00140     0.00000    0.00000    0
1 0 0  1 1 2       0.11649    -0.00028   -0.00    -0.00140     0.00000    0.00000    0
1 0 0  0 2 0       0.13090    -0.16311   -0.00    -0.00140     0.00000    0.00000    0
1 0 0  1 2 0       0.19077    -0.14165   -0.00    -0.00140     0.00000    0.00000    0
1 0 0  0 2 2       0.13276     0.05013   -0.00    -0.00140     0.00000    0.00000    0
1 0 0  1 2 2       0.11089     0.05607   -0.00    -0.00140     0.00000    0.00000    0
1 0 1  0 0 0       0.41037     0.09908    0.00    -0.00390     0.00000    0.00000    0
1 0 1  1 0 0       0.36543     0.13496    0.00    -0.00390     0.00000    0.00000    0
1 0 1  0 0 2       0.24760     0.04390    0.00    -0.00390     0.00000    0.00000    0
1 0 1  1 0 2       0.23616     0.02168    0.00    -0.00390     0.00000    0.00000    0
1 0 1  0 1 0       0.32495    -0.00262    0.00    -0.00390     0.00000    0.00000    0
1 0 1  1 1 0       0.32543     0.00831    0.00    -0.00390     0.00000    0.00000    0
1 0 1  0 1 2       0.32495    -0.00261    0.00    -0.00390     0.00000    0.00000    0
1 0 1  1 1 2       0.32542     0.00831    0.00    -0.00390     0.00000    0.00000    0
1 0 1  0 2 0       0.30369    -0.17375    0.00    -0.00390     0.00000    0.00000    0
1 0 1  1 2 0       0.37129    -0.15793    0.00    -0.00390     0.00000    0.00000    0
1 0 1  0 2 2       0.31051    -0.01272    0.00    -0.00390     0.00000    0.00000    0
1 0 1  1 2 2       0.31596    -0.00655    0.00    -0.00390     0.00000    0.00000    0
1 0 2  0 0 0       0.11837     0.07358   -0.00    -0.00100     0.00000    0.00000    0
1 0 2  1 0 0       0.08649     0.08395   -0.00    -0.00100     0.00000    0.00000    0
1 0 2  0 0 2      -0.01468     0.02334   -0.00    -0.00100     0.00000    0.00000    0
1 0 2  1 0 2      -0.01720    -0.01337   -0.00    -0.00100     0.00000    0.00000    0
1 0 2  0 1 0       0.08356    -0.00283   -0.00    -0.00100     0.00000    0.00000    0
1 0 2  1 1 0       0.08358     0.00004   -0.00    -0.00100     0.00000    0.00000    0
1 0 2  0 1 2       0.08356    -0.00284   -0.00    -0.00100     0.00000    0.00000    0
1 0 2  1 1 2       0.08358     0.00004   -0.00    -0.00100     0.00000    0.00000    0
1 0 2  0 2 0       0.08316    -0.19124   -0.00    -0.00100     0.00000    0.00000    0
1 0 2  1 2 0       0.15531    -0.17418   -0.00    -0.00100     0.00000    0.00000    0
1 0 2  0 2 2       0.07312     0.00360   -0.00    -0.00100     0.00000    0.00000    0
1 0 2  1 2 2       0.07147     0.00199   -0.00    -0.00100     0.00000    0.00000    0
1 0 3  0 0 0      -0.15270    -0.22892   -0.00     0.00100     0.00000    0.00000    0
1 0 3  1 0 0      -0.05960    -0.24078   -0.00     0.00100     0.00000    0.00000    0
1 0 3  0 0 2      -0.17470    -0.08982   -0.00     0.00100     0.00000    0.00000    0
1 0 3  1 0 2      -0.13317    -0.12069   -0.00     0.00100     0.00000    0.00000    0
1 0 3  0 1 0      -0.08359     0.00054   -0.00     0.00100     0.00000    0.00000    0
1 0 3  1 1 0      -0.08357    -0.00234   -0.00     0.00100     0.00000    0.00000    0
1 0 3  0 1 2      -0.08359     0.00054   -0.00     0.00100     0.00000    0.00000    0
1 0 3  1 1 2      -0.08357    -0.00234   -0.00     0.00100     0.00000    0.00000    0
1 0 3  0 2 0      -0.10038     0.04304   -0.00     0.00100     0.00000    0.00000    0
1 0 3  1 2 0      -0.11535     0.03050   -0.00     0.00100     0.00000    0.00000    0
1 0 3  0 2 2      -0.10487    -0.01495   -0.00     0.00100     0.00000    0.00000    0
1 0 3  1 2 2      -0.09730    -0.02480   -0.00     0.00100     0.00000    0.00000    0
1 0 4  0 0 0       0.16577    -0.03127   -0.00    -0.00140     0.00000    0.00000    0
1 0 4  1 0 0       0.17254    -0.00649   -0.00    -0.00140     0.00000    0.00000    0
1 0 4  0 0 2       0.12662    -0.06448   -0.00    -0.00140     0.00000    0.00000    0
1 0 4  1 0 2       0.14908    -0.05216   -0.00    -0.00140     0.00000    0.00000    0
1 0 4  0 1 0       0.11682    -0.00331   -0.00    -0.00140     0.00000    0.00000    0
1 0 4  1 1 0       0.11661     0.00060   -0.00    -0.00140     0.00000    0.00000    0
1 0 4  0 1 2       0.11682    -0.00332   -0.00    -0.00140     0.00000    0.00000    0
1 0 4  1 1 2       0.11661     0.00060   -0.00    -0.00140     0.00000    0.00000    0
1 0 4  0 2 0       0.09433    -0.05746   -0.00    -0.00140     0.00000    0.00000    0
1 0 4  1 2 0       0.11656    -0.05803   -0.00    -0.00140     0.00000    0.00000    0
1 0 4  0 2 2       0.11041    -0.00638   -0.00    -0.00140     0.00000    0.00000    0
1 0 4  1 2 2       0.11187    -0.00468   -0.00    -0.00140     0.00000    0.00000    0
1 0 5  0 0 0       0.29157     0.17245    0.00    -0.00290     0.00000    0.00000    0
1 0 5  1 0 0       0.22134     0.18640    0.00    -0.00290     0.00000    0.00000    0
1 0 5  0 0 2       0.31266    -0.04742    0.00    -0.00290     0.00000    0.00000    0
1 0 5  1 0 2       0.32497    -0.00866    0.00    -0.00290     0.00000    0.00000    0
1 0 5  0 1 0       0.24121    -0.00053    0.00    -0.00290     0.00000    0.00000    0
1 0 5  1 1 0       0.24102     0.00732    0.00    -0.00290     0.00000    0.00000    0
1 0 5  0 1 2       0.24121    -0.00052    0.00    -0.00290     0.00000    0.00000    0
1 0 5  1 1 2       0.24102     0.00732    0.00    -0.00290     0.00000    0.00000    0
1 0 5  0 2 0       0.24904    -0.28207    0.00    -0.00290     0.00000    0.00000    0
1 0 5  1 2 0       0.35600    -0.24979    0.00    -0.00290     0.00000    0.00000    0
1 0 5  0 2 2       0.23408     0.00736    0.00    -0.00290     0.00000    0.00000    0
1 0 5  1 2 2       0.23141     0.01188    0.00    -0.00290     0.00000    0.00000    0
1 0 6  0 0 0      -0.10466    -0.10453    0.00     0.00020     0.00000    0.00000    0
1 0 6  1 0 0      -0.05775    -0.13076    0.00     0.00020     0.00000    0.00000    0
1 0 6  0 0 2       0.09049     0.03031   -0.00     0.00020     0.00000    0.00000    0
1 0 6  1 0 2       0.07095     0.06849   -0.00     0.00020     0.00000    0.00000    0
1 0 6  0 1 0      -0.01660     0.00050    0.00     0.00020     0.00000    0.00000    0
1 0 6  1 1 0      -0.01658    -0.00002    0.00     0.00020     0.00000    0.00000    0
1 0 6  0 1 2      -0.01660     0.00050    0.00     0.00020     0.00000    0.00000    0
1 0 6  1 1 2      -0.01658    -0.00002    0.00     0.00020     0.00000    0.00000    0
1 0 6  0 2 0      -0.05860    -0.04862    0.00     0.00020     0.00000    0.00000    0
1 0 6  1 2 0      -0.03659    -0.06148    0.00     0.00020     0.00000    0.00000    0
1 0 6  0 2 2      -0.00067     0.04282    0.00     0.00020     0.00000    0.00000    0
1 0 6  1 2 2      -0.01807     0.04517    0.00     0.00020     0.00000    0.00000    0
1 0 7  0 0 0       0.15059    -0.02492    0.00    -0.00190     0.00000    0.00000    0
1 0 7  1 0 0       0.16041    -0.02076    0.00    -0.00190     0.00000    0.00000    0
1 0 7  0 0 2       0.21806     0.04391    0.00    -0.00190     0.00000    0.00000    0
1 0 7  1 0 2       0.19640     0.06865    0.00    -0.00190     0.00000    0.00000    0
1 0 7  0 1 0       0.15751    -0.00103    0.00    -0.00190     0.00000    0.00000    0
1 0 7  1 1 0       0.15766     0.00396    0.00    -0.00190     0.00000    0.00000    0
1 0 7  0 1 2       0.15751    -0.00103    0.00    -0.00190     0.00000    0.00000    0
1 0 7  1 1 2       0.15765     0.00396    0.00    -0.00190     0.00000    0.00000    0
1 0 7  0 2 0       0.11015     0.14121    0.00    -0.00190     0.00000    0.00000    0
1 0 7  1 2 0       0.05947     0.11724    0.00    -0.00190     0.00000    0.00000    0
1 0 7  0 2 2       0.14446    -0.04651    0.00    -0.00190     0.00000    0.00000    0
1 0 7  1 2 2       0.16300    -0.04306    0.00    -0.00190     0.00000    0.00000    0
1 1 0  0 0 0       0.21309    -0.00300    0.00    -0.00140     0.00000    0.00000    0
1 1 0  1 0 0       0.21310     0.00186    0.00    -0.00140     0.00000    0.00000    0
1 1 0  0 0 2       0.21309    -0.00300    0.00    -0.00140     0.00000    0.00000    0
1 1 0  1 0 2       0.21310     0.00186    0.00    -0.00140     0.00000    0.00000    0
1 1 0  0 1 0       0.19065    -0.07196    0.00    -0.00140     0.00000    0.00000    0
1 1 0  1 1 0       0.21875    -0.07044    0.00    -0.00140     0.00000    0.00000    0
1 1 0  0 1 2       0.13399    -0.15841    0.00    -0.00140     0.00000    0.00000    0
1 1 0  1 1 2       0.19950    -0.17199    0.00    -0.00140     0.00000    0.00000    0
1 1 0  0 2 0       0.22780     0.04397    0.00    -0.00140     0.00000    0.00000    0
1 1 0  1 2 0       0.20871     0.05088    0.00    -0.00140     0.00000    0.00000    0
1 1 0  0 2 2       0.29571    -0.01943    0.00    -0.00140     0.00000    0.00000    0
1 1 0  1 2 2       0.29571     0.01830    0.00    -0.00140     0.00000    0.00000    0
1 1 1  0 0 0       0.60657    -0.01362    0.00    -0.00390     0.00000    0.00000    0
1 1 1  1 0 0       0.60639     0.01278    0.00    -0.00390     0.00000    0.00000    0
1 1 1  0 0 2       0.60656    -0.01362    0.00    -0.00390     0.00000    0.00000    0
1 1 1  1 0 2       0.60639     0.01278    0.00    -0.00390     0.00000    0.00000    0
1 1 1  0 1 0       0.62598     0.01948    0.00    -0.00390     0.00000    0.00000    0
1 1 1  1 1 0       0.61166     0.05080    0.00    -0.00390     0.00000    0.00000    0
1 1 1  0 1 2       0.63774     0.08060    0.00    -0.00390     0.00000    0.00000    0
1 1 1  1 1 2       0.59913     0.11176    0.00    -0.00390     0.00000    0.00000    0
1 1 1  0 2 0       0.60754     0.04692    0.00    -0.00390     0.00000    0.00000    0
1 1 1  1 2 0       0.58412     0.06909    0.00    -0.00390     0.00000    0.00000    0
1 1 1  0 2 2       0.61936    -0.01616    0.00    -0.00390     0.00000    0.00000    0
1 1 1  1 2 2       0.61918     0.01534    0.00    -0.00390     0.00000    0.00000    0
1 1 2  0 0 0       0.15209    -0.00205   -0.00    -0.00100     0.00000    0.00000    0
1 1 2  1 0 0       0.15206     0.00137   -0.00    -0.00100     0.00000    0.00000    0
1 1 2  0 0 2       0.15209    -0.00205   -0.00    -0.00100     0.00000    0.00000    0
1 1 2  1 0 2       0.15206     0.00137   -0.00    -0.00100     0.00000    0.00000    0
1 1 2  0 1 0       0.15949     0.00266   -0.00    -0.00100     0.00000    0.00000    0
1 1 2  1 1 0       0.15709     0.00855   -0.00    -0.00100     0.00000    0.00000    0
1 1 2  0 1 2       0.04896    -0.14345   -0.00    -0.00100     0.00000    0.00000    0
1 1 2  1 1 2       0.11089    -0.16873   -0.00    -0.00100     0.00000    0.00000    0
1 1 2  0 2 0       0.15079     0.01784   -0.00    -0.00100     0.00000    0.00000    0
1 1 2  1 2 0       0.14325     0.01924   -0.00    -0.00100     0.00000    0.00000    0
1 1 2  0 2 2       0.13105     0.00213   -0.00    -0.00100     0.00000    0.00000    0
1 1 2  1 2 2       0.13102    -0.00283   -0.00    -0.00100     0.00000    0.00000    0
1 1 3  0 0 0      -0.15538     0.00419    0.00     0.00100     0.00000    0.00000    0
1 1 3  1 0 0      -0.15549    -0.00255    0.00     0.00100     0.00000    0.00000    0
1 1 3  0 0 2      -0.15538     0.00419    0.00     0.00100     0.00000    0.00000    0
1 1 3  1 0 2      -0.15549    -0.00255    0.00     0.00100     0.00000    0.00000    0
1 1 3  0 1 0      -0.10232     0.08480    0.00     0.00100     0.00000    0.00000    0
1 1 3  1 1 0      -0.13731     0.09223    0.00     0.00100     0.00000    0.00000    0
1 1 3  0 1 2      -0.12151     0.09005    0.00     0.00100     0.00000    0.00000    0
1 1 3  1 1 2      -0.15705     0.08974    0.00     0.00100     0.00000    0.00000    0
1 1 3  0 2 0      -0.16080     0.00640    0.00     0.00100     0.00000    0.00000    0
1 1 3  1 2 0      -0.16133    -0.00258    0.00     0.00100     0.00000    0.00000    0
1 1 3  0 2 2      -0.11482    -0.00387    0.00     0.00100     0.00000    0.00000    0
1 1 3  1 2 2      -0.11492     0.00552    0.00     0.00100     0.00000    0.00000    0
1 1 4  0 0 0       0.21329    -0.00281   -0.00    -0.00140     0.00000    0.00000    0
1 1 4  1 0 0       0.21321     0.00211   -0.00    -0.00140     0.00000    0.00000    0
1 1 4  0 0 2       0.21329    -0.00281   -0.00    -0.00140     0.00000    0.00000    0
1 1 4  1 0 2       0.21321     0.00211   -0.00    -0.00140     0.00000    0.00000    0
1 1 4  0 1 0       0.23482     0.07395   -0.00    -0.00140     0.00000    0.00000    0
1 1 4  1 1 0       0.20373     0.08127   -0.00    -0.00140     0.00000    0.00000    0
1 1 4  0 1 2       0.25960     0.22580   -0.00    -0.00140     0.00000    0.00000    0
1 1 4  1 1 2       0.16851     0.23104   -0.00    -0.00140     0.00000    0.00000    0
1 1 4  0 2 0       0.24798     0.05841   -0.00    -0.00140     0.00000    0.00000    0
1 1 4  1 2 0       0.22184     0.07194   -0.00    -0.00140     0.00000    0.00000    0
1 1 4  0 2 2       0.20056    -0.00028   -0.00    -0.00140     0.00000    0.00000    0
1 1 4  1 2 2       0.20048    -0.00042   -0.00    -0.00140     0.00000    0.00000    0
1 1 5  0 0 0       0.45146    -0.01016   -0.00    -0.00290     0.00000    0.00000    0
1 1 5  1 0 0       0.45123     0.00963   -0.00    -0.00290     0.00000    0.00000    0
1 1 5  0 0 2       0.45146    -0.01016   -0.00    -0.00290     0.00000    0.00000    0
1 1 5  1 0 2       0.45123     0.00963   -0.00    -0.00290     0.00000    0.00000    0
1 1 5  0 1 0       0.45771     0.09757   -0.00    -0.00290     0.00000    0.00000    0
1 1 5  1 1 0       0.41577     0.11155   -0.00    -0.00290     0.00000    0.00000    0
1 1 5  0 1 2       0.47746     0.07053   -0.00    -0.00290     0.00000    0.00000    0
1 1 5  1 1 2       0.44437     0.09412   -0.00    -0.00290     0.00000    0.00000    0
1 1 5  0 2 0       0.45172     0.01863   -0.00    -0.00290     0.00000    0.00000    0
1 1 5  1 2 0       0.44045     0.03632   -0.00    -0.00290     0.00000    0.00000    0
1 1 5  0 2 2       0.45023    -0.00991   -0.00    -0.00290     0.00000    0.00000    0
1 1 5  1 2 2       0.45000     0.00938   -0.00    -0.00290     0.00000    0.00000    0
1 1 6  0 0 0      -0.03041     0.00036   -0.00     0.00020     0.00000    0.00000    0
1 1 6  1 0 0      -0.03038    -0.00031   -0.00     0.00020     0.00000    0.00000    0
1 1 6  0 0 2      -0.03041     0.00036   -0.00     0.00020     0.00000    0.00000    0
1 1 6  1 0 2      -0.03038    -0.00031   -0.00     0.00020     0.00000    0.00000    0
1 1 6  0 1 0      -0.02203     0.00051   -0.00     0.00020     0.00000    0.00000    0
1 1 6  1 1 0      -0.02269     0.00303   -0.00     0.00020     0.00000    0.00000    0
1 1 6  0 1 2      -0.10210    -0.09566    0.00     0.00020     0.00000    0.00000    0
1 1 6  1 1 2      -0.05986    -0.11646    0.00     0.00020     0.00000    0.00000    0
1 1 6  0 2 0      -0.02064    -0.03495    0.00     0.00020     0.00000    0.00000    0
1 1 6  1 2 0      -0.00784    -0.02920    0.00     0.00020     0.00000    0.00000    0
1 1 6  0 2 2      -0.01543    -0.00262   -0.00     0.00020     0.00000    0.00000    0
1 1 6  1 2 2      -0.01540     0.00266   -0.00     0.00020     0.00000    0.00000    0
1 1 7  0 0 0       0.29515    -0.00760    0.00    -0.00190     0.00000    0.00000    0
1 1 7  1 0 0       0.29536     0.00519    0.00    -0.00190     0.00000    0.00000    0
1 1 7  0 0 2       0.29516    -0.00759    0.00    -0.00190     0.00000    0.00000    0
1 1 7  1 0 2       0.29536     0.00519    0.00    -0.00190     0.00000    0.00000    0
1 1 7  0 1 0       0.29678    -0.05961    0.00    -0.00190     0.00000    0.00000    0
1 1 7  1 1 0       0.31677    -0.04225    0.00    -0.00190     0.00000    0.00000    0
1 1 7  0 1 2       0.28695    -0.10344    0.00    -0.00190     0.00000    0.00000    0
1 1 7  1 1 2       0.32446    -0.08650    0.00    -0.00190     0.00000    0.00000    0
1 1 7  0 2 0       0.29030    -0.17216    0.00    -0.00190     0.00000    0.00000    0
1 1 7  1 2 0       0.35386    -0.14871    0.00    -0.00190     0.00000    0.00000    0
1 1 7  0 2 2       0.26353    -0.00130    0.00    -0.00190     0.00000    0.00000    0
1 1 7  1 2 2       0.26373    -0.00110    0.00    -0.00190     0.00000    0.00000    0
1 2 0  0 0 0      -0.03441     0.57514    0.00    -0.00140     0.00000    0.00000    0
1 2 0  1 0 0      -0.22496     0.38007    0.00    -0.00140     0.00000    0.00000    0
1 2 0  0 0 2       0.26092     0.48697    0.00    -0.00140     0.00000    0.00000    0
1 2 0  1 0 2       0.08161     0.41174    0.00    -0.00140     0.00000    0.00000    0
1 2 0  0 1 0      -0.07342     0.47397    0.00    -0.00140     0.00000    0.00000    0
1 2 0  1 1 0      -0.22226     0.27168    0.00    -0.00140     0.00000    0.00000    0
1 2 0  0 1 2       0.26907     0.54829    0.00    -0.00140     0.00000    0.00000    0
1 2 0  1 1 2       0.06565     0.47151    0.00    -0.00140     0.00000    0.00000    0
1 2 1  0 0 0       1.01914     0.54597    0.00    -0.00390     0.00000    0.00000    0
1 2 1  1 0 0       0.80909     0.50996    0.00    -0.00390     0.00000    0.00000    0
1 2 1  0 0 2       0.99120     0.54287    0.00    -0.00390     0.00000    0.00000    0
1 2 1  1 0 2       0.78446     0.49642    0.00    -0.00390     0.00000    0.00000    0
1 2 1  0 1 0       0.97806     0.48729    0.00    -0.00390     0.00000    0.00000    0
1 2 1  1 1 0       0.79356     0.44004    0.00    -0.00390     0.00000    0.00000    0
1 2 1  0 1 2       1.02213     0.60663    0.00    -0.00390     0.00000    0.00000    0
1 2 1  1 1 2       0.78867     0.56717    0.00    -0.00390     0.00000    0.00000    0
1 2 2  0 0 0       0.02103     0.49565    0.00    -0.00100     0.00000    0.00000    0
1 2 2  1 0 0      -0.15089     0.36760    0.00    -0.00100     0.00000    0.00000    0
1 2 2  0 0 2       0.16231     0.56236    0.00    -0.00100     0.00000    0.00000    0
1 2 2  1 0 2      -0.04588     0.48329    0.00    -0.00100     0.00000    0.00000    0
1 2 2  0 1 0      -0.00130     0.52363    0.00    -0.00100     0.00000    0.00000    0
1 2 2  1 1 0      -0.18223     0.38491    0.00    -0.00100     0.00000    0.00000    0
1 2 2  0 1 2       0.13533     0.46031    0.00    -0.00100     0.00000    0.00000    0
1 2 2  1 1 2      -0.03177     0.37868    0.00    -0.00100     0.00000    0.00000    0
1 2 3  0 0 0      -0.29479     0.42010    0.00     0.00100     0.00000    0.00000    0
1 2 3  1 0 0      -0.45215     0.37450    0.00     0.00100     0.00000    0.00000    0
1 2 3  0 0 2      -0.21939     0.49014    0.00     0.00100     0.00000    0.00000    0
1 2 3  1 0 2      -0.40922     0.46802    0.00     0.00100     0.00000    0.00000    0
1 2 3  0 1 0      -0.34027     0.36479    0.00     0.00100     0.00000    0.00000    0
1 2 3  1 1 0      -0.47305     0.30601    0.00     0.00100     0.00000    0.00000    0
1 2 3  0 1 2      -0.20654     0.46710    0.00     0.00100     0.00000    0.00000    0
1 2 3  1 1 2      -0.38855     0.45164    0.00     0.00100     0.00000    0.00000    0
1 2 4  0 0 0       0.39649    -0.09836   -0.00    -0.00140     0.00000    0.00000    0
1 2 4  1 0 0       0.43103    -0.07723   -0.00    -0.00140     0.00000    0.00000    0
1 2 4  0 0 2       0.42886     0.20802   -0.00    -0.00140     0.00000    0.00000    0
1 2 4  1 0 2       0.34386     0.21826   -0.00    -0.00140     0.00000    0.00000    0
1 2 4  0 1 0       0.39979    -0.02438   -0.00    -0.00140     0.00000    0.00000    0
1 2 4  1 1 0       0.40581    -0.00761   -0.00    -0.00140     0.00000    0.00000    0
1 2 4  0 1 2       0.42586     0.15601   -0.00    -0.00140     0.00000    0.00000    0
1 2 4  1 1 2       0.36096     0.16906   -0.00    -0.00140     0.00000    0.00000    0
1 2 5  0 0 0       0.79086     0.33417   -0.00    -0.00290     0.00000    0.00000    0
1 2 5  1 0 0       0.65946     0.32550   -0.00    -0.00290     0.00000    0.00000    0
1 2 5  0 0 2       0.81043     0.39808   -0.00    -0.00290     0.00000    0.00000    0
1 2 5  1 0 2       0.65310     0.39204   -0.00    -0.00290     0.00000    0.00000    0
1 2 5  0 1 0       0.81117     0.34514   -0.00    -0.00290     0.00000    0.00000    0
1 2 5  1 1 0       0.67403     0.34341   -0.00    -0.00290     0.00000    0.00000    0
1 2 5  0 1 2       0.84335     0.44183   -0.00    -0.00290     0.00000    0.00000    0
1 2 5  1 1 2       0.66680     0.44505   -0.00    -0.00290     0.00000    0.00000    0
1 2 6  0 0 0      -0.44136     0.54673   -0.00     0.00020     0.00000    0.00000    0
1 2 6  1 0 0      -0.62051     0.35655   -0.00     0.00020     0.00000    0.00000    0
1 2 6  0 0 2      -0.35253     0.40776   -0.00     0.00020     0.00000    0.00000    0
1 2 6  1 0 2      -0.48535     0.26202   -0.00     0.00020     0.00000    0.00000    0
1 2 6  0 1 0      -0.51662     0.49419   -0.00     0.00020     0.00000    0.00000    0
1 2 6  1 1 0      -0.67001     0.27926   -0.00     0.00020     0.00000    0.00000    0
1 2 6  0 1 2      -0.28414     0.56411   -0.00     0.00020     0.00000    0.00000    0
1 2 6  1 1 2      -0.48183     0.43264   -0.00     0.00020     0.00000    0.00000    0
1 2 7  0 0 0       0.67088     0.11567    0.00    -0.00190     0.00000    0.00000    0
1 2 7  1 0 0       0.61253     0.17567    0.00    -0.00190     0.00000    0.00000    0
1 2 7  0 0 2       0.62074     0.60247    0.00    -0.00190     0.00000    0.00000    0
1 2 7  1 0 2       0.38017     0.60636    0.00    -0.00190     0.00000    0.00000    0
1 2 7  0 1 0       0.66692     0.15116    0.00    -0.00190     0.00000    0.00000    0
1 2 7  1 1 0       0.59531     0.20695    0.00    -0.00190     0.00000    0.00000    0
1 2 7  0 1 2       0.64012     0.66537    0.00    -0.00190     0.00000    0.00000    0
1 2 7  1 1 2       0.37404     0.67190    0.00    -0.00190     0.00000    0.00000    0
