EMC:  NP B441, 3 (1995)

    (x,Q2)
  0.0035    0.77   
  0.0055    1.3   
  0.0085    1.8   
  0.0125    2.4   
  0.0175    3.0   
  0.025     3.8   
  0.035     4.7   
  0.045     5.6   
  0.055     6.3   
  0.070     7.3   
  0.090     8.7   
  0.125    11    
  0.175    14    
  0.25    19    
  0.35    24    
  0.45    31    
  0.55    38    
  0.65    44    


EMC:  NP B441, 12 (1995)

    (x,Q2)
  0.00014    0.034  
  0.00028    0.066  
  0.00045    0.11   
  0.00067    0.15   
  0.0009     0.21   
  0.0015     0.34   
  0.0035     0.61   
  0.0055     1.0    
  0.0085     1.4    
  0.0125     1.8    
  0.0175     2.3    
  0.025     2.8     
  0.035     3.6     
  0.045     4.2     
  0.055     4.8     
  0.070     6.0     
  0.090     7.2     
  0.125     9.2    
  0.175    12      
  0.25    17      
  0.35    23      
  0.45    29      
  0.55    33      
  0.65    39     

NMC: NP B481,3 (1996)

  0.0125   3.4  
  0.0175   4.5  
  0.0250   6.0  
  0.0350   8.0  
  0.0450   9.8  
  0.0550   11.4 
  0.0700   13.8
  0.0900   16.8
  0.1250   21.4
  0.1750   27.6
  0.2500   35.5
  0.3500   45.4
  0.4500   53.9 
  0.5500   60.5 
  0.7000   66.7 

E665: ADAMS 95   ZP C67, 403
(xmin,xmax,Q2)
0.00010  0.00037   0.15
0.00037  0.00087   0.26
0.00087  0.00133   0.39
0.00133  0.00205   0.51
0.00205  0.00316   0.67
0.00316  0.00487   0.93
0.00487  0.00750   1.35
0.00750  0.01555   2.42
0.01555  0.02500   4.45
0.02500  0.05500   7.91
0.05500  0.56234  22.5

E665: PRL 68, 3266 (1992)
(xmin,xmax,Q2)
  0.00002   0.0001   0.03   
  0.0001   0.0004   0.10    
  0.0004   0.001    0.23   
  0.001   0.003    0.50   
  0.003   0.005    0.89  
  0.005   0.008    1.34  
  0.008   0.011    1.91  
  0.011   0.031    3.58  
  0.031   0.075    8.20  
  0.075   0.25    17.9   

