  0.00014    0.034  
  0.00028    0.066  
  0.00045    0.11   
  0.00067    0.15   
  0.0009     0.21   
  0.0015     0.34   
  0.0035     0.61   


  0.0055     1.0    
  0.0085     1.4    
  0.0125     1.8    
  0.0175     2.3    
  0.025     2.8     
  0.035     3.6     
  0.045     4.2     
  0.055     4.8     
  0.070     6.0     
  0.090     7.2     
  0.125     9.2    
  0.175    12      
  0.25    17      
  0.35    23      
  0.45    29      
  0.55    33      
  0.65    39
  0.0035    0.77   
  0.0055    1.3   
  0.0085    1.8   
  0.0125    2.4   
  0.0175    3.0   
  0.025     3.8   
  0.035     4.7   
  0.045     5.6   
  0.055     6.3   
  0.070     7.3   
  0.090     8.7   
  0.125    11    
  0.175    14    
  0.25    19    
  0.35    24    
  0.45    31    
  0.55    38    
  0.65    44    


EMC:  NP B441, 3 (1995)

    (x,Q2)
