  0.00014  0.034  
  0.00028  0.066  
  0.00045  0.11   
  0.00067  0.15   
  0.0009   0.21   
  0.0015   0.34   
  0.0035   0.61   
  0.0055   1.0    
  0.0085   1.4    
  0.0125   1.8    
  0.0175   2.3    



  0.0125     3.4
  0.0175     4.5
  0.0250     6.0
  0.0350     8.0
  0.0450     9.8
  0.0550     11.4
  0.0700     13.8
  0.0900     16.8
  0.1250     21.4
  0.1750     27.6
  0.2500     35.5
  0.3500     45.4
  0.4500     53.9
  0.5500     60.5
  0.7000     66.7


NMC (small-x)
ARNEODO 95   NP B441, 12 (Li/D and C/D)

  0.00014  0.034  
  0.00028  0.066  
  0.00045  0.11   
  0.00067  0.15   
  0.0009   0.21   
  0.0015   0.34   
  0.0035   0.61   
  0.0055   1.0    
  0.0085   1.4    
  0.0125   1.8    
  0.0175   2.3    

NMC (small and large-x)
(ratios over Carbon)

0.0125     3.4
0.0175     4.5
0.0250     6.0
0.0350     8.0
0.0450     9.8
0.0550     11.4
0.0700     13.8
0.0900     16.8
0.1250     21.4
0.1750     27.6
0.2500     35.5
0.3500     45.4
0.4500     53.9
0.5500     60.5
0.7000     66.7
