16 8 8
0 0 0
-230.344 -96.197 -89.758
-207.212 -139.104 -89.761
-231.021 -96.487 89.334
-207.476 -139.125 89.367
0 0 1
-244.734 -49.256 -89.802
-230.452 -95.856 -89.845
-245.388 -49.433 89.310
-231.011 -95.981 89.268
0 0 2
-249.814 -0.275 -89.766
-244.935 -48.787 -89.813
-250.465 -0.488 89.339
-245.434 -48.977 89.322
0 0 3
-245.189 48.606 -89.745
-249.880  0.111 -89.821
-246.111 48.494 89.383
-250.504 -0.043 89.317
0 0 4
-231.213 95.765 -89.761
-245.198 49.096 -89.879
-231.891 95.609 89.395
-246.036 48.961 89.214
0 0 5
-208.129 139.193 -89.650
-231.051 96.193 -89.753
-208.950 139.117 89.439
-231.684 95.999 89.318
0 0 6
-177.057 177.276 -89.463
-207.893 139.552 -89.636
-177.849 177.250 89.638
-208.631 139.457 89.456
0 0 7
-139.176 208.536 -89.256
-176.815 177.561 -89.399
-139.902 208.491 89.862
-177.585 177.578 89.704
0 1 0
206.281 -138.938 -89.497
229.645 -96.180 -89.558
207.173 -139.029 89.624
230.402 -96.197 89.531
0 1 1
229.755 -95.786 -89.518
244.262 -49.261 -89.594
230.522 -95.797 89.583
245.120 -49.302 89.545
0 1 2
244.329 -48.861 -89.614
249.202 -0.396 -89.650
245.188 -48.821 89.448
250.035 -0.352 89.392
0 1 3
249.188  0.048 -89.657
244.748 48.570 -89.637
250.060  0.080 89.411
245.462 48.570 89.415
0 1 4
244.613 49.092 -89.536
230.690 95.769 -89.467
245.386 49.079 89.566
231.389 95.741 89.621
0 1 5
230.532 96.180 -89.399
207.698 139.216 -89.345
231.259 96.090 89.667
208.413 139.123 89.769
0 1 6
207.465 139.543 -89.304
176.643 177.284 -89.229
208.203 139.511 89.772
177.328 177.196 89.897
0 1 7
176.320 177.617 -89.212
138.838 208.750 -89.063
177.058 177.526 89.836
139.575 208.652 90.038
1 0 0
-419.173 -83.377 -155.000
-355.359 -237.441 -155.000
-419.173 -83.377 -3.950
-355.359 -237.441 -3.950
-419.173 -83.377  3.948
-355.359 -237.441  3.948
-419.173 -83.377 155.000
-355.359 -237.441 155.000
1 0 1
-419.173 83.381 -155.000
-419.173 -83.377 -155.000
-419.173 83.381 -3.948
-419.173 -83.377 -3.948
-419.173 83.381  3.948
-419.173 -83.377  3.948
-419.173 83.381 155.000
-419.173 -83.377 155.000
1 0 2
-355.357 237.444 -155.000
-419.173 83.381 -155.000
-355.357 237.444 -3.948
-419.173 83.381 -3.948
-355.357 237.444  3.948
-419.173 83.381  3.948
-355.357 237.444 155.000
-419.173 83.381 155.000
1 0 3
-237.441 355.359 -155.000
-355.357 237.444 -155.000
-237.441 355.359 -3.948
-355.357 237.444 -3.948
-237.441 355.359  3.948
-355.357 237.444  3.948
-237.441 355.359 155.000
-355.357 237.444 155.000
1 1 0
357.067 -233.118 -156.436
417.363 -88.180 -156.436
357.067 -233.118 -5.384
417.363 -88.180 -5.384
356.806 -233.744  6.686
417.363 -88.180  6.686
356.806 -233.744 157.739
417.363 -88.180 157.739
1 1 1
419.343 -78.846 -156.208
418.748 78.210 -156.218
419.343 -78.846 -5.155
418.748 78.210 -5.165
418.873 -78.846  6.809
418.873 78.155  6.809
418.873 -78.846 157.862
418.873 78.155 157.862
1 1 2
416.970 86.438 -155.473
355.917 232.009 -155.473
416.970 86.438 -4.420
355.917 232.009 -4.420
416.970 86.438  6.998
355.917 232.009  6.998
416.970 86.438 158.051
355.917 232.009 158.051
1 1 3
350.635 239.690 -155.145
239.736 350.457 -155.145
350.635 239.690 -4.092
239.736 350.457 -4.092
350.635 239.690  7.744
239.736 350.457  7.744
350.635 239.690 158.797
239.736 350.457 158.797
2 0 0
-491.315 -102.356 -183.948
-420.069 -274.668 -183.906
-491.636 -102.112 -6.925
-420.196 -274.674 -6.883
-491.589 -102.125  4.843
-420.416 -273.814  4.996
-492.104 -102.328 182.200
-420.923 -273.874 182.283
2 0 1
-493.375 92.278 -183.920
-494.405 -93.560 -183.756
-493.720 92.454 -6.767
-494.448 -93.416 -6.578
-493.742 92.424  4.906
-494.520 -93.306  4.871
-494.291 92.458 182.052
-495.111 -93.451 182.074
2 0 2
-420.328 274.042 -183.906
-491.315 102.356 -183.948
-420.455 274.047 -6.886
-491.636 102.112 -6.928
-420.416 273.814  4.996
-491.589 102.125  4.843
-420.923 273.874 182.283
-492.104 102.328 182.200
2 0 3
-283.293 413.870 -183.273
-414.557 282.663 -183.294
-283.220 413.742 -6.253
-414.507 282.448 -6.273
-283.362 413.613  5.678
-414.733 282.536  5.340
-283.852 413.929 182.700
-414.841 282.552 182.362
2 1 0
419.489 -274.149 -182.992
490.937 -103.046 -182.882
419.489 -274.149 -5.970
490.937 -103.046 -5.860
418.756 -274.910  6.104
490.698 -103.197  6.298
418.756 -274.910 183.127
490.698 -103.197 183.321
2 1 1
492.623 -93.070 -182.571
492.009 92.449 -182.232
492.623 -93.070 -5.548
492.009 92.449 -5.209
492.333 -92.816  6.463
492.521 92.499  6.537
492.333 -92.816 183.486
492.521 92.499 183.560
2 1 2
489.728 102.425 -182.012
417.813 273.448 -181.580
489.728 102.425 -4.989
417.813 273.448 -4.557
490.252 102.600  5.979
418.865 273.569  7.139
490.252 102.600 183.002
418.865 273.569 184.162
2 1 3
413.030 282.296 -180.980
280.309 412.652 -180.980
413.030 282.296 -3.957
280.309 412.652 -3.957
413.030 282.296  7.437
280.309 412.652  7.437
413.030 282.296 184.460
280.309 412.652 184.460
-24.36 -81.2 -92.8
-89.57 -152.475 -183.02
0.6 1 1.2
0.84 1.3553 1.60
0.825 1.375 1.62
0.27 0.47 0.55
0.15 0.26 0.31
0.02 0.05 0.05
0.1 0.15 0.2
0 11.4 11.4
58 116 116
20 40 40
216 216 216
