16 8 8
0 0 0
-275.246  -95.918  -89.570
-252.226 -138.985  -89.570
-275.246  -95.918   89.570
-252.226 -138.985   89.570
0 0 1
-289.515  -48.961  -89.570
-275.339  -95.691  -89.570
-289.515  -48.961   89.570
-275.339  -95.691   89.570
0 0 2
-294.349   -0.122  -89.570
-289.563  -48.721  -89.570
-294.349   -0.122   89.570
-289.563  -48.721   89.570
0 0 3
-289.563   48.721  -89.570
-294.349    0.122  -89.570
-289.563   48.721   89.570
-294.349    0.122   89.570
0 0 4
-275.339   95.692  -89.570
-289.515   48.961  -89.570
-275.339   95.692   89.570
-289.515   48.961   89.570
0 0 5
-252.226  138.985  -89.570
-275.246   95.918  -89.570
-252.226  138.985   89.570
-275.246   95.918   89.570
0 0 6
-221.110  176.937  -89.570
-252.090  139.188  -89.570
-221.110  176.937   89.570
-252.090  139.188   89.570
0 0 7
-183.188  208.090  -89.570
-220.937  177.110  -89.570
-183.188  208.090   89.570
-220.937  177.110   89.570
0 1 0
 249.226 -138.985  -89.570
 272.246  -95.918  -89.570
 249.226 -138.985   89.570
 272.246  -95.918   89.570
0 1 1
 272.339  -95.692  -89.570
 286.515  -48.961  -89.570
 272.339  -95.692   89.570
 286.515  -48.961   89.570
0 1 2
 286.563  -48.721  -89.570
 291.349   -0.122  -89.570
 286.563  -48.721   89.570
 291.349   -0.122   89.570
0 1 3
 291.349    0.122  -89.570
 286.563   48.721  -89.570
 291.349    0.122   89.570
 286.563   48.721   89.570
0 1 4
 286.515   48.961  -89.570
 272.339   95.692  -89.570
 286.515   48.961   89.570
 272.339   95.692   89.570
0 1 5
 272.246   95.918  -89.570
 249.226  138.985  -89.570
 272.246   95.918   89.570
 249.226  138.985   89.570
0 1 6
 249.090  139.188  -89.570
 218.110  176.937  -89.570
 249.090  139.188   89.570
 218.110  176.937   89.570
0 1 7
 217.937  177.110  -89.570
 180.188  208.090  -89.570
 217.937  177.110   89.570
 180.188  208.090   89.570
1 0 0
-461.942  -87.655 -152.475
-401.511 -233.548 -152.475
-461.942  -87.655  152.475
-401.511 -233.548  152.475
1 0 1
-463.672   78.957 -152.475
-463.672  -78.956 -152.475
-463.672   78.957  152.475
-463.672  -78.956  152.475
1 0 2
-401.511  233.548 -152.475
-461.942   87.655 -152.475
-401.511  233.548  152.475
-461.942   87.655  152.475
1 0 3
-284.922  352.584 -152.475
-396.584  240.922 -152.475
-284.922  352.584  152.475
-396.584  240.922  152.475
1 1 0
 398.511 -233.548 -152.475
 458.942  -87.655 -152.475
 398.511 -233.548  152.475
 458.942  -87.655  152.475
1 1 1
 460.672  -78.957 -152.475
 460.672   78.957 -152.475
 460.672  -78.957  152.475
 460.672   78.957  152.475
1 1 2
 458.942   87.655 -152.475
 398.511  233.548 -152.475
 458.942   87.655  152.475
 398.511  233.548  152.475
1 1 3
 393.584  240.922 -152.475
 281.922  352.584 -152.475
 393.584  240.922  152.475
 281.922  352.584  152.475
2 0 0
-534.581 -102.890 -178.690
-463.647 -274.139 -178.690
-534.581 -102.890  178.690
-463.647 -274.139  178.690
2 0 1
-536.612   92.679 -178.690
-536.612  -92.679 -178.690
-536.612   92.679  178.690
-536.612  -92.679  178.690
2 0 2
-463.647  274.139 -178.690
-534.581  102.890 -178.690
-463.647  274.139  178.690
-534.581  102.890  178.690
2 0 3
-326.795  413.863 -178.690
-457.863  282.795 -178.690
-326.795  413.863  178.690
-457.863  282.795  178.690
2 1 0
 460.647 -274.139 -178.690
 531.581 -102.890 -178.690
 460.647 -274.139  178.690
 531.581 -102.890  178.690
2 1 1
 533.612  -92.679 -178.690
 533.612   92.679 -178.690
 533.612  -92.679  178.690
 533.612   92.679  178.690
2 1 2
 531.581  102.890 -178.690
 460.647  274.139 -178.690
 531.581  102.890  178.690
 460.647  274.139  178.690
2 1 3
 454.863  282.795 -178.690
 323.795  413.863 -178.690
 454.863  282.795  178.690
 323.795  413.863  178.690
-24.360 -78.9565 -92.679
-89.570 -152.475 -178.69
0.6 1 1.2
0.84 1.3553 1.60
0.82 1.37 1.622
0.27 0.47 0.55
0.15 0.26 0.31
0.025 0.025 0.025
0.1 0.15 0.2
0 8.106 8.106
58 116 116
20 40 40
216 216 216
