16 8 8
0 0 0
-231.246  -95.918  -89.570
-208.226 -138.985  -89.570
-231.246  -95.918   89.570
-208.226 -138.985   89.570
0 0 1
-245.515  -48.961  -89.570
-231.339  -95.691  -89.570
-245.515  -48.961   89.570
-231.339  -95.691   89.570
0 0 2
-250.349   -0.122  -89.570
-245.563  -48.721  -89.570
-250.349   -0.122   89.570
-245.563  -48.721   89.570
0 0 3
-245.563   48.721  -89.570
-250.349    0.122  -89.570
-245.563   48.721   89.570
-250.349    0.122   89.570
0 0 4
-231.339   95.692  -89.570
-245.515   48.961  -89.570
-231.339   95.692   89.570
-245.515   48.961   89.570
0 0 5
-208.226  138.985  -89.570
-231.246   95.918  -89.570
-208.226  138.985   89.570
-231.246   95.918   89.570
0 0 6
-177.110  176.937  -89.570
-208.090  139.188  -89.570
-177.110  176.937   89.570
-208.090  139.188   89.570
0 0 7
-139.188  208.090  -89.570
-176.937  177.110  -89.570
-139.188  208.090   89.570
-176.937  177.110   89.570
0 1 0
 208.226 -138.985  -89.570
 231.246  -95.918  -89.570
 208.226 -138.985   89.570
 231.246  -95.918   89.570
0 1 1
 231.339  -95.692  -89.570
 245.515  -48.961  -89.570
 231.339  -95.692   89.570
 245.515  -48.961   89.570
0 1 2
 245.563  -48.721  -89.570
 250.349   -0.122  -89.570
 245.563  -48.721   89.570
 250.349   -0.122   89.570
0 1 3
 250.349    0.122  -89.570
 245.563   48.721  -89.570
 250.349    0.122   89.570
 245.563   48.721   89.570
0 1 4
 245.515   48.961  -89.570
 231.339   95.692  -89.570
 245.515   48.961   89.570
 231.339   95.692   89.570
0 1 5
 231.246   95.918  -89.570
 208.226  138.985  -89.570
 231.246   95.918   89.570
 208.226  138.985   89.570
0 1 6
 208.090  139.188  -89.570
 177.110  176.937  -89.570
 208.090  139.188   89.570
 177.110  176.937   89.570
0 1 7
 176.937  177.110  -89.570
 139.188  208.090  -89.570
 176.937  177.110   89.570
 139.188  208.090   89.570
1 0 0
-417.942  -87.655 -152.475
-357.511 -233.548 -152.475
-417.942  -87.655  152.475
-357.511 -233.548  152.475
1 0 1
-419.672   78.957 -152.475
-419.672  -78.956 -152.475
-419.672   78.957  152.475
-419.672  -78.956  152.475
1 0 2
-357.511  233.548 -152.475
-417.942   87.655 -152.475
-357.511  233.548  152.475
-417.942   87.655  152.475
1 0 3
-240.922  352.584 -152.475
-352.584  240.922 -152.475
-240.922  352.584  152.475
-352.584  240.922  152.475
1 1 0
 357.511 -233.548 -152.475
 417.942  -87.655 -152.475
 357.511 -233.548  152.475
 417.942  -87.655  152.475
1 1 1
 419.672  -78.957 -152.475
 419.672   78.957 -152.475
 419.672  -78.957  152.475
 419.672   78.957  152.475
1 1 2
 417.942   87.655 -152.475
 357.511  233.548 -152.475
 417.942   87.655  152.475
 357.511  233.548  152.475
1 1 3
 352.584  240.922 -152.475
 240.922  352.584 -152.475
 352.584  240.922  152.475
 240.922  352.584  152.475
2 0 0
-490.581 -102.890 -178.690
-419.647 -274.139 -178.690
-490.581 -102.890  178.690
-419.647 -274.139  178.690
2 0 1
-492.612   92.679 -178.690
-492.612  -92.679 -178.690
-492.612   92.679  178.690
-492.612  -92.679  178.690
2 0 2
-419.647  274.139 -178.690
-490.581  102.890 -178.690
-419.647  274.139  178.690
-490.581  102.890  178.690
2 0 3
-282.795  413.863 -178.690
-413.863  282.795 -178.690
-282.795  413.863  178.690
-413.863  282.795  178.690
2 1 0
 419.647 -274.139 -178.690
 490.581 -102.890 -178.690
 419.647 -274.139  178.690
 490.581 -102.890  178.690
2 1 1
 492.612  -92.679 -178.690
 492.612   92.679 -178.690
 492.612  -92.679  178.690
 492.612   92.679  178.690
2 1 2
 490.581  102.890 -178.690
 419.647  274.139 -178.690
 490.581  102.890  178.690
 419.647  274.139  178.690
2 1 3
 413.863  282.795 -178.690
 282.795  413.863 -178.690
 413.863  282.795  178.690
 282.795  413.863  178.690
-24.360 -78.9565 -92.679
-89.570 -152.475 -178.69
0.6 1 1.2
0.84 1.3553 1.60
0.82 1.37 1.622
0.27 0.47 0.55
0.15 0.26 0.31
0.025 0.025 0.025
0.1 0.15 0.2
0 8.106 8.106
58 116 116
20 40 40
216 216 216
