16 8 8
0 0 0 
-274.200317 -96.186890 -89.828499
-251.070267 -139.094559 -89.849792
-274.667572 -96.482498 89.269402
-251.123901 -139.121445 89.273232
0 0 1 
-288.588989 -49.244957 -89.851753
-274.308411 -95.845558 -89.907234
-289.032745 -49.427799 89.263390
-274.657684 -95.976616 89.203125
0 0 2 
-293.666473 -0.264249 -89.806343
-288.789673 -48.776402 -89.859123
-294.108612 -0.482420 89.300003
-289.079224 -48.972141 89.275734
0 0 3 
-289.039581 48.617565 -89.787689
-293.732758 0.122556 -89.860764
-289.752106 48.499115 89.340645
-294.147064 -0.037779 89.278297
0 0 4 
-275.062561 95.775131 -89.817245
-289.049225 49.106483 -89.924461
-275.530579 95.613457 89.337845
-289.677795 48.966576 89.171646
0 0 5 
-251.976318 139.202469 -89.729599
-274.899689 96.203819 -89.815788
-252.588318 139.120468 89.356117
-275.323517 96.003868 89.260056
0 0 6 
-220.902649 177.284821 -89.575935
-251.740845 139.561340 -89.725929
-221.484909 177.252533 89.520042
-252.268707 139.460358 89.372978
0 0 7 
-183.020142 208.543289 -89.411369
-220.661316 177.569626 -89.525566
-183.536835 208.492310 89.700157
-221.221771 177.580933 89.585670
0 1 0 
247.939804 -138.908585 -89.277328
271.304077 -96.149483 -89.341301
248.883881 -139.006805 89.855003
272.114197 -96.172859 89.756813
0 1 1 
271.414551 -95.754204 -89.303032
285.921417 -49.228752 -89.381042
272.235443 -95.772240 89.808990
286.832947 -49.276035 89.767380
0 1 2 
285.988342 -48.826511 -89.400642
290.862396 -0.360436 -89.436638
286.901154 -48.793381 89.670853
291.748169 -0.322783 89.614311
0 1 3 
290.847565 0.084719 -89.443001
286.407959 48.608948 -89.420967
291.773102 0.108943 89.635025
287.174866 48.601059 89.642418
0 1 4 
286.273193 49.130280 -89.317657
272.348328 95.809845 -89.244652
287.098877 49.111076 89.793541
273.100739 95.775497 89.854507
0 1 5 
272.190369 96.221283 -89.174454
249.356995 139.258881 -89.115456
272.970581 96.124161 89.899445
250.125793 139.159058 90.010994
0 1 6 
249.122192 139.586716 -89.071098
218.300293 177.328308 -88.990089
249.914139 139.547470 90.013916
219.038376 177.234146 90.149231
0 1 7 
217.976379 177.663147 -88.967995
180.493073 208.796295 -88.810989
218.767288 177.563965 90.088112
181.282059 208.692230 90.302254
1 0 0
-419.173 -83.3766 -155
-355.359 -237.441 -155
-419.173 -83.3766 155
-355.359 -237.441 155
1 0 1
-419.173 83.3808 -155
-419.173 -83.3766 -155
-419.173 83.3808 155
-419.173 -83.3766 155
1 0 2
-355.357 237.444 -155
-419.173 83.3808 -155
-355.357 237.444 155
-419.173 83.3808 155
1 0 3
-237.441 355.359 -155
-355.357 237.444 -155
-237.441 355.359 155
-355.357 237.444 155
1 1 0
355.358 -237.443 -155
419.173 -83.3789 -155
355.358 -237.443 155
419.173 -83.3789 155
1 1 1
419.173 -83.3789 -155
419.173 83.3785 -155
419.173 -83.3789 155
419.173 83.3785 155
1 1 2
419.173 83.3785 -155
355.358 237.442 -155
419.173 83.3785 155
355.358 237.442 155
1 1 3
355.358 237.442 -155
237.443 355.358 -155
355.358 237.442 155
237.443 355.358 155
2 0 0
-535.276306 -102.379082 -183.701645
-464.283264 -274.062378 -183.736450
-535.635010 -102.338737 182.446548
-464.447449 -273.88266 182.452042
2 0 1
-537.334351 92.300934 -183.671921
-538.371277 -93.536667 -183.512314
-537.821777 92.469017 182.301315
-538.646301 -93.439865 182.318573
2 0 2
-464.283264 274.062378 -183.736450
-535.276306 102.379082 -183.701645
-464.447449 273.882660 182.452042
-535.635010 102.338737 182.446548
2 0 3
-327.240662 413.885315 -183.258804
-458.509766 282.683014 -183.132706
-327.368958 413.932373 182.713058
-458.363586 282.560547 182.524536
2 1 0
417.108 -278.703 -180
492.012 -97.8675 -180
417.108 -278.703 180
492.012 -97.8675 180
2 1 1
492.012 -97.8675 -180
492.012 97.8671 -180
492.012 -97.8675 180
492.012 97.8671 180
2 1 2
492.012 97.8671 -180
417.108 278.702 -180
492.012 97.8671 180
417.108 278.702 180
2 1 3
417.108 278.702 -180
278.703 417.108 -180
417.108 278.702 180
278.703 417.108 180
-24.36 -81.2 -92.8
-89.57 -152.475 -183.02
0.6 1 1.2
0.84 1.3553 1.60
0.825 1.375 1.65
0.27 0.47 0.55
0.15 0.26 0.31
0.02 0.02 0.02
0.1 0.15 0.2
0 11.4 11.4
58 116 116
20 40 40
216 216 216
