16 8 8
0 0 0
-230.344 -96.1973 -89.7581
-207.212 -139.104 -89.7606
-231.021 -96.4871 89.3342
-207.476 -139.125 89.3669
0 0 1
-244.734 -49.2559 -89.8016
-230.452 -95.8561 -89.8448
-245.388 -49.4329 89.31
-231.011 -95.9813 89.268
0 0 2
-249.814 -0.275431 -89.7655
-244.935 -48.7873 -89.8134
-250.465 -0.487703 89.339
-245.434 -48.9773 89.3222
0 0 3
-245.189 48.6065 -89.7449
-249.88 0.111371 -89.8206
-246.111 48.494 89.3831
-250.504 -0.043152 89.3173
0 0 4
-231.213 95.7647 -89.7614
-245.198 49.0955 -89.8786
-231.891 95.6088 89.3954
-246.036 48.9614 89.2142
0 0 5
-208.129 139.193 -89.6499
-231.051 96.1933 -89.7533
-208.95 139.117 89.439
-231.684 95.9993 89.3178
0 0 6
-177.057 177.276 -89.4628
-207.893 139.552 -89.6361
-177.849 177.25 89.6381
-208.631 139.457 89.4564
0 0 7
-139.176 208.536 -89.2562
-176.815 177.561 -89.3993
-139.902 208.491 89.8616
-177.585 177.578 89.704
0 1 0
206.281 -138.938 -89.4967
229.645 -96.1802 -89.5576
207.173 -139.029 89.6237
230.402 -96.1972 89.5314
0 1 1
229.755 -95.7858 -89.5184
244.262 -49.2614 -89.5944
230.522 -95.7966 89.5831
245.12 -49.3024 89.5445
0 1 2
244.329 -48.8612 -89.614
249.202 -0.396104 -89.65
245.188 -48.8208 89.4484
250.035 -0.352124 89.3919
0 1 3
249.188 0.048086 -89.6574
244.748 48.5703 -89.6373
250.06 0.079568 89.4111
245.462 48.5697 89.4155
0 1 4
244.613 49.0916 -89.536
230.69 95.7692 -89.467
245.386 49.0787 89.5661
231.389 95.7412 89.6212
0 1 5
230.532 96.1797 -89.3988
207.698 139.216 -89.3448
231.259 96.0899 89.6666
208.413 139.123 89.7692
0 1 6
207.465 139.543 -89.3044
176.643 177.284 -89.2293
208.203 139.511 89.7723
177.328 177.196 89.8973
0 1 7
176.32 177.617 -89.2122
138.838 208.75 -89.0632
177.058 177.526 89.8358
139.575 208.652 90.0381
1 0 0
-419.173 -83.3766 -155
-355.359 -237.441 -155
-419.173 -83.3766 155
-355.359 -237.441 155
1 0 1
-419.173 83.3808 -155
-419.173 -83.3766 -155
-419.173 83.3808 155
-419.173 -83.3766 155
1 0 2
-355.357 237.444 -155
-419.173 83.3808 -155
-355.357 237.444 155
-419.173 83.3808 155
1 0 3
-237.441 355.359 -155
-355.357 237.444 -155
-237.441 355.359 155
-355.357 237.444 155
1 1 0
357.067 -233.118 -156.436
417.363 -88.18 -156.436
356.806 -233.744 157.739
417.363 -88.18 157.739
1 1 1
419.343 -78.846 -156.208
418.748 78.2102 -156.218
418.873 -78.846 157.862
418.873 78.1553 157.862
1 1 2
416.97 86.4377 -155.473
355.917 232.009 -155.473
416.97 86.4377 158.051
355.917 232.009 158.051
1 1 3
350.635 239.69 -155.145
239.736 350.457 -155.145
350.635 239.69 158.797
239.736 350.457 158.797
2 0 0
-491.315 -102.356 -183.948
-420.069 -274.668 -183.906
-492.104 -102.328 182.2
-420.923 -273.874 182.283
2 0 1
-493.375 92.2776 -183.92
-494.405 -93.5599 -183.756
-494.291 92.4577 182.052
-495.111 -93.4512 182.074
2 0 2
-420.328 274.042 -183.906
-491.315 102.356 -183.948
-420.923 273.874 182.283
-492.104 102.328 182.2
2 0 3
-283.293 413.87 -183.273
-414.557 282.663 -183.294
-283.852 413.929 182.7
-414.841 282.552 182.362
2 1 0
419.489 -274.149 -182.992
490.937 -103.046 -182.882
418.756 -274.91 183.127
490.698 -103.197 183.321
2 1 1
492.623 -93.07 -182.571
492.009 92.4486 -182.232
492.333 -92.816 183.486
492.521 92.4991 183.56
2 1 2
489.728 102.425 -182.012
417.813 273.448 -181.58
490.252 102.6 183.002
418.865 273.569 184.162
2 1 3
413.03 282.296 -180.98
280.309 412.652 -180.98
413.03 282.296 184.46
280.309 412.652 184.46
-24.36 -81.2 -92.8
-89.57 -152.475 -183.02
0.6 1 1.2
0.84 1.3553 1.60
0.825 1.375 1.62
0.27 0.47 0.55
0.15 0.26 0.31
0.02 0.05 0.05
0.1 0.15 0.2
0 11.4 11.4
58 116 116
20 40 40
216 216 216
