16 8 8
0 0 0 
-230.344101 -96.197281 -89.758080
-207.212296 -139.104172 -89.760605
-231.020767 -96.487106 89.334244
-207.475601 -139.125168 89.366943
0 0 1 
-244.734329 -49.255894 -89.801636
-230.452011 -95.856056 -89.844826
-245.387665 -49.432941 89.309959
-231.010834 -95.981285 89.267998
0 0 2 
-249.813782 -0.275431 -89.765457
-244.935043 -48.787334 -89.813438
-250.465378 -0.487703 89.339020
-245.434143 -48.977257 89.322189
0 0 3 
-245.188828 48.606544 -89.744919
-249.879898 0.111371 -89.820572
-246.110764 48.493988 89.383072
-250.503799 -0.043152 89.317284
0 0 4 
-231.213455 95.764664 -89.761414
-245.198090 49.095531 -89.878639
-231.891022 95.608810 89.395393
-246.036301 48.961441 89.214188
0 0 5 
-208.128860 139.192841 -89.649879
-231.050583 96.193336 -89.753273
-208.950287 139.116623 89.439034
-231.683823 95.999290 89.317833
0 0 6 
-177.056763 177.276428 -89.462761
-207.893326 139.551819 -89.636055
-177.848541 177.249863 89.638054
-208.630737 139.456619 89.456352
0 0 7 
-139.175705 208.536240 -89.256218
-176.815414 177.561218 -89.399315
-139.901855 208.491089 89.861649
-177.585434 177.578323 89.704041
0 1 0 
206.281021 -138.938187 -89.496674
229.645447 -96.180206 -89.557648
207.172546 -139.029175 89.623657
230.401917 -96.197182 89.531418
0 1 1 
229.754700 -95.785789 -89.518402
244.261780 -49.261436 -89.594414
230.522018 -95.796562 89.583099
245.119781 -49.302383 89.544464
0 1 2 
244.328781 -48.861176 -89.614021
249.201508 -0.396104 -89.650024
245.187836 -48.820763 89.448433
250.034851 -0.352124 89.391930
0 1 3 
249.187836 0.048086 -89.657364
244.748199 48.570305 -89.637344
250.059845 0.079568 89.411118
245.461563 48.569679 89.415543
0 1 4 
244.613358 49.091591 -89.536003
230.689682 95.769211 -89.467003
245.385544 49.078743 89.566139
231.388550 95.741219 89.621155
0 1 5 
230.531784 96.179680 -89.398766
207.698181 139.216110 -89.344765
231.258545 96.089859 89.666580
208.413361 139.122604 89.769196
0 1 6 
207.464615 139.543182 -89.304359
176.642502 177.283508 -89.229347
208.202988 139.511154 89.772339
177.327988 177.195755 89.897255
0 1 7 
176.319611 177.617462 -89.212189
138.838470 208.749741 -89.063187
177.058029 177.525650 89.835846
139.574692 208.651855 90.038101
1 0 0
-419.173 -83.3766 -155
-355.359 -237.441 -155
-419.173 -83.3766 155
-355.359 -237.441 155
1 0 1
-419.173 83.3808 -155
-419.173 -83.3766 -155
-419.173 83.3808 155
-419.173 -83.3766 155
1 0 2
-355.357 237.444 -155
-419.173 83.3808 -155
-355.357 237.444 155
-419.173 83.3808 155
1 0 3
-237.441 355.359 -155
-355.357 237.444 -155
-237.441 355.359 155
-355.357 237.444 155
1 1 0
355.358 -237.443 -155
419.173 -83.3789 -155
355.358 -237.443 155
419.173 -83.3789 155
1 1 1
419.173 -83.3789 -155
419.173 83.3785 -155
419.173 -83.3789 155
419.173 83.3785 155
1 1 2
419.173 83.3785 -155
355.358 237.442 -155
419.173 83.3785 155
355.358 237.442 155
1 1 3
355.358 237.442 -155
237.443 355.358 -155
355.358 237.442 155
237.443 355.358 155
2 0 0
-491.314575 -102.355873 -183.947571
-420.327728 -274.041748 -183.905655
-492.104431 -102.327553 182.199600
-420.923248 -273.874023 182.282700
2 0 1
-493.375092 92.277649 -183.920258
-494.405243 -93.559944 -183.755844
-494.290588 92.457703 182.052155
-495.111176 -93.451180 182.074463
2 0 2
-420.327728 274.041748 -183.905655
-491.314575 102.355873 -183.947571
-420.923248 273.874023 182.282700
-492.104431 102.327553 182.199600
2 0 3
-283.292572 413.869812 -183.272537
-414.556763 282.662689 -183.294342
-283.851807 413.928986 182.699554
-414.841187 282.552307 182.362122
2 1 0
417.108 -278.703 -180
492.012 -97.8675 -180
417.108 -278.703 180
492.012 -97.8675 180
2 1 1
492.012 -97.8675 -180
492.012 97.8671 -180
492.012 -97.8675 180
492.012 97.8671 180
2 1 2
492.012 97.8671 -180
417.108 278.702 -180
492.012 97.8671 180
417.108 278.702 180
2 1 3
417.108 278.702 -180
278.703 417.108 -180
417.108 278.702 180
278.703 417.108 180
-24.36 -81.2 -92.8
-89.57 -152.475 -183.02
0.6 1 1.2
0.84 1.3553 1.60
0.825 1.375 1.65
0.27 0.47 0.55
0.15 0.26 0.31
0.02 0.02 0.02
0.1 0.15 0.2
0 11.4 11.4
58 116 116
20 40 40
216 216 216
