0.05  0.00e+00  0.00e+00  0.0
0.15  0.00e+00  0.00e+00  0.0
0.25  0.00e+00  0.00e+00  0.0
0.35  0.00e+00  0.00e+00  0.0
0.45  0.00e+00  0.00e+00  0.0
0.55  4.45e+01  4.05e-02  0.1
0.65  2.91e+01  2.96e-02  0.1
0.75  1.93e+01  2.21e-02  0.1
0.85  1.31e+01  1.69e-02  0.1
0.95  9.00e+00  1.31e-02  0.1
1.05  6.30e+00  1.04e-02  0.2
1.15  4.47e+00  8.30e-03  0.2
1.25  3.21e+00  6.71e-03  0.2
1.35  2.31e+00  5.46e-03  0.2
1.45  1.67e+00  4.46e-03  0.3
1.55  1.22e+00  3.67e-03  0.3
1.65  8.85e-01  3.02e-03  0.3
1.75  6.56e-01  2.52e-03  0.4
1.85  4.84e-01  2.10e-03  0.4
1.95  3.54e-01  1.75e-03  0.5
2.10  2.27e-01  9.44e-04  0.4
2.30  1.27e-01  6.72e-04  0.5
2.50  7.25e-02  4.85e-04  0.7
2.70  4.17e-02  3.53e-04  0.8
2.90  2.46e-02  2.62e-04  1.1
3.12  1.37e-02  1.68e-04  1.2
3.38  7.53e-03  1.20e-04  1.6
3.62  4.30e-03  8.72e-05  2.0
3.88  2.48e-03  6.44e-05  2.6
4.20  1.25e-03  3.50e-05  2.8
4.60  5.69e-04  2.32e-05  4.1
5.00  2.63e-04  1.55e-05  5.9
5.40  1.48e-04  1.14e-05  7.7
5.80  8.72e-05  8.75e-06  10.0
6.25  4.31e-05  5.47e-06  12.7
6.75  2.19e-05  4.89e-06  22.3
7.50  1.06e-05  2.70e-06  25.5
8.50  0.00e+00  0.00e+00  0.0
9.50  6.55e-07  2.20e-06  336.3
11.00  2.01e-07  1.16e-06  576.5
13.00  1.31e-09  3.21e-07  24544.4
15.50  0.00e+00  0.00e+00  0.0
