0.05  0.00e+00  0.00e+00  0.0
0.15  0.00e+00  0.00e+00  0.0
0.25  0.00e+00  0.00e+00  0.0
0.35  0.00e+00  0.00e+00  0.0
0.45  0.00e+00  0.00e+00  0.0
0.55  1.47e+02  1.12e-01  0.1
0.65  9.71e+01  8.28e-02  0.1
0.75  6.52e+01  6.27e-02  0.1
0.85  4.45e+01  4.84e-02  0.1
0.95  3.09e+01  3.80e-02  0.1
1.05  2.18e+01  3.03e-02  0.1
1.15  1.56e+01  2.44e-02  0.2
1.25  1.13e+01  1.98e-02  0.2
1.35  8.19e+00  1.62e-02  0.2
1.45  5.97e+00  1.34e-02  0.2
1.55  4.33e+00  1.10e-02  0.3
1.65  3.15e+00  9.07e-03  0.3
1.75  2.33e+00  7.56e-03  0.3
1.85  1.70e+00  6.27e-03  0.4
1.95  1.24e+00  5.20e-03  0.4
2.10  7.83e-01  2.80e-03  0.4
2.30  4.24e-01  1.97e-03  0.5
2.50  2.37e-01  1.41e-03  0.6
2.70  1.31e-01  1.01e-03  0.8
2.90  7.44e-02  7.34e-04  1.0
3.12  3.99e-02  4.62e-04  1.2
3.38  2.04e-02  3.21e-04  1.6
3.62  1.08e-02  2.30e-04  2.1
3.88  6.08e-03  1.66e-04  2.7
4.20  3.01e-03  8.99e-05  3.0
4.60  1.28e-03  5.96e-05  4.7
5.00  5.85e-04  4.13e-05  7.1
5.40  3.26e-04  3.12e-05  9.6
5.80  1.59e-04  2.33e-05  14.7
6.25  7.14e-05  1.92e-05  26.9
6.75  4.82e-05  1.55e-05  32.1
7.50  2.13e-05  7.94e-06  37.3
8.50  2.03e-05  6.90e-06  33.9
9.50  9.42e-06  6.18e-06  65.6
11.00  0.00e+00  0.00e+00  0.0
13.00  1.12e-06  1.06e-06  94.4
15.50  2.93e-08  6.32e-07  2155.3
