0.05  0.00e+00  0.00e+00  0.0
0.15  0.00e+00  0.00e+00  0.0
0.25  0.00e+00  0.00e+00  0.0
0.35  0.00e+00  0.00e+00  0.0
0.45  0.00e+00  0.00e+00  0.0
0.55  4.26e+00  1.22e-02  0.3
0.65  2.65e+00  8.63e-03  0.3
0.75  1.68e+00  6.30e-03  0.4
0.85  1.09e+00  4.69e-03  0.4
0.95  7.23e-01  3.58e-03  0.5
1.05  4.86e-01  2.77e-03  0.6
1.15  3.33e-01  2.17e-03  0.7
1.25  2.30e-01  1.72e-03  0.7
1.35  1.63e-01  1.39e-03  0.9
1.45  1.15e-01  1.12e-03  1.0
1.55  8.31e-02  9.18e-04  1.1
1.65  5.79e-02  7.39e-04  1.3
1.75  4.28e-02  6.18e-04  1.4
1.85  3.16e-02  5.12e-04  1.6
1.95  2.33e-02  4.28e-04  1.8
2.10  1.44e-02  2.28e-04  1.6
2.30  8.52e-03  1.66e-04  2.0
2.50  4.99e-03  1.22e-04  2.4
2.70  2.88e-03  8.87e-05  3.1
2.90  1.71e-03  6.54e-05  3.8
3.12  1.04e-03  4.41e-05  4.2
3.38  5.49e-04  3.09e-05  5.6
3.62  3.52e-04  2.37e-05  6.7
3.88  1.73e-04  1.65e-05  9.6
4.20  1.01e-04  9.27e-06  9.1
4.60  5.44e-05  6.55e-06  12.0
5.00  2.35e-05  4.58e-06  19.5
5.40  9.06e-06  3.47e-06  38.3
5.80  7.32e-06  2.69e-06  36.8
6.25  3.21e-06  1.44e-06  44.6
6.75  1.00e-06  1.35e-06  135.2
7.50  1.83e-06  6.72e-07  36.7
8.50  3.12e-07  3.86e-07  123.7
9.50  2.99e-07  6.54e-07  218.5
11.00  2.95e-08  4.31e-07  1461.2
13.00  0.00e+00  0.00e+00  0.0
15.50  1.49e-08  6.28e-08  421.8
