0.05  0.00e+00  0.00e+00  0.0
0.15  0.00e+00  0.00e+00  0.0
0.25  0.00e+00  0.00e+00  0.0
0.35  0.00e+00  0.00e+00  0.0
0.45  0.00e+00  0.00e+00  0.0
0.55  8.77e+01  8.22e-02  0.1
0.65  5.79e+01  6.04e-02  0.1
0.75  3.87e+01  4.55e-02  0.1
0.85  2.64e+01  3.50e-02  0.1
0.95  1.82e+01  2.73e-02  0.1
1.05  1.29e+01  2.17e-02  0.2
1.15  9.19e+00  1.74e-02  0.2
1.25  6.66e+00  1.42e-02  0.2
1.35  4.82e+00  1.15e-02  0.2
1.45  3.53e+00  9.51e-03  0.3
1.55  2.56e+00  7.80e-03  0.3
1.65  1.88e+00  6.47e-03  0.3
1.75  1.37e+00  5.36e-03  0.4
1.85  1.00e+00  4.44e-03  0.4
1.95  7.43e-01  3.72e-03  0.5
2.10  4.69e-01  1.99e-03  0.4
2.30  2.64e-01  1.42e-03  0.5
2.50  1.49e-01  1.02e-03  0.7
2.70  8.31e-02  7.36e-04  0.9
2.90  4.84e-02  5.42e-04  1.1
3.12  2.67e-02  3.44e-04  1.3
3.38  1.46e-02  2.46e-04  1.7
3.62  7.86e-03  1.75e-04  2.2
3.88  4.52e-03  1.30e-04  2.9
4.20  2.11e-03  6.74e-05  3.2
4.60  9.42e-04  4.52e-05  4.8
5.00  4.51e-04  3.05e-05  6.8
5.40  2.58e-04  2.25e-05  8.7
5.80  1.00e-04  1.65e-05  16.4
6.25  5.32e-05  1.23e-05  23.2
6.75  3.28e-05  8.82e-06  26.9
7.50  1.70e-05  5.33e-06  31.3
8.50  5.01e-06  4.48e-06  89.3
9.50  6.77e-06  4.19e-06  62.0
11.00  3.61e-06  2.34e-06  64.8
13.00  0.00e+00  0.00e+00  0.0
15.50  4.57e-07  4.34e-07  95.0
