0.05  0.00e+00  0.00e+00  0.0
0.15  0.00e+00  0.00e+00  0.0
0.25  0.00e+00  0.00e+00  0.0
0.35  0.00e+00  0.00e+00  0.0
0.45  0.00e+00  0.00e+00  0.0
0.55  4.71e+00  7.18e-03  0.2
0.65  2.96e+00  5.12e-03  0.2
0.75  1.89e+00  3.75e-03  0.2
0.85  1.23e+00  2.81e-03  0.2
0.95  8.15e-01  2.14e-03  0.3
1.05  5.56e-01  1.67e-03  0.3
1.15  3.79e-01  1.31e-03  0.3
1.25  2.65e-01  1.04e-03  0.4
1.35  1.87e-01  8.39e-04  0.4
1.45  1.32e-01  6.77e-04  0.5
1.55  9.63e-02  5.57e-04  0.6
1.65  6.80e-02  4.52e-04  0.7
1.75  4.96e-02  3.74e-04  0.8
1.85  3.66e-02  3.11e-04  0.8
1.95  2.69e-02  2.59e-04  1.0
2.10  1.69e-02  1.39e-04  0.8
2.30  9.61e-03  9.96e-05  1.0
2.50  5.75e-03  7.37e-05  1.3
2.70  3.37e-03  5.41e-05  1.6
2.90  1.97e-03  3.99e-05  2.0
3.12  1.19e-03  2.65e-05  2.2
3.38  6.42e-04  1.88e-05  2.9
3.62  3.77e-04  1.39e-05  3.7
3.88  2.24e-04  1.06e-05  4.7
4.20  1.24e-04  5.77e-06  4.6
4.60  5.72e-05  3.83e-06  6.7
5.00  2.76e-05  2.60e-06  9.4
5.40  1.25e-05  1.96e-06  15.7
5.80  8.63e-06  1.57e-06  18.2
6.25  3.94e-06  1.16e-06  29.5
6.75  1.55e-06  7.51e-07  48.5
7.50  1.09e-06  4.27e-07  39.2
8.50  4.07e-07  3.62e-07  88.9
9.50  3.80e-07  3.16e-07  83.1
11.00  0.00e+00  0.00e+00  0.0
13.00  5.97e-08  5.97e-08  99.9
15.50  0.00e+00  0.00e+00  0.0
