0.05  0.00e+00  0.00e+00  0.0
0.15  0.00e+00  0.00e+00  0.0
0.25  0.00e+00  0.00e+00  0.0
0.35  0.00e+00  0.00e+00  0.0
0.45  0.00e+00  0.00e+00  0.0
0.55  8.46e+00  1.71e-02  0.2
0.65  5.37e+00  1.23e-02  0.2
0.75  3.46e+00  9.02e-03  0.3
0.85  2.28e+00  6.80e-03  0.3
0.95  1.51e+00  5.18e-03  0.3
1.05  1.04e+00  4.06e-03  0.4
1.15  7.10e-01  3.18e-03  0.4
1.25  5.01e-01  2.55e-03  0.5
1.35  3.53e-01  2.05e-03  0.6
1.45  2.48e-01  1.65e-03  0.7
1.55  1.82e-01  1.36e-03  0.7
1.65  1.31e-01  1.11e-03  0.9
1.75  9.42e-02  9.16e-04  1.0
1.85  6.93e-02  7.61e-04  1.1
1.95  5.12e-02  6.36e-04  1.2
2.10  3.24e-02  3.41e-04  1.1
2.30  1.81e-02  2.43e-04  1.3
2.50  1.08e-02  1.80e-04  1.7
2.70  6.44e-03  1.33e-04  2.1
2.90  3.73e-03  9.83e-05  2.6
3.12  2.22e-03  6.44e-05  2.9
3.38  1.22e-03  4.62e-05  3.8
3.62  7.12e-04  3.41e-05  4.8
3.88  4.48e-04  2.64e-05  5.9
4.20  2.46e-04  1.44e-05  5.9
4.60  1.02e-04  9.19e-06  9.0
5.00  5.13e-05  6.13e-06  12.0
5.40  2.69e-05  4.84e-06  18.0
5.80  1.67e-05  3.91e-06  23.4
6.25  7.84e-06  2.80e-06  35.7
6.75  4.19e-06  1.61e-06  38.4
7.50  1.57e-06  1.16e-06  73.9
8.50  1.04e-06  7.66e-07  73.3
9.50  8.64e-07  7.19e-07  83.2
11.00  1.82e-07  5.64e-07  309.2
13.00  1.72e-07  1.38e-07  79.9
15.50  0.00e+00  0.00e+00  0.0
