0.05  0.00e+00  0.00e+00  0.0
0.15  0.00e+00  0.00e+00  0.0
0.25  0.00e+00  0.00e+00  0.0
0.35  0.00e+00  0.00e+00  0.0
0.45  0.00e+00  0.00e+00  0.0
0.55  4.45e+01  1.39e-02  0.0
0.65  2.92e+01  1.02e-02  0.0
0.75  1.95e+01  7.65e-03  0.0
0.85  1.33e+01  5.88e-03  0.0
0.95  9.14e+00  4.59e-03  0.1
1.05  6.42e+00  3.64e-03  0.1
1.15  4.57e+00  2.92e-03  0.1
1.25  3.29e+00  2.37e-03  0.1
1.35  2.38e+00  1.93e-03  0.1
1.45  1.73e+00  1.58e-03  0.1
1.55  1.26e+00  1.30e-03  0.1
1.65  9.17e-01  1.07e-03  0.1
1.75  6.75e-01  8.93e-04  0.1
1.85  4.96e-01  7.43e-04  0.1
1.95  3.65e-01  6.20e-04  0.2
2.10  2.31e-01  3.33e-04  0.1
2.30  1.28e-01  2.37e-04  0.2
2.50  7.25e-02  1.70e-04  0.2
2.70  4.11e-02  1.23e-04  0.3
2.90  2.38e-02  9.04e-05  0.4
3.12  1.32e-02  5.78e-05  0.4
3.38  7.06e-03  4.09e-05  0.6
3.62  3.89e-03  2.94e-05  0.8
3.88  2.21e-03  2.16e-05  1.0
4.20  1.09e-03  1.15e-05  1.1
4.60  4.89e-04  7.65e-06  1.6
5.00  2.29e-04  5.21e-06  2.3
5.40  1.26e-04  3.95e-06  3.1
5.80  6.41e-05  2.98e-06  4.6
6.25  3.35e-05  2.15e-06  6.4
6.75  1.89e-05  1.70e-06  9.0
7.50  8.55e-06  9.37e-07  11.0
8.50  3.01e-06  8.18e-07  27.1
9.50  1.96e-06  7.50e-07  38.2
11.00  4.22e-07  4.90e-07  116.2
13.00  7.88e-08  1.19e-07  151.1
15.50  0.00e+00  0.00e+00  0.0
