0.05  0.00e+00  0.00e+00  0.0
0.15  0.00e+00  0.00e+00  0.0
0.25  0.00e+00  0.00e+00  0.0
0.35  0.00e+00  0.00e+00  0.0
0.45  0.00e+00  0.00e+00  0.0
0.55  6.70e+01  5.03e-02  0.1
0.65  4.40e+01  3.68e-02  0.1
0.75  2.94e+01  2.76e-02  0.1
0.85  2.00e+01  2.12e-02  0.1
0.95  1.38e+01  1.65e-02  0.1
1.05  9.67e+00  1.30e-02  0.1
1.15  6.91e+00  1.05e-02  0.2
1.25  4.97e+00  8.48e-03  0.2
1.35  3.60e+00  6.91e-03  0.2
1.45  2.62e+00  5.67e-03  0.2
1.55  1.90e+00  4.65e-03  0.2
1.65  1.40e+00  3.85e-03  0.3
1.75  1.02e+00  3.20e-03  0.3
1.85  7.51e-01  2.66e-03  0.4
1.95  5.59e-01  2.23e-03  0.4
2.10  3.53e-01  1.20e-03  0.3
2.30  1.97e-01  8.49e-04  0.4
2.50  1.12e-01  6.14e-04  0.5
2.70  6.36e-02  4.44e-04  0.7
2.90  3.67e-02  3.25e-04  0.9
3.12  2.05e-02  2.09e-04  1.0
3.38  1.10e-02  1.47e-04  1.3
3.62  6.19e-03  1.07e-04  1.7
3.88  3.53e-03  7.84e-05  2.2
4.20  1.72e-03  4.16e-05  2.4
4.60  7.64e-04  2.75e-05  3.6
5.00  3.53e-04  1.83e-05  5.2
5.40  2.16e-04  1.46e-05  6.8
5.80  1.01e-04  1.11e-05  10.9
6.25  5.62e-05  7.56e-06  13.5
6.75  3.98e-05  5.90e-06  14.8
7.50  1.27e-05  3.24e-06  25.5
8.50  4.17e-06  2.95e-06  70.7
9.50  3.05e-06  2.78e-06  91.2
11.00  1.79e-06  1.64e-06  91.8
13.00  0.00e+00  0.00e+00  0.0
15.50  0.00e+00  0.00e+00  0.0
