0.05  0.00e+00  0.00e+00  0.0
0.15  0.00e+00  0.00e+00  0.0
0.25  0.00e+00  0.00e+00  0.0
0.35  0.00e+00  0.00e+00  0.0
0.45  0.00e+00  0.00e+00  0.0
0.55  1.15e+02  6.88e-02  0.1
0.65  7.57e+01  5.07e-02  0.1
0.75  5.08e+01  3.83e-02  0.1
0.85  3.47e+01  2.95e-02  0.1
0.95  2.40e+01  2.31e-02  0.1
1.05  1.70e+01  1.84e-02  0.1
1.15  1.21e+01  1.48e-02  0.1
1.25  8.78e+00  1.20e-02  0.1
1.35  6.38e+00  9.84e-03  0.2
1.45  4.66e+00  8.09e-03  0.2
1.55  3.38e+00  6.64e-03  0.2
1.65  2.47e+00  5.50e-03  0.2
1.75  1.81e+00  4.57e-03  0.3
1.85  1.35e+00  3.82e-03  0.3
1.95  9.89e-01  3.18e-03  0.3
2.10  6.18e-01  1.70e-03  0.3
2.30  3.43e-01  1.21e-03  0.4
2.50  1.89e-01  8.59e-04  0.5
2.70  1.08e-01  6.22e-04  0.6
2.90  6.21e-02  4.57e-04  0.7
3.12  3.36e-02  2.88e-04  0.9
3.38  1.79e-02  2.04e-04  1.1
3.62  9.67e-03  1.46e-04  1.5
3.88  5.31e-03  1.07e-04  2.0
4.20  2.55e-03  5.60e-05  2.2
4.60  1.10e-03  3.64e-05  3.3
5.00  5.42e-04  2.58e-05  4.8
5.40  2.89e-04  2.01e-05  7.0
5.80  1.29e-04  1.43e-05  11.1
6.25  7.83e-05  1.10e-05  14.0
6.75  3.85e-05  8.65e-06  22.5
7.50  1.78e-05  4.76e-06  26.7
8.50  8.77e-06  3.96e-06  45.2
9.50  2.98e-06  3.94e-06  132.5
11.00  1.80e-06  2.46e-06  137.1
13.00  0.00e+00  0.00e+00  0.0
15.50  0.00e+00  0.00e+00  0.0
