0.05  0.00e+00  0.00e+00  0.0
0.15  0.00e+00  0.00e+00  0.0
0.25  0.00e+00  0.00e+00  0.0
0.35  0.00e+00  0.00e+00  0.0
0.45  0.00e+00  0.00e+00  0.0
0.55  1.85e+00  7.40e-03  0.4
0.65  1.15e+00  5.24e-03  0.5
0.75  7.04e-01  3.77e-03  0.5
0.85  4.54e-01  2.80e-03  0.6
0.95  2.97e-01  2.12e-03  0.7
1.05  1.97e-01  1.63e-03  0.8
1.15  1.34e-01  1.28e-03  1.0
1.25  9.13e-02  1.00e-03  1.1
1.35  6.49e-02  8.13e-04  1.3
1.45  4.64e-02  6.58e-04  1.4
1.55  3.32e-02  5.36e-04  1.6
1.65  2.23e-02  4.25e-04  1.9
1.75  1.67e-02  3.56e-04  2.1
1.85  1.26e-02  3.01e-04  2.4
1.95  8.99e-03  2.47e-04  2.7
2.10  5.65e-03  1.32e-04  2.3
2.30  3.17e-03  9.43e-05  3.0
2.50  2.04e-03  7.18e-05  3.5
2.70  1.14e-03  5.19e-05  4.6
2.90  6.70e-04  3.80e-05  5.7
3.12  4.27e-04  2.61e-05  6.1
3.38  2.22e-04  1.83e-05  8.2
3.62  1.09e-04  1.23e-05  11.3
3.88  7.53e-05  1.03e-05  13.7
4.20  3.95e-05  5.38e-06  13.6
4.60  2.13e-05  3.77e-06  17.7
5.00  1.08e-05  2.61e-06  24.2
5.40  3.00e-06  1.44e-06  48.1
5.80  2.79e-06  1.24e-06  44.4
6.25  1.21e-06  1.63e-06  134.9
6.75  0.00e+00  0.00e+00  0.0
7.50  4.51e-08  1.86e-07  412.2
8.50  0.00e+00  0.00e+00  0.0
9.50  3.50e-08  2.01e-07  573.5
11.00  0.00e+00  0.00e+00  0.0
13.00  4.48e-08  4.48e-08  100.0
15.50  0.00e+00  0.00e+00  0.0
