0.05  0.00e+00  0.00e+00  0.0
0.15  0.00e+00  0.00e+00  0.0
0.25  0.00e+00  0.00e+00  0.0
0.35  0.00e+00  0.00e+00  0.0
0.45  0.00e+00  0.00e+00  0.0
0.55  1.25e+02  1.03e-01  0.1
0.65  8.25e+01  7.57e-02  0.1
0.75  5.54e+01  5.72e-02  0.1
0.85  3.79e+01  4.42e-02  0.1
0.95  2.62e+01  3.46e-02  0.1
1.05  1.85e+01  2.76e-02  0.1
1.15  1.32e+01  2.22e-02  0.2
1.25  9.61e+00  1.81e-02  0.2
1.35  6.97e+00  1.48e-02  0.2
1.45  5.10e+00  1.22e-02  0.2
1.55  3.70e+00  9.99e-03  0.3
1.65  2.69e+00  8.25e-03  0.3
1.75  1.98e+00  6.85e-03  0.3
1.85  1.47e+00  5.74e-03  0.4
1.95  1.07e+00  4.77e-03  0.4
2.10  6.73e-01  2.55e-03  0.4
2.30  3.71e-01  1.81e-03  0.5
2.50  2.04e-01  1.28e-03  0.6
2.70  1.16e-01  9.27e-04  0.8
2.90  6.67e-02  6.80e-04  1.0
3.12  3.56e-02  4.29e-04  1.2
3.38  1.90e-02  3.03e-04  1.6
3.62  1.03e-02  2.17e-04  2.1
3.88  5.63e-03  1.59e-04  2.8
4.20  2.81e-03  8.46e-05  3.0
4.60  1.15e-03  5.43e-05  4.7
5.00  5.75e-04  3.80e-05  6.6
5.40  3.13e-04  3.00e-05  9.6
5.80  1.32e-04  2.23e-05  16.9
6.25  9.91e-05  1.76e-05  17.7
6.75  5.01e-05  1.26e-05  25.1
7.50  1.62e-05  7.10e-06  43.7
8.50  6.41e-06  6.02e-06  94.0
9.50  5.62e-06  5.70e-06  101.4
11.00  2.97e-06  3.71e-06  125.1
13.00  0.00e+00  0.00e+00  0.0
15.50  0.00e+00  0.00e+00  0.0
