0.05  0.00e+00  0.00e+00  0.0
0.15  0.00e+00  0.00e+00  0.0
0.25  0.00e+00  0.00e+00  0.0
0.35  0.00e+00  0.00e+00  0.0
0.45  0.00e+00  0.00e+00  0.0
0.55  9.60e+01  6.15e-02  0.1
0.65  6.34e+01  4.53e-02  0.1
0.75  4.25e+01  3.41e-02  0.1
0.85  2.90e+01  2.62e-02  0.1
0.95  2.00e+01  2.05e-02  0.1
1.05  1.41e+01  1.63e-02  0.1
1.15  1.01e+01  1.31e-02  0.1
1.25  7.30e+00  1.06e-02  0.1
1.35  5.30e+00  8.70e-03  0.2
1.45  3.87e+00  7.15e-03  0.2
1.55  2.80e+00  5.86e-03  0.2
1.65  2.06e+00  4.86e-03  0.2
1.75  1.51e+00  4.04e-03  0.3
1.85  1.11e+00  3.36e-03  0.3
1.95  8.23e-01  2.81e-03  0.3
2.10  5.16e-01  1.50e-03  0.3
2.30  2.89e-01  1.07e-03  0.4
2.50  1.61e-01  7.67e-04  0.5
2.70  9.13e-02  5.54e-04  0.6
2.90  5.29e-02  4.07e-04  0.8
3.12  2.91e-02  2.58e-04  0.9
3.38  1.57e-02  1.84e-04  1.2
3.62  8.44e-03  1.31e-04  1.5
3.88  4.76e-03  9.64e-05  2.0
4.20  2.20e-03  4.99e-05  2.3
4.60  9.94e-04  3.32e-05  3.3
5.00  4.79e-04  2.31e-05  4.8
5.40  2.62e-04  1.75e-05  6.7
5.80  1.13e-04  1.23e-05  10.9
6.25  5.59e-05  9.11e-06  16.3
6.75  3.02e-05  7.34e-06  24.3
7.50  1.81e-05  4.13e-06  22.8
8.50  7.89e-06  3.41e-06  43.3
9.50  3.73e-06  3.41e-06  91.5
11.00  2.20e-06  1.99e-06  90.4
13.00  0.00e+00  0.00e+00  0.0
15.50  2.88e-07  3.25e-07  112.7
