0.05  0.00e+00  0.00e+00  0.0
0.15  0.00e+00  0.00e+00  0.0
0.25  0.00e+00  0.00e+00  0.0
0.35  0.00e+00  0.00e+00  0.0
0.45  0.00e+00  0.00e+00  0.0
0.55  7.40e+01  4.34e-02  0.1
0.65  4.87e+01  3.18e-02  0.1
0.75  3.26e+01  2.39e-02  0.1
0.85  2.21e+01  1.83e-02  0.1
0.95  1.53e+01  1.43e-02  0.1
1.05  1.07e+01  1.13e-02  0.1
1.15  7.68e+00  9.10e-03  0.1
1.25  5.54e+00  7.38e-03  0.1
1.35  4.01e+00  6.01e-03  0.1
1.45  2.93e+00  4.94e-03  0.2
1.55  2.12e+00  4.05e-03  0.2
1.65  1.56e+00  3.36e-03  0.2
1.75  1.14e+00  2.79e-03  0.2
1.85  8.36e-01  2.31e-03  0.3
1.95  6.21e-01  1.94e-03  0.3
2.10  3.92e-01  1.04e-03  0.3
2.30  2.19e-01  7.40e-04  0.3
2.50  1.25e-01  5.34e-04  0.4
2.70  7.02e-02  3.85e-04  0.5
2.90  4.06e-02  2.82e-04  0.7
3.12  2.26e-02  1.80e-04  0.8
3.38  1.22e-02  1.28e-04  1.1
3.62  6.76e-03  9.26e-05  1.4
3.88  3.87e-03  6.80e-05  1.8
4.20  1.85e-03  3.58e-05  1.9
4.60  8.25e-04  2.38e-05  2.9
5.00  3.86e-04  1.59e-05  4.1
5.40  2.30e-04  1.23e-05  5.3
5.80  1.01e-04  9.25e-06  9.1
6.25  5.55e-05  6.52e-06  11.8
6.75  3.77e-05  4.93e-06  13.1
7.50  1.42e-05  2.80e-06  19.8
8.50  4.46e-06  2.48e-06  55.5
9.50  4.27e-06  2.33e-06  54.5
11.00  2.39e-06  1.35e-06  56.5
13.00  0.00e+00  0.00e+00  0.0
15.50  4.15e-08  2.12e-07  511.6
