0.05  0.00e+00  0.00e+00  0.0
0.15  0.00e+00  0.00e+00  0.0
0.25  0.00e+00  0.00e+00  0.0
0.35  0.00e+00  0.00e+00  0.0
0.45  0.00e+00  0.00e+00  0.0
0.55  1.36e+02  7.61e-02  0.1
0.65  9.00e+01  5.62e-02  0.1
0.75  6.04e+01  4.25e-02  0.1
0.85  4.13e+01  3.28e-02  0.1
0.95  2.86e+01  2.57e-02  0.1
1.05  2.02e+01  2.05e-02  0.1
1.15  1.45e+01  1.65e-02  0.1
1.25  1.05e+01  1.34e-02  0.1
1.35  7.60e+00  1.10e-02  0.1
1.45  5.55e+00  9.05e-03  0.2
1.55  4.03e+00  7.44e-03  0.2
1.65  2.93e+00  6.14e-03  0.2
1.75  2.16e+00  5.11e-03  0.2
1.85  1.59e+00  4.26e-03  0.3
1.95  1.16e+00  3.54e-03  0.3
2.10  7.30e-01  1.90e-03  0.3
2.30  3.99e-01  1.34e-03  0.3
2.50  2.22e-01  9.55e-04  0.4
2.70  1.24e-01  6.87e-04  0.6
2.90  7.08e-02  5.02e-04  0.7
3.12  3.78e-02  3.16e-04  0.8
3.38  1.98e-02  2.21e-04  1.1
3.62  1.06e-02  1.58e-04  1.5
3.88  5.87e-03  1.15e-04  2.0
4.20  2.92e-03  6.19e-05  2.1
4.60  1.21e-03  4.04e-05  3.3
5.00  5.82e-04  2.81e-05  4.8
5.40  3.21e-04  2.17e-05  6.8
5.80  1.46e-04  1.62e-05  11.1
6.25  8.58e-05  1.31e-05  15.2
6.75  4.94e-05  9.98e-06  20.2
7.50  1.88e-05  5.34e-06  28.4
8.50  1.33e-05  4.59e-06  34.5
9.50  7.52e-06  4.21e-06  56.0
11.00  0.00e+00  0.00e+00  0.0
13.00  5.35e-07  6.86e-07  128.4
15.50  0.00e+00  0.00e+00  0.0
