0.05  0.00e+00  0.00e+00  0.0
0.15  0.00e+00  0.00e+00  0.0
0.25  0.00e+00  0.00e+00  0.0
0.35  0.00e+00  0.00e+00  0.0
0.45  0.00e+00  0.00e+00  0.0
0.55  2.94e+01  1.88e-02  0.1
0.65  1.91e+01  1.36e-02  0.1
0.75  1.26e+01  1.02e-02  0.1
0.85  8.51e+00  7.75e-03  0.1
0.95  5.81e+00  6.00e-03  0.1
1.05  4.04e+00  4.72e-03  0.1
1.15  2.85e+00  3.77e-03  0.1
1.25  2.03e+00  3.03e-03  0.1
1.35  1.46e+00  2.46e-03  0.2
1.45  1.06e+00  2.01e-03  0.2
1.55  7.66e-01  1.65e-03  0.2
1.65  5.56e-01  1.36e-03  0.2
1.75  4.11e-01  1.13e-03  0.3
1.85  3.01e-01  9.39e-04  0.3
1.95  2.22e-01  7.85e-04  0.4
2.10  1.43e-01  4.24e-04  0.3
2.30  8.02e-02  3.03e-04  0.4
2.50  4.58e-02  2.19e-04  0.5
2.70  2.65e-02  1.60e-04  0.6
2.90  1.55e-02  1.18e-04  0.8
3.12  8.94e-03  7.68e-05  0.9
3.38  4.85e-03  5.46e-05  1.1
3.62  2.73e-03  3.95e-05  1.4
3.88  1.58e-03  2.92e-05  1.8
4.20  8.20e-04  1.59e-05  1.9
4.60  3.86e-04  1.07e-05  2.8
5.00  1.74e-04  7.06e-06  4.1
5.40  9.22e-05  5.11e-06  5.5
5.80  5.76e-05  4.10e-06  7.1
6.25  2.82e-05  2.58e-06  9.1
6.75  1.41e-05  2.21e-06  15.7
7.50  7.24e-06  1.23e-06  17.0
8.50  4.87e-07  1.12e-06  230.7
9.50  7.88e-07  9.38e-07  119.0
11.00  4.48e-07  5.87e-07  131.2
13.00  9.21e-08  1.55e-07  168.5
15.50  0.00e+00  0.00e+00  0.0
