0.05  0.00e+00  0.00e+00  0.0
0.15  0.00e+00  0.00e+00  0.0
0.25  0.00e+00  0.00e+00  0.0
0.35  0.00e+00  0.00e+00  0.0
0.45  0.00e+00  0.00e+00  0.0
0.55  5.49e+01  4.52e-02  0.1
0.65  3.60e+01  3.30e-02  0.1
0.75  2.40e+01  2.47e-02  0.1
0.85  1.63e+01  1.89e-02  0.1
0.95  1.12e+01  1.48e-02  0.1
1.05  7.87e+00  1.17e-02  0.1
1.15  5.61e+00  9.35e-03  0.2
1.25  4.02e+00  7.56e-03  0.2
1.35  2.91e+00  6.16e-03  0.2
1.45  2.11e+00  5.05e-03  0.2
1.55  1.53e+00  4.15e-03  0.3
1.65  1.12e+00  3.42e-03  0.3
1.75  8.26e-01  2.85e-03  0.3
1.85  6.09e-01  2.37e-03  0.4
1.95  4.48e-01  1.98e-03  0.4
2.10  2.87e-01  1.07e-03  0.4
2.30  1.60e-01  7.60e-04  0.5
2.50  9.16e-02  5.49e-04  0.6
2.70  5.22e-02  3.98e-04  0.8
2.90  3.03e-02  2.92e-04  1.0
3.12  1.69e-02  1.88e-04  1.1
3.38  9.25e-03  1.34e-04  1.5
3.62  5.18e-03  9.67e-05  1.9
3.88  2.97e-03  7.07e-05  2.4
4.20  1.45e-03  3.79e-05  2.6
4.60  6.79e-04  2.57e-05  3.8
5.00  3.03e-04  1.66e-05  5.5
5.40  1.85e-04  1.29e-05  7.0
5.80  7.36e-05  9.75e-06  13.2
6.25  4.97e-05  6.06e-06  12.2
6.75  3.15e-05  5.84e-06  18.5
7.50  1.29e-05  3.00e-06  23.3
8.50  2.88e-06  2.64e-06  91.5
9.50  2.55e-06  2.51e-06  98.3
11.00  1.27e-06  1.39e-06  109.9
13.00  0.00e+00  0.00e+00  0.0
15.50  4.36e-08  2.12e-07  486.1
