0.05  0.00e+00  0.00e+00  0.0
0.15  0.00e+00  0.00e+00  0.0
0.25  0.00e+00  0.00e+00  0.0
0.35  0.00e+00  0.00e+00  0.0
0.45  0.00e+00  0.00e+00  0.0
0.55  1.05e+02  9.19e-02  0.1
0.65  6.91e+01  6.77e-02  0.1
0.75  4.63e+01  5.10e-02  0.1
0.85  3.16e+01  3.93e-02  0.1
0.95  2.19e+01  3.08e-02  0.1
1.05  1.55e+01  2.45e-02  0.2
1.15  1.11e+01  1.97e-02  0.2
1.25  7.97e+00  1.60e-02  0.2
1.35  5.80e+00  1.31e-02  0.2
1.45  4.22e+00  1.07e-02  0.3
1.55  3.06e+00  8.79e-03  0.3
1.65  2.25e+00  7.30e-03  0.3
1.75  1.65e+00  6.06e-03  0.4
1.85  1.22e+00  5.06e-03  0.4
1.95  9.06e-01  4.24e-03  0.5
2.10  5.65e-01  2.26e-03  0.4
2.30  3.16e-01  1.61e-03  0.5
2.50  1.75e-01  1.15e-03  0.7
2.70  9.98e-02  8.33e-04  0.8
2.90  5.75e-02  6.11e-04  1.1
3.12  3.16e-02  3.87e-04  1.2
3.38  1.68e-02  2.74e-04  1.6
3.62  9.05e-03  1.95e-04  2.2
3.88  5.00e-03  1.43e-04  2.9
4.20  2.30e-03  7.39e-05  3.2
4.60  1.05e-03  4.87e-05  4.6
5.00  5.08e-04  3.49e-05  6.9
5.40  2.66e-04  2.70e-05  10.2
5.80  1.26e-04  1.82e-05  14.4
6.25  5.86e-05  1.35e-05  23.0
6.75  2.75e-05  1.19e-05  43.2
7.50  1.93e-05  6.36e-06  33.0
8.50  1.10e-05  5.19e-06  47.4
9.50  4.96e-07  5.45e-06  1097.7
11.00  6.95e-07  3.26e-06  469.2
13.00  0.00e+00  0.00e+00  0.0
15.50  1.08e-07  4.85e-07  449.0
