0.05  0.00e+00  0.00e+00  0.0
0.15  0.00e+00  0.00e+00  0.0
0.25  0.00e+00  0.00e+00  0.0
0.35  0.00e+00  0.00e+00  0.0
0.45  0.00e+00  0.00e+00  0.0
0.55  1.61e+01  2.38e-02  0.1
0.65  1.03e+01  1.71e-02  0.2
0.75  6.71e+00  1.27e-02  0.2
0.85  4.47e+00  9.61e-03  0.2
0.95  3.03e+00  7.41e-03  0.2
1.05  2.07e+00  5.78e-03  0.3
1.15  1.45e+00  4.59e-03  0.3
1.25  1.02e+00  3.68e-03  0.4
1.35  7.27e-01  2.97e-03  0.4
1.45  5.26e-01  2.42e-03  0.5
1.55  3.78e-01  1.98e-03  0.5
1.65  2.74e-01  1.63e-03  0.6
1.75  2.02e-01  1.35e-03  0.7
1.85  1.47e-01  1.12e-03  0.8
1.95  1.09e-01  9.36e-04  0.9
2.10  7.02e-02  5.07e-04  0.7
2.30  4.00e-02  3.65e-04  0.9
2.50  2.28e-02  2.63e-04  1.2
2.70  1.35e-02  1.94e-04  1.4
2.90  7.79e-03  1.42e-04  1.8
3.12  4.63e-03  9.40e-05  2.0
3.38  2.44e-03  6.59e-05  2.7
3.62  1.41e-03  4.88e-05  3.5
3.88  8.45e-04  3.66e-05  4.3
4.20  4.27e-04  1.94e-05  4.5
4.60  2.21e-04  1.40e-05  6.3
5.00  9.73e-05  8.70e-06  8.9
5.40  5.30e-05  6.54e-06  12.3
5.80  2.87e-05  4.90e-06  17.1
6.25  1.57e-05  3.63e-06  23.1
6.75  8.44e-06  3.19e-06  37.8
7.50  4.32e-06  1.47e-06  34.0
8.50  3.07e-08  1.05e-06  3421.7
9.50  2.01e-06  7.09e-07  35.3
11.00  1.07e-07  9.00e-07  840.9
13.00  2.86e-07  2.38e-07  83.5
15.50  0.00e+00  0.00e+00  0.0
