0.05  0.00e+00  0.00e+00  0.0
0.15  0.00e+00  0.00e+00  0.0
0.25  0.00e+00  0.00e+00  0.0
0.35  0.00e+00  0.00e+00  0.0
0.45  0.00e+00  0.00e+00  0.0
0.55  2.79e+01  3.14e-02  0.1
0.65  1.81e+01  2.28e-02  0.1
0.75  1.20e+01  1.70e-02  0.1
0.85  8.05e+00  1.29e-02  0.2
0.95  5.47e+00  9.98e-03  0.2
1.05  3.80e+00  7.85e-03  0.2
1.15  2.68e+00  6.26e-03  0.2
1.25  1.90e+00  5.03e-03  0.3
1.35  1.37e+00  4.08e-03  0.3
1.45  9.89e-01  3.34e-03  0.3
1.55  7.16e-01  2.73e-03  0.4
1.65  5.21e-01  2.25e-03  0.4
1.75  3.82e-01  1.87e-03  0.5
1.85  2.79e-01  1.55e-03  0.6
1.95  2.09e-01  1.30e-03  0.6
2.10  1.33e-01  7.01e-04  0.5
2.30  7.53e-02  5.02e-04  0.7
2.50  4.30e-02  3.63e-04  0.8
2.70  2.46e-02  2.65e-04  1.1
2.90  1.45e-02  1.95e-04  1.3
3.12  8.58e-03  1.29e-04  1.5
3.38  4.67e-03  9.20e-05  2.0
3.62  2.54e-03  6.51e-05  2.6
3.88  1.45e-03  4.80e-05  3.3
4.20  7.93e-04  2.67e-05  3.4
4.60  3.75e-04  1.76e-05  4.7
5.00  1.65e-04  1.18e-05  7.2
5.40  7.69e-05  8.05e-06  10.5
5.80  5.79e-05  7.21e-06  12.5
6.25  2.63e-05  4.14e-06  15.7
6.75  1.23e-05  3.26e-06  26.6
7.50  6.95e-06  2.11e-06  30.3
8.50  1.97e-06  2.01e-06  102.1
9.50  0.00e+00  0.00e+00  0.0
11.00  1.02e-06  9.73e-07  95.8
13.00  0.00e+00  0.00e+00  0.0
15.50  0.00e+00  0.00e+00  0.0
