  100000000      1.1             # run and version numbers

 Panel   H/V Layer Tube      x1      x2      y1      y2
 ----- ----- ----- ---- ------- ------- ------- -------
 0     0     0        0 -264.89  255.11 -253.01 -253.01
 0     0     0        1 -264.89  255.11 -244.61 -244.61
 0     0     0        2 -264.89  255.11 -236.21 -236.21
 0     0     0        3 -264.89  255.11 -227.81 -227.81
 0     0     0        4 -264.89  255.11 -219.41 -219.41
 0     0     0        5 -264.89  255.11 -211.01 -211.01
 0     0     0        6 -264.89  255.11 -202.61 -202.61
 0     0     0        7 -264.89  255.11 -194.21 -194.21
 0     0     0        8 -264.89  255.11 -185.81 -185.81
 0     0     0        9 -264.89  255.11 -177.41 -177.41
 0     0     0       10 -264.89  255.11 -169.01 -169.01
 0     0     0       11 -264.89  255.11 -160.61 -160.61
 0     0     0       12 -264.89  255.11 -152.21 -152.21
 0     0     0       13 -264.89  255.11 -143.81 -143.81
 0     0     0       14 -264.89  255.11 -135.41 -135.41
 0     0     0       15 -264.89  255.11 -127.01 -127.01
 0     0     0       16 -264.89  255.11 -118.61 -118.61
 0     0     0       17 -264.89  255.11 -110.21 -110.21
 0     0     0       18 -264.89  255.11 -101.81 -101.81
 0     0     0       19 -264.89  255.11  -93.41  -93.41
 0     0     0       20 -264.89  255.11  -85.01  -85.01
 0     0     0       21 -264.89  255.11  -76.61  -76.61
 0     0     0       22 -264.89  255.11  -68.21  -68.21
 0     0     0       23 -264.89  255.11  -59.81  -59.81
 0     0     0       24 -264.89  255.11  -51.41  -51.41
 0     0     0       25 -264.89  255.11  -43.01  -43.01
 0     0     0       26 -264.89  255.11  -34.61  -34.61
 0     0     0       27 -264.89  255.11  -26.21  -26.21
 0     0     0       28 -264.89  255.11  -17.81  -17.81
 0     0     0       29 -264.89  255.11   -9.41   -9.41
 0     0     0       30 -264.89  255.11   -1.01   -1.01
 0     0     0       31 -264.89  255.11    7.39    7.39
 0     0     0       32 -264.89  255.11   15.79   15.79
 0     0     0       33 -264.89  255.11   24.19   24.19
 0     0     0       34 -264.89  255.11   32.59   32.59
 0     0     0       35 -264.89  255.11   40.99   40.99
 0     0     0       36 -264.89  255.11   49.39   49.39
 0     0     0       37 -264.89  255.11   57.79   57.79
 0     0     0       38 -264.89  255.11   66.19   66.19
 0     0     0       39 -264.89  255.11   74.59   74.59
 0     0     0       40 -264.89  255.11   82.99   82.99
 0     0     0       41 -264.89  255.11   91.39   91.39
 0     0     0       42 -264.89  255.11   99.79   99.79
 0     0     0       43 -264.89  255.11  108.19  108.19
 0     0     0       44 -264.89  255.11  116.59  116.59
 0     0     0       45 -264.89  255.11  124.99  124.99
 0     0     0       46 -264.89  255.11  133.39  133.39
 0     0     0       47 -264.89  255.11  141.79  141.79
 0     0     0       48 -264.89  255.11  150.19  150.19
 0     0     0       49 -264.89  255.11  158.59  158.59
 0     0     0       50 -264.89  255.11  166.99  166.99
 0     0     0       51 -264.89  255.11  175.39  175.39
 0     0     0       52 -264.89  255.11  183.79  183.79
 0     0     0       53 -264.89  255.11  192.19  192.19
 0     0     0       54 -264.89  255.11  200.59  200.59
 0     0     0       55 -264.89  255.11  208.99  208.99
 0     0     0       56 -264.89  255.11  217.39  217.39
 0     0     0       57 -264.89  255.11  225.79  225.79
 0     0     0       58 -264.89  255.11  234.19  234.19
 0     0     1        0 -264.89  255.11 -252.51 -252.51
 0     0     1        1 -264.89  255.11 -244.11 -244.11
 0     0     1        2 -264.89  255.11 -235.71 -235.71
 0     0     1        3 -264.89  255.11 -227.31 -227.31
 0     0     1        4 -264.89  255.11 -218.91 -218.91
 0     0     1        5 -264.89  255.11 -210.51 -210.51
 0     0     1        6 -264.89  255.11 -202.11 -202.11
 0     0     1        7 -264.89  255.11 -193.71 -193.71
 0     0     1        8 -264.89  255.11 -185.31 -185.31
 0     0     1        9 -264.89  255.11 -176.91 -176.91
 0     0     1       10 -264.89  255.11 -168.51 -168.51
 0     0     1       11 -264.89  255.11 -160.11 -160.11
 0     0     1       12 -264.89  255.11 -151.71 -151.71
 0     0     1       13 -264.89  255.11 -143.31 -143.31
 0     0     1       14 -264.89  255.11 -134.91 -134.91
 0     0     1       15 -264.89  255.11 -126.51 -126.51
 0     0     1       16 -264.89  255.11 -118.11 -118.11
 0     0     1       17 -264.89  255.11 -109.71 -109.71
 0     0     1       18 -264.89  255.11 -101.31 -101.31
 0     0     1       19 -264.89  255.11  -92.91  -92.91
 0     0     1       20 -264.89  255.11  -84.51  -84.51
 0     0     1       21 -264.89  255.11  -76.11  -76.11
 0     0     1       22 -264.89  255.11  -67.71  -67.71
 0     0     1       23 -264.89  255.11  -59.31  -59.31
 0     0     1       24 -264.89  255.11  -50.91  -50.91
 0     0     1       25 -264.89  255.11  -42.51  -42.51
 0     0     1       26 -264.89  255.11  -34.11  -34.11
 0     0     1       27 -264.89  255.11  -25.71  -25.71
 0     0     1       28 -264.89  255.11  -17.31  -17.31
 0     0     1       29 -264.89  255.11   -8.91   -8.91
 0     0     1       30 -264.89  255.11   -0.51   -0.51
 0     0     1       31 -264.89  255.11    7.89    7.89
 0     0     1       32 -264.89  255.11   16.29   16.29
 0     0     1       33 -264.89  255.11   24.69   24.69
 0     0     1       34 -264.89  255.11   33.09   33.09
 0     0     1       35 -264.89  255.11   41.49   41.49
 0     0     1       36 -264.89  255.11   49.89   49.89
 0     0     1       37 -264.89  255.11   58.29   58.29
 0     0     1       38 -264.89  255.11   66.69   66.69
 0     0     1       39 -264.89  255.11   75.09   75.09
 0     0     1       40 -264.89  255.11   83.49   83.49
 0     0     1       41 -264.89  255.11   91.89   91.89
 0     0     1       42 -264.89  255.11  100.29  100.29
 0     0     1       43 -264.89  255.11  108.69  108.69
 0     0     1       44 -264.89  255.11  117.09  117.09
 0     0     1       45 -264.89  255.11  125.49  125.49
 0     0     1       46 -264.89  255.11  133.89  133.89
 0     0     1       47 -264.89  255.11  142.29  142.29
 0     0     1       48 -264.89  255.11  150.69  150.69
 0     0     1       49 -264.89  255.11  159.09  159.09
 0     0     1       50 -264.89  255.11  167.49  167.49
 0     0     1       51 -264.89  255.11  175.89  175.89
 0     0     1       52 -264.89  255.11  184.29  184.29
 0     0     1       53 -264.89  255.11  192.69  192.69
 0     0     1       54 -264.89  255.11  201.09  201.09
 0     0     1       55 -264.89  255.11  209.49  209.49
 0     0     1       56 -264.89  255.11  217.89  217.89
 0     0     1       57 -264.89  255.11  226.29  226.29
 0     0     1       58 -264.89  255.11  234.69  234.69
 0     1     0        0 -263.99 -263.99 -256.71  244.29
 0     1     0        1 -255.60 -255.60 -256.71  244.29
 0     1     0        2 -247.20 -247.20 -256.71  244.29
 0     1     0        3 -238.80 -238.80 -256.71  244.29
 0     1     0        4 -230.40 -230.40 -256.71  244.29
 0     1     0        5 -222.00 -222.00 -256.71  244.29
 0     1     0        6 -213.60 -213.60 -256.71  244.29
 0     1     0        7 -205.20 -205.20 -256.71  244.29
 0     1     0        8 -196.80 -196.80 -256.71  244.29
 0     1     0        9 -188.40 -188.40 -256.71  244.29
 0     1     0       10 -180.00 -180.00 -256.71  244.29
 0     1     0       11 -171.60 -171.60 -256.71  244.29
 0     1     0       12 -163.20 -163.20 -256.71  244.29
 0     1     0       13 -154.80 -154.80 -256.71  244.29
 0     1     0       14 -146.40 -146.40 -256.71  244.29
 0     1     0       15 -138.00 -138.00 -256.71  244.29
 0     1     0       16 -129.60 -129.60 -256.71  244.29
 0     1     0       17 -121.20 -121.20 -256.71  244.29
 0     1     0       18 -112.80 -112.80 -256.71  244.29
 0     1     0       19 -104.40 -104.40 -256.71  244.29
 0     1     0       20  -96.00  -96.00 -256.71  244.29
 0     1     0       21  -87.60  -87.60 -256.71  244.29
 0     1     0       22  -79.20  -79.20 -256.71  244.29
 0     1     0       23  -70.80  -70.80 -256.71  244.29
 0     1     0       24  -62.40  -62.40 -256.71  244.29
 0     1     0       25  -54.00  -54.00 -256.71  244.29
 0     1     0       26  -45.60  -45.60 -256.71  244.29
 0     1     0       27  -37.20  -37.20 -256.71  244.29
 0     1     0       28  -28.80  -28.80 -256.71  244.29
 0     1     0       29  -20.40  -20.40 -256.71  244.29
 0     1     0       30  -12.00  -12.00 -256.71  244.29
 0     1     0       31   -3.60   -3.60 -256.71  244.29
 0     1     0       32    4.80    4.80 -256.71  244.29
 0     1     0       33   13.20   13.20 -256.71  244.29
 0     1     0       34   21.60   21.60 -256.71  244.29
 0     1     0       35   30.00   30.00 -256.71  244.29
 0     1     0       36   38.40   38.40 -256.71  244.29
 0     1     0       37   46.80   46.80 -256.71  244.29
 0     1     0       38   55.20   55.20 -256.71  244.29
 0     1     0       39   63.60   63.60 -256.71  244.29
 0     1     0       40   72.00   72.00 -256.71  244.29
 0     1     0       41   80.40   80.40 -256.71  244.29
 0     1     0       42   88.80   88.80 -256.71  244.29
 0     1     0       43   97.20   97.20 -256.71  244.29
 0     1     0       44  105.60  105.60 -256.71  244.29
 0     1     0       45  114.00  114.00 -256.71  244.29
 0     1     0       46  122.40  122.40 -256.71  244.29
 0     1     0       47  130.80  130.80 -256.71  244.29
 0     1     0       48  139.20  139.20 -256.71  244.29
 0     1     0       49  147.60  147.60 -256.71  244.29
 0     1     0       50  156.00  156.00 -256.71  244.29
 0     1     0       51  164.40  164.40 -256.71  244.29
 0     1     0       52  172.80  172.80 -256.71  244.29
 0     1     0       53  181.20  181.20 -256.71  244.29
 0     1     0       54  189.60  189.60 -256.71  244.29
 0     1     0       55  198.00  198.00 -256.71  244.29
 0     1     0       56  206.40  206.40 -256.71  244.29
 0     1     0       57  214.80  214.80 -256.71  244.29
 0     1     0       58  223.20  223.20 -256.71  244.29
 0     1     0       59  231.60  231.60 -256.71  244.29
 0     1     0       60  240.00  240.00 -256.71  244.29
 0     1     0       61  248.40  248.40 -256.71  244.29
 0     1     0       62  256.80  256.80 -256.71  244.29
 0     1     0       63  265.20  265.20 -256.71  244.29
 0     1     1        0 -263.49 -263.49 -256.71  244.29
 0     1     1        1 -255.10 -255.10 -256.71  244.29
 0     1     1        2 -246.70 -246.70 -256.71  244.29
 0     1     1        3 -238.30 -238.30 -256.71  244.29
 0     1     1        4 -229.90 -229.90 -256.71  244.29
 0     1     1        5 -221.50 -221.50 -256.71  244.29
 0     1     1        6 -213.10 -213.10 -256.71  244.29
 0     1     1        7 -204.70 -204.70 -256.71  244.29
 0     1     1        8 -196.30 -196.30 -256.71  244.29
 0     1     1        9 -187.90 -187.90 -256.71  244.29
 0     1     1       10 -179.50 -179.50 -256.71  244.29
 0     1     1       11 -171.10 -171.10 -256.71  244.29
 0     1     1       12 -162.70 -162.70 -256.71  244.29
 0     1     1       13 -154.30 -154.30 -256.71  244.29
 0     1     1       14 -145.90 -145.90 -256.71  244.29
 0     1     1       15 -137.50 -137.50 -256.71  244.29
 0     1     1       16 -129.10 -129.10 -256.71  244.29
 0     1     1       17 -120.70 -120.70 -256.71  244.29
 0     1     1       18 -112.30 -112.30 -256.71  244.29
 0     1     1       19 -103.90 -103.90 -256.71  244.29
 0     1     1       20  -95.50  -95.50 -256.71  244.29
 0     1     1       21  -87.10  -87.10 -256.71  244.29
 0     1     1       22  -78.70  -78.70 -256.71  244.29
 0     1     1       23  -70.30  -70.30 -256.71  244.29
 0     1     1       24  -61.90  -61.90 -256.71  244.29
 0     1     1       25  -53.50  -53.50 -256.71  244.29
 0     1     1       26  -45.10  -45.10 -256.71  244.29
 0     1     1       27  -36.70  -36.70 -256.71  244.29
 0     1     1       28  -28.30  -28.30 -256.71  244.29
 0     1     1       29  -19.90  -19.90 -256.71  244.29
 0     1     1       30  -11.50  -11.50 -256.71  244.29
 0     1     1       31   -3.10   -3.10 -256.71  244.29
 0     1     1       32    5.30    5.30 -256.71  244.29
 0     1     1       33   13.70   13.70 -256.71  244.29
 0     1     1       34   22.10   22.10 -256.71  244.29
 0     1     1       35   30.50   30.50 -256.71  244.29
 0     1     1       36   38.90   38.90 -256.71  244.29
 0     1     1       37   47.30   47.30 -256.71  244.29
 0     1     1       38   55.70   55.70 -256.71  244.29
 0     1     1       39   64.10   64.10 -256.71  244.29
 0     1     1       40   72.50   72.50 -256.71  244.29
 0     1     1       41   80.90   80.90 -256.71  244.29
 0     1     1       42   89.30   89.30 -256.71  244.29
 0     1     1       43   97.70   97.70 -256.71  244.29
 0     1     1       44  106.10  106.10 -256.71  244.29
 0     1     1       45  114.50  114.50 -256.71  244.29
 0     1     1       46  122.90  122.90 -256.71  244.29
 0     1     1       47  131.30  131.30 -256.71  244.29
 0     1     1       48  139.70  139.70 -256.71  244.29
 0     1     1       49  148.10  148.10 -256.71  244.29
 0     1     1       50  156.50  156.50 -256.71  244.29
 0     1     1       51  164.90  164.90 -256.71  244.29
 0     1     1       52  173.30  173.30 -256.71  244.29
 0     1     1       53  181.70  181.70 -256.71  244.29
 0     1     1       54  190.10  190.10 -256.71  244.29
 0     1     1       55  198.50  198.50 -256.71  244.29
 0     1     1       56  206.90  206.90 -256.71  244.29
 0     1     1       57  215.30  215.30 -256.71  244.29
 0     1     1       58  223.70  223.70 -256.71  244.29
 0     1     1       59  232.10  232.10 -256.71  244.29
 0     1     1       60  240.50  240.50 -256.71  244.29
 0     1     1       61  248.90  248.90 -256.71  244.29
 0     1     1       62  257.30  257.30 -256.71  244.29
 0     1     1       63  265.70  265.70 -256.71  244.29

 Panel   H/V Layer Tube      x1      x2      y1      y2
 ----- ----- ----- ---- ------- ------- ------- -------
 1     0     0        0 -120.23  130.17 -202.67 -202.67
 1     0     0        1 -120.23  130.17 -194.27 -194.27
 1     0     0        2 -120.23  130.17 -185.87 -185.87
 1     0     0        3 -120.23  130.17 -177.47 -177.47
 1     0     0        4 -120.23  130.17 -169.07 -169.07
 1     0     0        5 -120.23  130.17 -160.67 -160.67
 1     0     0        6 -120.23  130.17 -152.27 -152.27
 1     0     0        7 -120.23  130.17 -143.87 -143.87
 1     0     0        8 -120.23  130.17 -135.47 -135.47
 1     0     0        9 -120.23  130.17 -127.07 -127.07
 1     0     0       10 -120.23  130.17 -118.67 -118.67
 1     0     0       11 -120.23  130.17 -110.27 -110.27
 1     0     0       12 -120.23  130.17 -101.87 -101.87
 1     0     0       13 -120.23  130.17  -93.47  -93.47
 1     0     0       14 -120.23  130.17  -85.07  -85.07
 1     0     0       15 -120.23  130.17  -76.67  -76.67
 1     0     0       16 -120.23  130.17  -68.27  -68.27
 1     0     0       17 -120.23  130.17  -59.87  -59.87
 1     0     0       18 -120.23  130.17  -51.47  -51.47
 1     0     0       19 -120.23  130.17  -43.07  -43.07
 1     0     0       20 -120.23  130.17  -34.67  -34.67
 1     0     0       21 -120.23  130.17  -26.27  -26.27
 1     0     0       22 -120.23  130.17  -17.87  -17.87
 1     0     0       23 -120.23  130.17   -9.47   -9.47
 1     0     0       24 -120.23  130.17   -1.07   -1.07
 1     0     0       25 -120.23  130.17    7.33    7.33
 1     0     0       26 -120.23  130.17   15.73   15.73
 1     0     0       27 -120.23  130.17   24.13   24.13
 1     0     0       28 -120.23  130.17   32.53   32.53
 1     0     0       29 -120.23  130.17   40.93   40.93
 1     0     0       30 -120.23  130.17   49.33   49.33
 1     0     0       31 -120.23  130.17   57.73   57.73
 1     0     0       32 -120.23  130.17   66.13   66.13
 1     0     0       33 -120.23  130.17   74.53   74.53
 1     0     0       34 -120.23  130.17   82.93   82.93
 1     0     0       35 -120.23  130.17   91.33   91.33
 1     0     0       36 -120.23  130.17   99.73   99.73
 1     0     0       37 -120.23  130.17  108.13  108.13
 1     0     0       38 -120.23  130.17  116.53  116.53
 1     0     0       39 -120.23  130.17  124.93  124.93
 1     0     0       40 -120.23  130.17  133.33  133.33
 1     0     0       41 -120.23  130.17  141.73  141.73
 1     0     0       42 -120.23  130.17  150.13  150.13
 1     0     0       43 -120.23  130.17  158.53  158.53
 1     0     0       44 -120.23  130.17  166.93  166.93
 1     0     1        0 -120.23  130.17 -202.17 -202.17
 1     0     1        1 -120.23  130.17 -193.77 -193.77
 1     0     1        2 -120.23  130.17 -185.37 -185.37
 1     0     1        3 -120.23  130.17 -176.97 -176.97
 1     0     1        4 -120.23  130.17 -168.57 -168.57
 1     0     1        5 -120.23  130.17 -160.17 -160.17
 1     0     1        6 -120.23  130.17 -151.77 -151.77
 1     0     1        7 -120.23  130.17 -143.37 -143.37
 1     0     1        8 -120.23  130.17 -134.97 -134.97
 1     0     1        9 -120.23  130.17 -126.57 -126.57
 1     0     1       10 -120.23  130.17 -118.17 -118.17
 1     0     1       11 -120.23  130.17 -109.77 -109.77
 1     0     1       12 -120.23  130.17 -101.37 -101.37
 1     0     1       13 -120.23  130.17  -92.97  -92.97
 1     0     1       14 -120.23  130.17  -84.57  -84.57
 1     0     1       15 -120.23  130.17  -76.17  -76.17
 1     0     1       16 -120.23  130.17  -67.77  -67.77
 1     0     1       17 -120.23  130.17  -59.37  -59.37
 1     0     1       18 -120.23  130.17  -50.97  -50.97
 1     0     1       19 -120.23  130.17  -42.57  -42.57
 1     0     1       20 -120.23  130.17  -34.17  -34.17
 1     0     1       21 -120.23  130.17  -25.77  -25.77
 1     0     1       22 -120.23  130.17  -17.37  -17.37
 1     0     1       23 -120.23  130.17   -8.97   -8.97
 1     0     1       24 -120.23  130.17   -0.57   -0.57
 1     0     1       25 -120.23  130.17    7.83    7.83
 1     0     1       26 -120.23  130.17   16.23   16.23
 1     0     1       27 -120.23  130.17   24.63   24.63
 1     0     1       28 -120.23  130.17   33.03   33.03
 1     0     1       29 -120.23  130.17   41.43   41.43
 1     0     1       30 -120.23  130.17   49.83   49.83
 1     0     1       31 -120.23  130.17   58.23   58.23
 1     0     1       32 -120.23  130.17   66.63   66.63
 1     0     1       33 -120.23  130.17   75.03   75.03
 1     0     1       34 -120.23  130.17   83.43   83.43
 1     0     1       35 -120.23  130.17   91.83   91.83
 1     0     1       36 -120.23  130.17  100.23  100.23
 1     0     1       37 -120.23  130.17  108.63  108.63
 1     0     1       38 -120.23  130.17  117.03  117.03
 1     0     1       39 -120.23  130.17  125.43  125.43
 1     0     1       40 -120.23  130.17  133.83  133.83
 1     0     1       41 -120.23  130.17  142.23  142.23
 1     0     1       42 -120.23  130.17  150.63  150.63
 1     0     1       43 -120.23  130.17  159.03  159.03
 1     0     1       44 -120.23  130.17  167.43  167.43
 1     1     0        0 -100.53 -100.53 -206.07  175.93
 1     1     0        1  -92.13  -92.13 -206.07  175.93
 1     1     0        2  -83.73  -83.73 -206.07  175.93
 1     1     0        3  -75.33  -75.33 -206.07  175.93
 1     1     0        4  -66.93  -66.93 -206.07  175.93
 1     1     0        5  -58.53  -58.53 -206.07  175.93
 1     1     0        6  -50.13  -50.13 -206.07  175.93
 1     1     0        7  -41.73  -41.73 -206.07  175.93
 1     1     0        8  -33.33  -33.33 -206.07  175.93
 1     1     0        9  -24.93  -24.93 -206.07  175.93
 1     1     0       10  -16.53  -16.53 -206.07  175.93
 1     1     0       11   -8.13   -8.13 -206.07  175.93
 1     1     0       12    0.27    0.27 -206.07  175.93
 1     1     0       13    8.67    8.67 -206.07  175.93
 1     1     0       14   17.07   17.07 -206.07  175.93
 1     1     0       15   25.47   25.47 -206.07  175.93
 1     1     0       16   33.87   33.87 -206.07  175.93
 1     1     0       17   42.27   42.27 -206.07  175.93
 1     1     0       18   50.67   50.67 -206.07  175.93
 1     1     0       19   59.07   59.07 -206.07  175.93
 1     1     0       20   67.47   67.47 -206.07  175.93
 1     1     0       21   75.87   75.87 -206.07  175.93
 1     1     0       22   84.27   84.27 -206.07  175.93
 1     1     0       23   92.67   92.67 -206.07  175.93
 1     1     0       24  101.07  101.07 -206.07  175.93
 1     1     0       25  109.47  109.47 -206.07  175.93
 1     1     1        0 -100.03 -100.03 -206.07  175.93
 1     1     1        1  -91.63  -91.63 -206.07  175.93
 1     1     1        2  -83.23  -83.23 -206.07  175.93
 1     1     1        3  -74.83  -74.83 -206.07  175.93
 1     1     1        4  -66.43  -66.43 -206.07  175.93
 1     1     1        5  -58.03  -58.03 -206.07  175.93
 1     1     1        6  -49.63  -49.63 -206.07  175.93
 1     1     1        7  -41.23  -41.23 -206.07  175.93
 1     1     1        8  -32.83  -32.83 -206.07  175.93
 1     1     1        9  -24.43  -24.43 -206.07  175.93
 1     1     1       10  -16.03  -16.03 -206.07  175.93
 1     1     1       11   -7.63   -7.63 -206.07  175.93
 1     1     1       12    0.77    0.77 -206.07  175.93
 1     1     1       13    9.17    9.17 -206.07  175.93
 1     1     1       14   17.57   17.57 -206.07  175.93
 1     1     1       15   25.97   25.97 -206.07  175.93
 1     1     1       16   34.37   34.37 -206.07  175.93
 1     1     1       17   42.77   42.77 -206.07  175.93
 1     1     1       18   51.17   51.17 -206.07  175.93
 1     1     1       19   59.57   59.57 -206.07  175.93
 1     1     1       20   67.97   67.97 -206.07  175.93
 1     1     1       21   76.37   76.37 -206.07  175.93
 1     1     1       22   84.77   84.77 -206.07  175.93
 1     1     1       23   93.17   93.17 -206.07  175.93
 1     1     1       24  101.57  101.57 -206.07  175.93
 1     1     1       25  109.97  109.97 -206.07  175.93

 Panel   H/V Layer Tube      x1      x2      y1      y2
 ----- ----- ----- ---- ------- ------- ------- -------
 2     0     0        0 -255.11  264.89 -253.01 -253.01
 2     0     0        1 -255.11  264.89 -244.61 -244.61
 2     0     0        2 -255.11  264.89 -236.21 -236.21
 2     0     0        3 -255.11  264.89 -227.81 -227.81
 2     0     0        4 -255.11  264.89 -219.41 -219.41
 2     0     0        5 -255.11  264.89 -211.01 -211.01
 2     0     0        6 -255.11  264.89 -202.61 -202.61
 2     0     0        7 -255.11  264.89 -194.21 -194.21
 2     0     0        8 -255.11  264.89 -185.81 -185.81
 2     0     0        9 -255.11  264.89 -177.41 -177.41
 2     0     0       10 -255.11  264.89 -169.01 -169.01
 2     0     0       11 -255.11  264.89 -160.61 -160.61
 2     0     0       12 -255.11  264.89 -152.21 -152.21
 2     0     0       13 -255.11  264.89 -143.81 -143.81
 2     0     0       14 -255.11  264.89 -135.41 -135.41
 2     0     0       15 -255.11  264.89 -127.01 -127.01
 2     0     0       16 -255.11  264.89 -118.61 -118.61
 2     0     0       17 -255.11  264.89 -110.21 -110.21
 2     0     0       18 -255.11  264.89 -101.81 -101.81
 2     0     0       19 -255.11  264.89  -93.41  -93.41
 2     0     0       20 -255.11  264.89  -85.01  -85.01
 2     0     0       21 -255.11  264.89  -76.61  -76.61
 2     0     0       22 -255.11  264.89  -68.21  -68.21
 2     0     0       23 -255.11  264.89  -59.81  -59.81
 2     0     0       24 -255.11  264.89  -51.41  -51.41
 2     0     0       25 -255.11  264.89  -43.01  -43.01
 2     0     0       26 -255.11  264.89  -34.61  -34.61
 2     0     0       27 -255.11  264.89  -26.21  -26.21
 2     0     0       28 -255.11  264.89  -17.81  -17.81
 2     0     0       29 -255.11  264.89   -9.41   -9.41
 2     0     0       30 -255.11  264.89   -1.01   -1.01
 2     0     0       31 -255.11  264.89    7.39    7.39
 2     0     0       32 -255.11  264.89   15.79   15.79
 2     0     0       33 -255.11  264.89   24.19   24.19
 2     0     0       34 -255.11  264.89   32.59   32.59
 2     0     0       35 -255.11  264.89   40.99   40.99
 2     0     0       36 -255.11  264.89   49.39   49.39
 2     0     0       37 -255.11  264.89   57.79   57.79
 2     0     0       38 -255.11  264.89   66.19   66.19
 2     0     0       39 -255.11  264.89   74.59   74.59
 2     0     0       40 -255.11  264.89   82.99   82.99
 2     0     0       41 -255.11  264.89   91.39   91.39
 2     0     0       42 -255.11  264.89   99.79   99.79
 2     0     0       43 -255.11  264.89  108.19  108.19
 2     0     0       44 -255.11  264.89  116.59  116.59
 2     0     0       45 -255.11  264.89  124.99  124.99
 2     0     0       46 -255.11  264.89  133.39  133.39
 2     0     0       47 -255.11  264.89  141.79  141.79
 2     0     0       48 -255.11  264.89  150.19  150.19
 2     0     0       49 -255.11  264.89  158.59  158.59
 2     0     0       50 -255.11  264.89  166.99  166.99
 2     0     0       51 -255.11  264.89  175.39  175.39
 2     0     0       52 -255.11  264.89  183.79  183.79
 2     0     0       53 -255.11  264.89  192.19  192.19
 2     0     0       54 -255.11  264.89  200.59  200.59
 2     0     0       55 -255.11  264.89  208.99  208.99
 2     0     0       56 -255.11  264.89  217.39  217.39
 2     0     0       57 -255.11  264.89  225.79  225.79
 2     0     0       58 -255.11  264.89  234.19  234.19
 2     0     1        0 -255.11  264.89 -252.51 -252.51
 2     0     1        1 -255.11  264.89 -244.11 -244.11
 2     0     1        2 -255.11  264.89 -235.71 -235.71
 2     0     1        3 -255.11  264.89 -227.31 -227.31
 2     0     1        4 -255.11  264.89 -218.91 -218.91
 2     0     1        5 -255.11  264.89 -210.51 -210.51
 2     0     1        6 -255.11  264.89 -202.11 -202.11
 2     0     1        7 -255.11  264.89 -193.71 -193.71
 2     0     1        8 -255.11  264.89 -185.31 -185.31
 2     0     1        9 -255.11  264.89 -176.91 -176.91
 2     0     1       10 -255.11  264.89 -168.51 -168.51
 2     0     1       11 -255.11  264.89 -160.11 -160.11
 2     0     1       12 -255.11  264.89 -151.71 -151.71
 2     0     1       13 -255.11  264.89 -143.31 -143.31
 2     0     1       14 -255.11  264.89 -134.91 -134.91
 2     0     1       15 -255.11  264.89 -126.51 -126.51
 2     0     1       16 -255.11  264.89 -118.11 -118.11
 2     0     1       17 -255.11  264.89 -109.71 -109.71
 2     0     1       18 -255.11  264.89 -101.31 -101.31
 2     0     1       19 -255.11  264.89  -92.91  -92.91
 2     0     1       20 -255.11  264.89  -84.51  -84.51
 2     0     1       21 -255.11  264.89  -76.11  -76.11
 2     0     1       22 -255.11  264.89  -67.71  -67.71
 2     0     1       23 -255.11  264.89  -59.31  -59.31
 2     0     1       24 -255.11  264.89  -50.91  -50.91
 2     0     1       25 -255.11  264.89  -42.51  -42.51
 2     0     1       26 -255.11  264.89  -34.11  -34.11
 2     0     1       27 -255.11  264.89  -25.71  -25.71
 2     0     1       28 -255.11  264.89  -17.31  -17.31
 2     0     1       29 -255.11  264.89   -8.91   -8.91
 2     0     1       30 -255.11  264.89   -0.51   -0.51
 2     0     1       31 -255.11  264.89    7.89    7.89
 2     0     1       32 -255.11  264.89   16.29   16.29
 2     0     1       33 -255.11  264.89   24.69   24.69
 2     0     1       34 -255.11  264.89   33.09   33.09
 2     0     1       35 -255.11  264.89   41.49   41.49
 2     0     1       36 -255.11  264.89   49.89   49.89
 2     0     1       37 -255.11  264.89   58.29   58.29
 2     0     1       38 -255.11  264.89   66.69   66.69
 2     0     1       39 -255.11  264.89   75.09   75.09
 2     0     1       40 -255.11  264.89   83.49   83.49
 2     0     1       41 -255.11  264.89   91.89   91.89
 2     0     1       42 -255.11  264.89  100.29  100.29
 2     0     1       43 -255.11  264.89  108.69  108.69
 2     0     1       44 -255.11  264.89  117.09  117.09
 2     0     1       45 -255.11  264.89  125.49  125.49
 2     0     1       46 -255.11  264.89  133.89  133.89
 2     0     1       47 -255.11  264.89  142.29  142.29
 2     0     1       48 -255.11  264.89  150.69  150.69
 2     0     1       49 -255.11  264.89  159.09  159.09
 2     0     1       50 -255.11  264.89  167.49  167.49
 2     0     1       51 -255.11  264.89  175.89  175.89
 2     0     1       52 -255.11  264.89  184.29  184.29
 2     0     1       53 -255.11  264.89  192.69  192.69
 2     0     1       54 -255.11  264.89  201.09  201.09
 2     0     1       55 -255.11  264.89  209.49  209.49
 2     0     1       56 -255.11  264.89  217.89  217.89
 2     0     1       57 -255.11  264.89  226.29  226.29
 2     0     1       58 -255.11  264.89  234.69  234.69
 2     1     0        0 -266.20 -266.20 -256.71  244.29
 2     1     0        1 -257.80 -257.80 -256.71  244.29
 2     1     0        2 -249.40 -249.40 -256.71  244.29
 2     1     0        3 -241.00 -241.00 -256.71  244.29
 2     1     0        4 -232.60 -232.60 -256.71  244.29
 2     1     0        5 -224.20 -224.20 -256.71  244.29
 2     1     0        6 -215.80 -215.80 -256.71  244.29
 2     1     0        7 -207.40 -207.40 -256.71  244.29
 2     1     0        8 -199.00 -199.00 -256.71  244.29
 2     1     0        9 -190.60 -190.60 -256.71  244.29
 2     1     0       10 -182.20 -182.20 -256.71  244.29
 2     1     0       11 -173.80 -173.80 -256.71  244.29
 2     1     0       12 -165.40 -165.40 -256.71  244.29
 2     1     0       13 -157.00 -157.00 -256.71  244.29
 2     1     0       14 -148.60 -148.60 -256.71  244.29
 2     1     0       15 -140.20 -140.20 -256.71  244.29
 2     1     0       16 -131.80 -131.80 -256.71  244.29
 2     1     0       17 -123.40 -123.40 -256.71  244.29
 2     1     0       18 -115.00 -115.00 -256.71  244.29
 2     1     0       19 -106.60 -106.60 -256.71  244.29
 2     1     0       20  -98.20  -98.20 -256.71  244.29
 2     1     0       21  -89.80  -89.80 -256.71  244.29
 2     1     0       22  -81.40  -81.40 -256.71  244.29
 2     1     0       23  -73.00  -73.00 -256.71  244.29
 2     1     0       24  -64.60  -64.60 -256.71  244.29
 2     1     0       25  -56.20  -56.20 -256.71  244.29
 2     1     0       26  -47.80  -47.80 -256.71  244.29
 2     1     0       27  -39.40  -39.40 -256.71  244.29
 2     1     0       28  -31.00  -31.00 -256.71  244.29
 2     1     0       29  -22.60  -22.60 -256.71  244.29
 2     1     0       30  -14.20  -14.20 -256.71  244.29
 2     1     0       31   -5.80   -5.80 -256.71  244.29
 2     1     0       32    2.60    2.60 -256.71  244.29
 2     1     0       33   11.00   11.00 -256.71  244.29
 2     1     0       34   19.40   19.40 -256.71  244.29
 2     1     0       35   27.80   27.80 -256.71  244.29
 2     1     0       36   36.20   36.20 -256.71  244.29
 2     1     0       37   44.60   44.60 -256.71  244.29
 2     1     0       38   53.00   53.00 -256.71  244.29
 2     1     0       39   61.40   61.40 -256.71  244.29
 2     1     0       40   69.80   69.80 -256.71  244.29
 2     1     0       41   78.20   78.20 -256.71  244.29
 2     1     0       42   86.60   86.60 -256.71  244.29
 2     1     0       43   95.00   95.00 -256.71  244.29
 2     1     0       44  103.40  103.40 -256.71  244.29
 2     1     0       45  111.80  111.80 -256.71  244.29
 2     1     0       46  120.20  120.20 -256.71  244.29
 2     1     0       47  128.60  128.60 -256.71  244.29
 2     1     0       48  137.00  137.00 -256.71  244.29
 2     1     0       49  145.40  145.40 -256.71  244.29
 2     1     0       50  153.80  153.80 -256.71  244.29
 2     1     0       51  162.20  162.20 -256.71  244.29
 2     1     0       52  170.60  170.60 -256.71  244.29
 2     1     0       53  179.00  179.00 -256.71  244.29
 2     1     0       54  187.40  187.40 -256.71  244.29
 2     1     0       55  195.80  195.80 -256.71  244.29
 2     1     0       56  204.20  204.20 -256.71  244.29
 2     1     0       57  212.60  212.60 -256.71  244.29
 2     1     0       58  221.00  221.00 -256.71  244.29
 2     1     0       59  229.40  229.40 -256.71  244.29
 2     1     0       60  237.80  237.80 -256.71  244.29
 2     1     0       61  246.20  246.20 -256.71  244.29
 2     1     0       62  254.60  254.60 -256.71  244.29
 2     1     0       63  262.99  262.99 -256.71  244.29
 2     1     1        0 -265.70 -265.70 -256.71  244.29
 2     1     1        1 -257.30 -257.30 -256.71  244.29
 2     1     1        2 -248.90 -248.90 -256.71  244.29
 2     1     1        3 -240.50 -240.50 -256.71  244.29
 2     1     1        4 -232.10 -232.10 -256.71  244.29
 2     1     1        5 -223.70 -223.70 -256.71  244.29
 2     1     1        6 -215.30 -215.30 -256.71  244.29
 2     1     1        7 -206.90 -206.90 -256.71  244.29
 2     1     1        8 -198.50 -198.50 -256.71  244.29
 2     1     1        9 -190.10 -190.10 -256.71  244.29
 2     1     1       10 -181.70 -181.70 -256.71  244.29
 2     1     1       11 -173.30 -173.30 -256.71  244.29
 2     1     1       12 -164.90 -164.90 -256.71  244.29
 2     1     1       13 -156.50 -156.50 -256.71  244.29
 2     1     1       14 -148.10 -148.10 -256.71  244.29
 2     1     1       15 -139.70 -139.70 -256.71  244.29
 2     1     1       16 -131.30 -131.30 -256.71  244.29
 2     1     1       17 -122.90 -122.90 -256.71  244.29
 2     1     1       18 -114.50 -114.50 -256.71  244.29
 2     1     1       19 -106.10 -106.10 -256.71  244.29
 2     1     1       20  -97.70  -97.70 -256.71  244.29
 2     1     1       21  -89.30  -89.30 -256.71  244.29
 2     1     1       22  -80.90  -80.90 -256.71  244.29
 2     1     1       23  -72.50  -72.50 -256.71  244.29
 2     1     1       24  -64.10  -64.10 -256.71  244.29
 2     1     1       25  -55.70  -55.70 -256.71  244.29
 2     1     1       26  -47.30  -47.30 -256.71  244.29
 2     1     1       27  -38.90  -38.90 -256.71  244.29
 2     1     1       28  -30.50  -30.50 -256.71  244.29
 2     1     1       29  -22.10  -22.10 -256.71  244.29
 2     1     1       30  -13.70  -13.70 -256.71  244.29
 2     1     1       31   -5.30   -5.30 -256.71  244.29
 2     1     1       32    3.10    3.10 -256.71  244.29
 2     1     1       33   11.50   11.50 -256.71  244.29
 2     1     1       34   19.90   19.90 -256.71  244.29
 2     1     1       35   28.30   28.30 -256.71  244.29
 2     1     1       36   36.70   36.70 -256.71  244.29
 2     1     1       37   45.10   45.10 -256.71  244.29
 2     1     1       38   53.50   53.50 -256.71  244.29
 2     1     1       39   61.90   61.90 -256.71  244.29
 2     1     1       40   70.30   70.30 -256.71  244.29
 2     1     1       41   78.70   78.70 -256.71  244.29
 2     1     1       42   87.10   87.10 -256.71  244.29
 2     1     1       43   95.50   95.50 -256.71  244.29
 2     1     1       44  103.90  103.90 -256.71  244.29
 2     1     1       45  112.30  112.30 -256.71  244.29
 2     1     1       46  120.70  120.70 -256.71  244.29
 2     1     1       47  129.10  129.10 -256.71  244.29
 2     1     1       48  137.50  137.50 -256.71  244.29
 2     1     1       49  145.90  145.90 -256.71  244.29
 2     1     1       50  154.30  154.30 -256.71  244.29
 2     1     1       51  162.70  162.70 -256.71  244.29
 2     1     1       52  171.10  171.10 -256.71  244.29
 2     1     1       53  179.50  179.50 -256.71  244.29
 2     1     1       54  187.90  187.90 -256.71  244.29
 2     1     1       55  196.30  196.30 -256.71  244.29
 2     1     1       56  204.70  204.70 -256.71  244.29
 2     1     1       57  213.10  213.10 -256.71  244.29
 2     1     1       58  221.50  221.50 -256.71  244.29
 2     1     1       59  229.90  229.90 -256.71  244.29
 2     1     1       60  238.30  238.30 -256.71  244.29
 2     1     1       61  246.70  246.70 -256.71  244.29
 2     1     1       62  255.10  255.10 -256.71  244.29
 2     1     1       63  263.49  263.49 -256.71  244.29

 Panel   H/V Layer Tube      x1      x2      y1      y2
 ----- ----- ----- ---- ------- ------- ------- -------
 3     0     0        0 -255.11  264.89 -238.27 -238.27
 3     0     0        1 -255.11  264.89 -229.87 -229.87
 3     0     0        2 -255.11  264.89 -221.47 -221.47
 3     0     0        3 -255.11  264.89 -213.07 -213.07
 3     0     0        4 -255.11  264.89 -204.67 -204.67
 3     0     0        5 -255.11  264.89 -196.27 -196.27
 3     0     0        6 -255.11  264.89 -187.87 -187.87
 3     0     0        7 -255.11  264.89 -179.47 -179.47
 3     0     0        8 -255.11  264.89 -171.07 -171.07
 3     0     0        9 -255.11  264.89 -162.67 -162.67
 3     0     0       10 -255.11  264.89 -154.27 -154.27
 3     0     0       11 -255.11  264.89 -145.87 -145.87
 3     0     0       12 -255.11  264.89 -137.47 -137.47
 3     0     0       13 -255.11  264.89 -129.07 -129.07
 3     0     0       14 -255.11  264.89 -120.67 -120.67
 3     0     0       15 -255.11  264.89 -112.27 -112.27
 3     0     0       16 -255.11  264.89 -103.87 -103.87
 3     0     0       17 -255.11  264.89  -95.47  -95.47
 3     0     0       18 -255.11  264.89  -87.07  -87.07
 3     0     0       19 -255.11  264.89  -78.67  -78.67
 3     0     0       20 -255.11  264.89  -70.27  -70.27
 3     0     0       21 -255.11  264.89  -61.87  -61.87
 3     0     0       22 -255.11  264.89  -53.47  -53.47
 3     0     0       23 -255.11  264.89  -45.07  -45.07
 3     0     0       24 -255.11  264.89  -36.67  -36.67
 3     0     0       25 -255.11  264.89  -28.27  -28.27
 3     0     0       26 -255.11  264.89  -19.87  -19.87
 3     0     0       27 -255.11  264.89  -11.47  -11.47
 3     0     0       28 -255.11  264.89   -3.07   -3.07
 3     0     0       29 -255.11  264.89    5.33    5.33
 3     0     0       30 -255.11  264.89   13.73   13.73
 3     0     0       31 -255.11  264.89   22.13   22.13
 3     0     0       32 -255.11  264.89   30.53   30.53
 3     0     0       33 -255.11  264.89   38.93   38.93
 3     0     0       34 -255.11  264.89   47.33   47.33
 3     0     0       35 -255.11  264.89   55.73   55.73
 3     0     0       36 -255.11  264.89   64.13   64.13
 3     0     0       37 -255.11  264.89   72.53   72.53
 3     0     0       38 -255.11  264.89   80.93   80.93
 3     0     0       39 -255.11  264.89   89.33   89.33
 3     0     0       40 -255.11  264.89   97.73   97.73
 3     0     0       41 -255.11  264.89  106.13  106.13
 3     0     0       42 -255.11  264.89  114.53  114.53
 3     0     0       43 -255.11  264.89  122.93  122.93
 3     0     0       44 -255.11  264.89  131.33  131.33
 3     0     0       45 -255.11  264.89  139.73  139.73
 3     0     0       46 -255.11  264.89  148.13  148.13
 3     0     0       47 -255.11  264.89  156.53  156.53
 3     0     0       48 -255.11  264.89  164.93  164.93
 3     0     0       49 -255.11  264.89  173.33  173.33
 3     0     0       50 -255.11  264.89  181.73  181.73
 3     0     0       51 -255.11  264.89  190.13  190.13
 3     0     0       52 -255.11  264.89  198.53  198.53
 3     0     0       53 -255.11  264.89  206.93  206.93
 3     0     0       54 -255.11  264.89  215.33  215.33
 3     0     0       55 -255.11  264.89  223.73  223.73
 3     0     0       56 -255.11  264.89  232.13  232.13
 3     0     0       57 -255.11  264.89  240.53  240.53
 3     0     0       58 -255.11  264.89  248.93  248.93
 3     0     1        0 -255.11  264.89 -237.77 -237.77
 3     0     1        1 -255.11  264.89 -229.37 -229.37
 3     0     1        2 -255.11  264.89 -220.97 -220.97
 3     0     1        3 -255.11  264.89 -212.57 -212.57
 3     0     1        4 -255.11  264.89 -204.17 -204.17
 3     0     1        5 -255.11  264.89 -195.77 -195.77
 3     0     1        6 -255.11  264.89 -187.37 -187.37
 3     0     1        7 -255.11  264.89 -178.97 -178.97
 3     0     1        8 -255.11  264.89 -170.57 -170.57
 3     0     1        9 -255.11  264.89 -162.17 -162.17
 3     0     1       10 -255.11  264.89 -153.77 -153.77
 3     0     1       11 -255.11  264.89 -145.37 -145.37
 3     0     1       12 -255.11  264.89 -136.97 -136.97
 3     0     1       13 -255.11  264.89 -128.57 -128.57
 3     0     1       14 -255.11  264.89 -120.17 -120.17
 3     0     1       15 -255.11  264.89 -111.77 -111.77
 3     0     1       16 -255.11  264.89 -103.37 -103.37
 3     0     1       17 -255.11  264.89  -94.97  -94.97
 3     0     1       18 -255.11  264.89  -86.57  -86.57
 3     0     1       19 -255.11  264.89  -78.17  -78.17
 3     0     1       20 -255.11  264.89  -69.77  -69.77
 3     0     1       21 -255.11  264.89  -61.37  -61.37
 3     0     1       22 -255.11  264.89  -52.97  -52.97
 3     0     1       23 -255.11  264.89  -44.57  -44.57
 3     0     1       24 -255.11  264.89  -36.17  -36.17
 3     0     1       25 -255.11  264.89  -27.77  -27.77
 3     0     1       26 -255.11  264.89  -19.37  -19.37
 3     0     1       27 -255.11  264.89  -10.97  -10.97
 3     0     1       28 -255.11  264.89   -2.57   -2.57
 3     0     1       29 -255.11  264.89    5.83    5.83
 3     0     1       30 -255.11  264.89   14.23   14.23
 3     0     1       31 -255.11  264.89   22.63   22.63
 3     0     1       32 -255.11  264.89   31.03   31.03
 3     0     1       33 -255.11  264.89   39.43   39.43
 3     0     1       34 -255.11  264.89   47.83   47.83
 3     0     1       35 -255.11  264.89   56.23   56.23
 3     0     1       36 -255.11  264.89   64.63   64.63
 3     0     1       37 -255.11  264.89   73.03   73.03
 3     0     1       38 -255.11  264.89   81.43   81.43
 3     0     1       39 -255.11  264.89   89.83   89.83
 3     0     1       40 -255.11  264.89   98.23   98.23
 3     0     1       41 -255.11  264.89  106.63  106.63
 3     0     1       42 -255.11  264.89  115.03  115.03
 3     0     1       43 -255.11  264.89  123.43  123.43
 3     0     1       44 -255.11  264.89  131.83  131.83
 3     0     1       45 -255.11  264.89  140.23  140.23
 3     0     1       46 -255.11  264.89  148.63  148.63
 3     0     1       47 -255.11  264.89  157.03  157.03
 3     0     1       48 -255.11  264.89  165.43  165.43
 3     0     1       49 -255.11  264.89  173.83  173.83
 3     0     1       50 -255.11  264.89  182.23  182.23
 3     0     1       51 -255.11  264.89  190.63  190.63
 3     0     1       52 -255.11  264.89  199.03  199.03
 3     0     1       53 -255.11  264.89  207.43  207.43
 3     0     1       54 -255.11  264.89  215.83  215.83
 3     0     1       55 -255.11  264.89  224.23  224.23
 3     0     1       56 -255.11  264.89  232.63  232.63
 3     0     1       57 -255.11  264.89  241.03  241.03
 3     0     1       58 -255.11  264.89  249.43  249.43
 3     1     0        0 -266.20 -266.20 -246.16  254.84
 3     1     0        1 -257.80 -257.80 -246.16  254.84
 3     1     0        2 -249.40 -249.40 -246.16  254.84
 3     1     0        3 -241.00 -241.00 -246.16  254.84
 3     1     0        4 -232.60 -232.60 -246.16  254.84
 3     1     0        5 -224.20 -224.20 -246.16  254.84
 3     1     0        6 -215.80 -215.80 -246.16  254.84
 3     1     0        7 -207.40 -207.40 -246.16  254.84
 3     1     0        8 -199.00 -199.00 -246.16  254.84
 3     1     0        9 -190.60 -190.60 -246.16  254.84
 3     1     0       10 -182.20 -182.20 -246.16  254.84
 3     1     0       11 -173.80 -173.80 -246.16  254.84
 3     1     0       12 -165.40 -165.40 -246.16  254.84
 3     1     0       13 -157.00 -157.00 -246.16  254.84
 3     1     0       14 -148.60 -148.60 -246.16  254.84
 3     1     0       15 -140.20 -140.20 -246.16  254.84
 3     1     0       16 -131.80 -131.80 -246.16  254.84
 3     1     0       17 -123.40 -123.40 -246.16  254.84
 3     1     0       18 -115.00 -115.00 -246.16  254.84
 3     1     0       19 -106.60 -106.60 -246.16  254.84
 3     1     0       20  -98.20  -98.20 -246.16  254.84
 3     1     0       21  -89.80  -89.80 -246.16  254.84
 3     1     0       22  -81.40  -81.40 -246.16  254.84
 3     1     0       23  -73.00  -73.00 -246.16  254.84
 3     1     0       24  -64.60  -64.60 -246.16  254.84
 3     1     0       25  -56.20  -56.20 -246.16  254.84
 3     1     0       26  -47.80  -47.80 -246.16  254.84
 3     1     0       27  -39.40  -39.40 -246.16  254.84
 3     1     0       28  -31.00  -31.00 -246.16  254.84
 3     1     0       29  -22.60  -22.60 -246.16  254.84
 3     1     0       30  -14.20  -14.20 -246.16  254.84
 3     1     0       31   -5.80   -5.80 -246.16  254.84
 3     1     0       32    2.60    2.60 -246.16  254.84
 3     1     0       33   11.00   11.00 -246.16  254.84
 3     1     0       34   19.40   19.40 -246.16  254.84
 3     1     0       35   27.80   27.80 -246.16  254.84
 3     1     0       36   36.20   36.20 -246.16  254.84
 3     1     0       37   44.60   44.60 -246.16  254.84
 3     1     0       38   53.00   53.00 -246.16  254.84
 3     1     0       39   61.40   61.40 -246.16  254.84
 3     1     0       40   69.80   69.80 -246.16  254.84
 3     1     0       41   78.20   78.20 -246.16  254.84
 3     1     0       42   86.60   86.60 -246.16  254.84
 3     1     0       43   95.00   95.00 -246.16  254.84
 3     1     0       44  103.40  103.40 -246.16  254.84
 3     1     0       45  111.80  111.80 -246.16  254.84
 3     1     0       46  120.20  120.20 -246.16  254.84
 3     1     0       47  128.60  128.60 -246.16  254.84
 3     1     0       48  137.00  137.00 -246.16  254.84
 3     1     0       49  145.40  145.40 -246.16  254.84
 3     1     0       50  153.80  153.80 -246.16  254.84
 3     1     0       51  162.20  162.20 -246.16  254.84
 3     1     0       52  170.60  170.60 -246.16  254.84
 3     1     0       53  179.00  179.00 -246.16  254.84
 3     1     0       54  187.40  187.40 -246.16  254.84
 3     1     0       55  195.80  195.80 -246.16  254.84
 3     1     0       56  204.20  204.20 -246.16  254.84
 3     1     0       57  212.60  212.60 -246.16  254.84
 3     1     0       58  221.00  221.00 -246.16  254.84
 3     1     0       59  229.40  229.40 -246.16  254.84
 3     1     0       60  237.80  237.80 -246.16  254.84
 3     1     0       61  246.20  246.20 -246.16  254.84
 3     1     0       62  254.60  254.60 -246.16  254.84
 3     1     0       63  262.99  262.99 -246.16  254.84
 3     1     1        0 -265.70 -265.70 -246.16  254.84
 3     1     1        1 -257.30 -257.30 -246.16  254.84
 3     1     1        2 -248.90 -248.90 -246.16  254.84
 3     1     1        3 -240.50 -240.50 -246.16  254.84
 3     1     1        4 -232.10 -232.10 -246.16  254.84
 3     1     1        5 -223.70 -223.70 -246.16  254.84
 3     1     1        6 -215.30 -215.30 -246.16  254.84
 3     1     1        7 -206.90 -206.90 -246.16  254.84
 3     1     1        8 -198.50 -198.50 -246.16  254.84
 3     1     1        9 -190.10 -190.10 -246.16  254.84
 3     1     1       10 -181.70 -181.70 -246.16  254.84
 3     1     1       11 -173.30 -173.30 -246.16  254.84
 3     1     1       12 -164.90 -164.90 -246.16  254.84
 3     1     1       13 -156.50 -156.50 -246.16  254.84
 3     1     1       14 -148.10 -148.10 -246.16  254.84
 3     1     1       15 -139.70 -139.70 -246.16  254.84
 3     1     1       16 -131.30 -131.30 -246.16  254.84
 3     1     1       17 -122.90 -122.90 -246.16  254.84
 3     1     1       18 -114.50 -114.50 -246.16  254.84
 3     1     1       19 -106.10 -106.10 -246.16  254.84
 3     1     1       20  -97.70  -97.70 -246.16  254.84
 3     1     1       21  -89.30  -89.30 -246.16  254.84
 3     1     1       22  -80.90  -80.90 -246.16  254.84
 3     1     1       23  -72.50  -72.50 -246.16  254.84
 3     1     1       24  -64.10  -64.10 -246.16  254.84
 3     1     1       25  -55.70  -55.70 -246.16  254.84
 3     1     1       26  -47.30  -47.30 -246.16  254.84
 3     1     1       27  -38.90  -38.90 -246.16  254.84
 3     1     1       28  -30.50  -30.50 -246.16  254.84
 3     1     1       29  -22.10  -22.10 -246.16  254.84
 3     1     1       30  -13.70  -13.70 -246.16  254.84
 3     1     1       31   -5.30   -5.30 -246.16  254.84
 3     1     1       32    3.10    3.10 -246.16  254.84
 3     1     1       33   11.50   11.50 -246.16  254.84
 3     1     1       34   19.90   19.90 -246.16  254.84
 3     1     1       35   28.30   28.30 -246.16  254.84
 3     1     1       36   36.70   36.70 -246.16  254.84
 3     1     1       37   45.10   45.10 -246.16  254.84
 3     1     1       38   53.50   53.50 -246.16  254.84
 3     1     1       39   61.90   61.90 -246.16  254.84
 3     1     1       40   70.30   70.30 -246.16  254.84
 3     1     1       41   78.70   78.70 -246.16  254.84
 3     1     1       42   87.10   87.10 -246.16  254.84
 3     1     1       43   95.50   95.50 -246.16  254.84
 3     1     1       44  103.90  103.90 -246.16  254.84
 3     1     1       45  112.30  112.30 -246.16  254.84
 3     1     1       46  120.70  120.70 -246.16  254.84
 3     1     1       47  129.10  129.10 -246.16  254.84
 3     1     1       48  137.50  137.50 -246.16  254.84
 3     1     1       49  145.90  145.90 -246.16  254.84
 3     1     1       50  154.30  154.30 -246.16  254.84
 3     1     1       51  162.70  162.70 -246.16  254.84
 3     1     1       52  171.10  171.10 -246.16  254.84
 3     1     1       53  179.50  179.50 -246.16  254.84
 3     1     1       54  187.90  187.90 -246.16  254.84
 3     1     1       55  196.30  196.30 -246.16  254.84
 3     1     1       56  204.70  204.70 -246.16  254.84
 3     1     1       57  213.10  213.10 -246.16  254.84
 3     1     1       58  221.50  221.50 -246.16  254.84
 3     1     1       59  229.90  229.90 -246.16  254.84
 3     1     1       60  238.30  238.30 -246.16  254.84
 3     1     1       61  246.70  246.70 -246.16  254.84
 3     1     1       62  255.10  255.10 -246.16  254.84
 3     1     1       63  263.49  263.49 -246.16  254.84

 Panel   H/V Layer Tube      x1      x2      y1      y2
 ----- ----- ----- ---- ------- ------- ------- -------
 4     0     0        0 -120.20  130.20 -178.71 -178.71
 4     0     0        1 -120.20  130.20 -170.31 -170.31
 4     0     0        2 -120.20  130.20 -161.91 -161.91
 4     0     0        3 -120.20  130.20 -153.51 -153.51
 4     0     0        4 -120.20  130.20 -145.11 -145.11
 4     0     0        5 -120.20  130.20 -136.71 -136.71
 4     0     0        6 -120.20  130.20 -128.31 -128.31
 4     0     0        7 -120.20  130.20 -119.91 -119.91
 4     0     0        8 -120.20  130.20 -111.51 -111.51
 4     0     0        9 -120.20  130.20 -103.11 -103.11
 4     0     0       10 -120.20  130.20  -94.71  -94.71
 4     0     0       11 -120.20  130.20  -86.31  -86.31
 4     0     0       12 -120.20  130.20  -77.91  -77.91
 4     0     0       13 -120.20  130.20  -69.51  -69.51
 4     0     0       14 -120.20  130.20  -61.11  -61.11
 4     0     0       15 -120.20  130.20  -52.71  -52.71
 4     0     0       16 -120.20  130.20  -44.31  -44.31
 4     0     0       17 -120.20  130.20  -35.91  -35.91
 4     0     0       18 -120.20  130.20  -27.51  -27.51
 4     0     0       19 -120.20  130.20  -19.11  -19.11
 4     0     0       20 -120.20  130.20  -10.71  -10.71
 4     0     0       21 -120.20  130.20   -2.31   -2.31
 4     0     0       22 -120.20  130.20    6.09    6.09
 4     0     0       23 -120.20  130.20   14.49   14.49
 4     0     0       24 -120.20  130.20   22.89   22.89
 4     0     0       25 -120.20  130.20   31.29   31.29
 4     0     0       26 -120.20  130.20   39.69   39.69
 4     0     0       27 -120.20  130.20   48.09   48.09
 4     0     0       28 -120.20  130.20   56.49   56.49
 4     0     0       29 -120.20  130.20   64.89   64.89
 4     0     0       30 -120.20  130.20   73.29   73.29
 4     0     0       31 -120.20  130.20   81.69   81.69
 4     0     0       32 -120.20  130.20   90.09   90.09
 4     0     0       33 -120.20  130.20   98.49   98.49
 4     0     0       34 -120.20  130.20  106.89  106.89
 4     0     0       35 -120.20  130.20  115.29  115.29
 4     0     0       36 -120.20  130.20  123.69  123.69
 4     0     0       37 -120.20  130.20  132.09  132.09
 4     0     0       38 -120.20  130.20  140.49  140.49
 4     0     0       39 -120.20  130.20  148.89  148.89
 4     0     0       40 -120.20  130.20  157.29  157.29
 4     0     0       41 -120.20  130.20  165.69  165.69
 4     0     0       42 -120.20  130.20  174.09  174.09
 4     0     0       43 -120.20  130.20  182.49  182.49
 4     0     0       44 -120.20  130.20  190.89  190.89
 4     0     1        0 -120.20  130.20 -178.21 -178.21
 4     0     1        1 -120.20  130.20 -169.81 -169.81
 4     0     1        2 -120.20  130.20 -161.41 -161.41
 4     0     1        3 -120.20  130.20 -153.01 -153.01
 4     0     1        4 -120.20  130.20 -144.61 -144.61
 4     0     1        5 -120.20  130.20 -136.21 -136.21
 4     0     1        6 -120.20  130.20 -127.81 -127.81
 4     0     1        7 -120.20  130.20 -119.41 -119.41
 4     0     1        8 -120.20  130.20 -111.01 -111.01
 4     0     1        9 -120.20  130.20 -102.61 -102.61
 4     0     1       10 -120.20  130.20  -94.21  -94.21
 4     0     1       11 -120.20  130.20  -85.81  -85.81
 4     0     1       12 -120.20  130.20  -77.41  -77.41
 4     0     1       13 -120.20  130.20  -69.01  -69.01
 4     0     1       14 -120.20  130.20  -60.61  -60.61
 4     0     1       15 -120.20  130.20  -52.21  -52.21
 4     0     1       16 -120.20  130.20  -43.81  -43.81
 4     0     1       17 -120.20  130.20  -35.41  -35.41
 4     0     1       18 -120.20  130.20  -27.01  -27.01
 4     0     1       19 -120.20  130.20  -18.61  -18.61
 4     0     1       20 -120.20  130.20  -10.21  -10.21
 4     0     1       21 -120.20  130.20   -1.81   -1.81
 4     0     1       22 -120.20  130.20    6.59    6.59
 4     0     1       23 -120.20  130.20   14.99   14.99
 4     0     1       24 -120.20  130.20   23.39   23.39
 4     0     1       25 -120.20  130.20   31.79   31.79
 4     0     1       26 -120.20  130.20   40.19   40.19
 4     0     1       27 -120.20  130.20   48.59   48.59
 4     0     1       28 -120.20  130.20   56.99   56.99
 4     0     1       29 -120.20  130.20   65.39   65.39
 4     0     1       30 -120.20  130.20   73.79   73.79
 4     0     1       31 -120.20  130.20   82.19   82.19
 4     0     1       32 -120.20  130.20   90.59   90.59
 4     0     1       33 -120.20  130.20   98.99   98.99
 4     0     1       34 -120.20  130.20  107.39  107.39
 4     0     1       35 -120.20  130.20  115.79  115.79
 4     0     1       36 -120.20  130.20  124.19  124.19
 4     0     1       37 -120.20  130.20  132.59  132.59
 4     0     1       38 -120.20  130.20  140.99  140.99
 4     0     1       39 -120.20  130.20  149.39  149.39
 4     0     1       40 -120.20  130.20  157.79  157.79
 4     0     1       41 -120.20  130.20  166.19  166.19
 4     0     1       42 -120.20  130.20  174.59  174.59
 4     0     1       43 -120.20  130.20  182.99  182.99
 4     0     1       44 -120.20  130.20  191.39  191.39
 4     1     0        0 -100.50 -100.50 -186.61  195.39
 4     1     0        1  -92.10  -92.10 -186.61  195.39
 4     1     0        2  -83.70  -83.70 -186.61  195.39
 4     1     0        3  -75.30  -75.30 -186.61  195.39
 4     1     0        4  -66.90  -66.90 -186.61  195.39
 4     1     0        5  -58.50  -58.50 -186.61  195.39
 4     1     0        6  -50.10  -50.10 -186.61  195.39
 4     1     0        7  -41.70  -41.70 -186.61  195.39
 4     1     0        8  -33.30  -33.30 -186.61  195.39
 4     1     0        9  -24.90  -24.90 -186.61  195.39
 4     1     0       10  -16.50  -16.50 -186.61  195.39
 4     1     0       11   -8.10   -8.10 -186.61  195.39
 4     1     0       12    0.30    0.30 -186.61  195.39
 4     1     0       13    8.70    8.70 -186.61  195.39
 4     1     0       14   17.10   17.10 -186.61  195.39
 4     1     0       15   25.50   25.50 -186.61  195.39
 4     1     0       16   33.90   33.90 -186.61  195.39
 4     1     0       17   42.30   42.30 -186.61  195.39
 4     1     0       18   50.70   50.70 -186.61  195.39
 4     1     0       19   59.10   59.10 -186.61  195.39
 4     1     0       20   67.50   67.50 -186.61  195.39
 4     1     0       21   75.90   75.90 -186.61  195.39
 4     1     0       22   84.30   84.30 -186.61  195.39
 4     1     0       23   92.70   92.70 -186.61  195.39
 4     1     0       24  101.10  101.10 -186.61  195.39
 4     1     0       25  109.50  109.50 -186.61  195.39
 4     1     1        0 -100.00 -100.00 -186.61  195.39
 4     1     1        1  -91.60  -91.60 -186.61  195.39
 4     1     1        2  -83.20  -83.20 -186.61  195.39
 4     1     1        3  -74.80  -74.80 -186.61  195.39
 4     1     1        4  -66.40  -66.40 -186.61  195.39
 4     1     1        5  -58.00  -58.00 -186.61  195.39
 4     1     1        6  -49.60  -49.60 -186.61  195.39
 4     1     1        7  -41.20  -41.20 -186.61  195.39
 4     1     1        8  -32.80  -32.80 -186.61  195.39
 4     1     1        9  -24.40  -24.40 -186.61  195.39
 4     1     1       10  -16.00  -16.00 -186.61  195.39
 4     1     1       11   -7.60   -7.60 -186.61  195.39
 4     1     1       12    0.80    0.80 -186.61  195.39
 4     1     1       13    9.20    9.20 -186.61  195.39
 4     1     1       14   17.60   17.60 -186.61  195.39
 4     1     1       15   26.00   26.00 -186.61  195.39
 4     1     1       16   34.40   34.40 -186.61  195.39
 4     1     1       17   42.80   42.80 -186.61  195.39
 4     1     1       18   51.20   51.20 -186.61  195.39
 4     1     1       19   59.60   59.60 -186.61  195.39
 4     1     1       20   68.00   68.00 -186.61  195.39
 4     1     1       21   76.40   76.40 -186.61  195.39
 4     1     1       22   84.80   84.80 -186.61  195.39
 4     1     1       23   93.20   93.20 -186.61  195.39
 4     1     1       24  101.60  101.60 -186.61  195.39
 4     1     1       25  110.00  110.00 -186.61  195.39

 Panel   H/V Layer Tube      x1      x2      y1      y2
 ----- ----- ----- ---- ------- ------- ------- -------
 5     0     0        0 -264.89  255.11 -238.27 -238.27
 5     0     0        1 -264.89  255.11 -229.87 -229.87
 5     0     0        2 -264.89  255.11 -221.47 -221.47
 5     0     0        3 -264.89  255.11 -213.07 -213.07
 5     0     0        4 -264.89  255.11 -204.67 -204.67
 5     0     0        5 -264.89  255.11 -196.27 -196.27
 5     0     0        6 -264.89  255.11 -187.87 -187.87
 5     0     0        7 -264.89  255.11 -179.47 -179.47
 5     0     0        8 -264.89  255.11 -171.07 -171.07
 5     0     0        9 -264.89  255.11 -162.67 -162.67
 5     0     0       10 -264.89  255.11 -154.27 -154.27
 5     0     0       11 -264.89  255.11 -145.87 -145.87
 5     0     0       12 -264.89  255.11 -137.47 -137.47
 5     0     0       13 -264.89  255.11 -129.07 -129.07
 5     0     0       14 -264.89  255.11 -120.67 -120.67
 5     0     0       15 -264.89  255.11 -112.27 -112.27
 5     0     0       16 -264.89  255.11 -103.87 -103.87
 5     0     0       17 -264.89  255.11  -95.47  -95.47
 5     0     0       18 -264.89  255.11  -87.07  -87.07
 5     0     0       19 -264.89  255.11  -78.67  -78.67
 5     0     0       20 -264.89  255.11  -70.27  -70.27
 5     0     0       21 -264.89  255.11  -61.87  -61.87
 5     0     0       22 -264.89  255.11  -53.47  -53.47
 5     0     0       23 -264.89  255.11  -45.07  -45.07
 5     0     0       24 -264.89  255.11  -36.67  -36.67
 5     0     0       25 -264.89  255.11  -28.27  -28.27
 5     0     0       26 -264.89  255.11  -19.87  -19.87
 5     0     0       27 -264.89  255.11  -11.47  -11.47
 5     0     0       28 -264.89  255.11   -3.07   -3.07
 5     0     0       29 -264.89  255.11    5.33    5.33
 5     0     0       30 -264.89  255.11   13.73   13.73
 5     0     0       31 -264.89  255.11   22.13   22.13
 5     0     0       32 -264.89  255.11   30.53   30.53
 5     0     0       33 -264.89  255.11   38.93   38.93
 5     0     0       34 -264.89  255.11   47.33   47.33
 5     0     0       35 -264.89  255.11   55.73   55.73
 5     0     0       36 -264.89  255.11   64.13   64.13
 5     0     0       37 -264.89  255.11   72.53   72.53
 5     0     0       38 -264.89  255.11   80.93   80.93
 5     0     0       39 -264.89  255.11   89.33   89.33
 5     0     0       40 -264.89  255.11   97.73   97.73
 5     0     0       41 -264.89  255.11  106.13  106.13
 5     0     0       42 -264.89  255.11  114.53  114.53
 5     0     0       43 -264.89  255.11  122.93  122.93
 5     0     0       44 -264.89  255.11  131.33  131.33
 5     0     0       45 -264.89  255.11  139.73  139.73
 5     0     0       46 -264.89  255.11  148.13  148.13
 5     0     0       47 -264.89  255.11  156.53  156.53
 5     0     0       48 -264.89  255.11  164.93  164.93
 5     0     0       49 -264.89  255.11  173.33  173.33
 5     0     0       50 -264.89  255.11  181.73  181.73
 5     0     0       51 -264.89  255.11  190.13  190.13
 5     0     0       52 -264.89  255.11  198.53  198.53
 5     0     0       53 -264.89  255.11  206.93  206.93
 5     0     0       54 -264.89  255.11  215.33  215.33
 5     0     0       55 -264.89  255.11  223.73  223.73
 5     0     0       56 -264.89  255.11  232.13  232.13
 5     0     0       57 -264.89  255.11  240.53  240.53
 5     0     0       58 -264.89  255.11  248.93  248.93
 5     0     1        0 -264.89  255.11 -237.77 -237.77
 5     0     1        1 -264.89  255.11 -229.37 -229.37
 5     0     1        2 -264.89  255.11 -220.97 -220.97
 5     0     1        3 -264.89  255.11 -212.57 -212.57
 5     0     1        4 -264.89  255.11 -204.17 -204.17
 5     0     1        5 -264.89  255.11 -195.77 -195.77
 5     0     1        6 -264.89  255.11 -187.37 -187.37
 5     0     1        7 -264.89  255.11 -178.97 -178.97
 5     0     1        8 -264.89  255.11 -170.57 -170.57
 5     0     1        9 -264.89  255.11 -162.17 -162.17
 5     0     1       10 -264.89  255.11 -153.77 -153.77
 5     0     1       11 -264.89  255.11 -145.37 -145.37
 5     0     1       12 -264.89  255.11 -136.97 -136.97
 5     0     1       13 -264.89  255.11 -128.57 -128.57
 5     0     1       14 -264.89  255.11 -120.17 -120.17
 5     0     1       15 -264.89  255.11 -111.77 -111.77
 5     0     1       16 -264.89  255.11 -103.37 -103.37
 5     0     1       17 -264.89  255.11  -94.97  -94.97
 5     0     1       18 -264.89  255.11  -86.57  -86.57
 5     0     1       19 -264.89  255.11  -78.17  -78.17
 5     0     1       20 -264.89  255.11  -69.77  -69.77
 5     0     1       21 -264.89  255.11  -61.37  -61.37
 5     0     1       22 -264.89  255.11  -52.97  -52.97
 5     0     1       23 -264.89  255.11  -44.57  -44.57
 5     0     1       24 -264.89  255.11  -36.17  -36.17
 5     0     1       25 -264.89  255.11  -27.77  -27.77
 5     0     1       26 -264.89  255.11  -19.37  -19.37
 5     0     1       27 -264.89  255.11  -10.97  -10.97
 5     0     1       28 -264.89  255.11   -2.57   -2.57
 5     0     1       29 -264.89  255.11    5.83    5.83
 5     0     1       30 -264.89  255.11   14.23   14.23
 5     0     1       31 -264.89  255.11   22.63   22.63
 5     0     1       32 -264.89  255.11   31.03   31.03
 5     0     1       33 -264.89  255.11   39.43   39.43
 5     0     1       34 -264.89  255.11   47.83   47.83
 5     0     1       35 -264.89  255.11   56.23   56.23
 5     0     1       36 -264.89  255.11   64.63   64.63
 5     0     1       37 -264.89  255.11   73.03   73.03
 5     0     1       38 -264.89  255.11   81.43   81.43
 5     0     1       39 -264.89  255.11   89.83   89.83
 5     0     1       40 -264.89  255.11   98.23   98.23
 5     0     1       41 -264.89  255.11  106.63  106.63
 5     0     1       42 -264.89  255.11  115.03  115.03
 5     0     1       43 -264.89  255.11  123.43  123.43
 5     0     1       44 -264.89  255.11  131.83  131.83
 5     0     1       45 -264.89  255.11  140.23  140.23
 5     0     1       46 -264.89  255.11  148.63  148.63
 5     0     1       47 -264.89  255.11  157.03  157.03
 5     0     1       48 -264.89  255.11  165.43  165.43
 5     0     1       49 -264.89  255.11  173.83  173.83
 5     0     1       50 -264.89  255.11  182.23  182.23
 5     0     1       51 -264.89  255.11  190.63  190.63
 5     0     1       52 -264.89  255.11  199.03  199.03
 5     0     1       53 -264.89  255.11  207.43  207.43
 5     0     1       54 -264.89  255.11  215.83  215.83
 5     0     1       55 -264.89  255.11  224.23  224.23
 5     0     1       56 -264.89  255.11  232.63  232.63
 5     0     1       57 -264.89  255.11  241.03  241.03
 5     0     1       58 -264.89  255.11  249.43  249.43
 5     1     0        0 -263.99 -263.99 -246.16  254.84
 5     1     0        1 -255.60 -255.60 -246.16  254.84
 5     1     0        2 -247.20 -247.20 -246.16  254.84
 5     1     0        3 -238.80 -238.80 -246.16  254.84
 5     1     0        4 -230.40 -230.40 -246.16  254.84
 5     1     0        5 -222.00 -222.00 -246.16  254.84
 5     1     0        6 -213.60 -213.60 -246.16  254.84
 5     1     0        7 -205.20 -205.20 -246.16  254.84
 5     1     0        8 -196.80 -196.80 -246.16  254.84
 5     1     0        9 -188.40 -188.40 -246.16  254.84
 5     1     0       10 -180.00 -180.00 -246.16  254.84
 5     1     0       11 -171.60 -171.60 -246.16  254.84
 5     1     0       12 -163.20 -163.20 -246.16  254.84
 5     1     0       13 -154.80 -154.80 -246.16  254.84
 5     1     0       14 -146.40 -146.40 -246.16  254.84
 5     1     0       15 -138.00 -138.00 -246.16  254.84
 5     1     0       16 -129.60 -129.60 -246.16  254.84
 5     1     0       17 -121.20 -121.20 -246.16  254.84
 5     1     0       18 -112.80 -112.80 -246.16  254.84
 5     1     0       19 -104.40 -104.40 -246.16  254.84
 5     1     0       20  -96.00  -96.00 -246.16  254.84
 5     1     0       21  -87.60  -87.60 -246.16  254.84
 5     1     0       22  -79.20  -79.20 -246.16  254.84
 5     1     0       23  -70.80  -70.80 -246.16  254.84
 5     1     0       24  -62.40  -62.40 -246.16  254.84
 5     1     0       25  -54.00  -54.00 -246.16  254.84
 5     1     0       26  -45.60  -45.60 -246.16  254.84
 5     1     0       27  -37.20  -37.20 -246.16  254.84
 5     1     0       28  -28.80  -28.80 -246.16  254.84
 5     1     0       29  -20.40  -20.40 -246.16  254.84
 5     1     0       30  -12.00  -12.00 -246.16  254.84
 5     1     0       31   -3.60   -3.60 -246.16  254.84
 5     1     0       32    4.80    4.80 -246.16  254.84
 5     1     0       33   13.20   13.20 -246.16  254.84
 5     1     0       34   21.60   21.60 -246.16  254.84
 5     1     0       35   30.00   30.00 -246.16  254.84
 5     1     0       36   38.40   38.40 -246.16  254.84
 5     1     0       37   46.80   46.80 -246.16  254.84
 5     1     0       38   55.20   55.20 -246.16  254.84
 5     1     0       39   63.60   63.60 -246.16  254.84
 5     1     0       40   72.00   72.00 -246.16  254.84
 5     1     0       41   80.40   80.40 -246.16  254.84
 5     1     0       42   88.80   88.80 -246.16  254.84
 5     1     0       43   97.20   97.20 -246.16  254.84
 5     1     0       44  105.60  105.60 -246.16  254.84
 5     1     0       45  114.00  114.00 -246.16  254.84
 5     1     0       46  122.40  122.40 -246.16  254.84
 5     1     0       47  130.80  130.80 -246.16  254.84
 5     1     0       48  139.20  139.20 -246.16  254.84
 5     1     0       49  147.60  147.60 -246.16  254.84
 5     1     0       50  156.00  156.00 -246.16  254.84
 5     1     0       51  164.40  164.40 -246.16  254.84
 5     1     0       52  172.80  172.80 -246.16  254.84
 5     1     0       53  181.20  181.20 -246.16  254.84
 5     1     0       54  189.60  189.60 -246.16  254.84
 5     1     0       55  198.00  198.00 -246.16  254.84
 5     1     0       56  206.40  206.40 -246.16  254.84
 5     1     0       57  214.80  214.80 -246.16  254.84
 5     1     0       58  223.20  223.20 -246.16  254.84
 5     1     0       59  231.60  231.60 -246.16  254.84
 5     1     0       60  240.00  240.00 -246.16  254.84
 5     1     0       61  248.40  248.40 -246.16  254.84
 5     1     0       62  256.80  256.80 -246.16  254.84
 5     1     0       63  265.20  265.20 -246.16  254.84
 5     1     1        0 -263.49 -263.49 -246.16  254.84
 5     1     1        1 -255.10 -255.10 -246.16  254.84
 5     1     1        2 -246.70 -246.70 -246.16  254.84
 5     1     1        3 -238.30 -238.30 -246.16  254.84
 5     1     1        4 -229.90 -229.90 -246.16  254.84
 5     1     1        5 -221.50 -221.50 -246.16  254.84
 5     1     1        6 -213.10 -213.10 -246.16  254.84
 5     1     1        7 -204.70 -204.70 -246.16  254.84
 5     1     1        8 -196.30 -196.30 -246.16  254.84
 5     1     1        9 -187.90 -187.90 -246.16  254.84
 5     1     1       10 -179.50 -179.50 -246.16  254.84
 5     1     1       11 -171.10 -171.10 -246.16  254.84
 5     1     1       12 -162.70 -162.70 -246.16  254.84
 5     1     1       13 -154.30 -154.30 -246.16  254.84
 5     1     1       14 -145.90 -145.90 -246.16  254.84
 5     1     1       15 -137.50 -137.50 -246.16  254.84
 5     1     1       16 -129.10 -129.10 -246.16  254.84
 5     1     1       17 -120.70 -120.70 -246.16  254.84
 5     1     1       18 -112.30 -112.30 -246.16  254.84
 5     1     1       19 -103.90 -103.90 -246.16  254.84
 5     1     1       20  -95.50  -95.50 -246.16  254.84
 5     1     1       21  -87.10  -87.10 -246.16  254.84
 5     1     1       22  -78.70  -78.70 -246.16  254.84
 5     1     1       23  -70.30  -70.30 -246.16  254.84
 5     1     1       24  -61.90  -61.90 -246.16  254.84
 5     1     1       25  -53.50  -53.50 -246.16  254.84
 5     1     1       26  -45.10  -45.10 -246.16  254.84
 5     1     1       27  -36.70  -36.70 -246.16  254.84
 5     1     1       28  -28.30  -28.30 -246.16  254.84
 5     1     1       29  -19.90  -19.90 -246.16  254.84
 5     1     1       30  -11.50  -11.50 -246.16  254.84
 5     1     1       31   -3.10   -3.10 -246.16  254.84
 5     1     1       32    5.30    5.30 -246.16  254.84
 5     1     1       33   13.70   13.70 -246.16  254.84
 5     1     1       34   22.10   22.10 -246.16  254.84
 5     1     1       35   30.50   30.50 -246.16  254.84
 5     1     1       36   38.90   38.90 -246.16  254.84
 5     1     1       37   47.30   47.30 -246.16  254.84
 5     1     1       38   55.70   55.70 -246.16  254.84
 5     1     1       39   64.10   64.10 -246.16  254.84
 5     1     1       40   72.50   72.50 -246.16  254.84
 5     1     1       41   80.90   80.90 -246.16  254.84
 5     1     1       42   89.30   89.30 -246.16  254.84
 5     1     1       43   97.70   97.70 -246.16  254.84
 5     1     1       44  106.10  106.10 -246.16  254.84
 5     1     1       45  114.50  114.50 -246.16  254.84
 5     1     1       46  122.90  122.90 -246.16  254.84
 5     1     1       47  131.30  131.30 -246.16  254.84
 5     1     1       48  139.70  139.70 -246.16  254.84
 5     1     1       49  148.10  148.10 -246.16  254.84
 5     1     1       50  156.50  156.50 -246.16  254.84
 5     1     1       51  164.90  164.90 -246.16  254.84
 5     1     1       52  173.30  173.30 -246.16  254.84
 5     1     1       53  181.70  181.70 -246.16  254.84
 5     1     1       54  190.10  190.10 -246.16  254.84
 5     1     1       55  198.50  198.50 -246.16  254.84
 5     1     1       56  206.90  206.90 -246.16  254.84
 5     1     1       57  215.30  215.30 -246.16  254.84
 5     1     1       58  223.70  223.70 -246.16  254.84
 5     1     1       59  232.10  232.10 -246.16  254.84
 5     1     1       60  240.50  240.50 -246.16  254.84
 5     1     1       61  248.90  248.90 -246.16  254.84
 5     1     1       62  257.30  257.30 -246.16  254.84
 5     1     1       63  265.70  265.70 -246.16  254.84
