  100000000      1.1             # run and version numbers
 
   Arm   Gap Panel  xTarg1  yTarg1  zTarg1  xTarg2  yTarg2  zTarg2 dxT1Fid dyT1Fid  dxFidC  dyFidC    dzH0    dzH1    dzV0    dzV1
 ----- ----- ----- ------- ------- ------- ------- ------- ------- ------- ------- ------- ------- ------- ------- ------- -------
 0     0     0      175.68  528.50 -695.31  604.19  528.60 -695.72    0.00    0.00  196.79 -272.39   -0.50   -1.50    0.50    1.50
 0     0     1      -61.19  528.68 -704.17   59.46  528.68 -704.30    0.00    0.00   55.33 -221.33    0.50    1.50   -0.50   -1.50
 0     0     2     -176.60  528.65 -696.17 -605.20  528.63 -695.75    0.00    0.00 -196.79 -272.39    0.50    1.50   -0.50   -1.50
 0     0     3     -176.78  528.13 -704.21 -605.31  528.18 -704.47   17.40 -495.86 -214.20 -269.33    0.50    1.50   -0.50   -1.50
 0     0     4      -61.06  528.19 -695.74   59.61  528.11 -696.25  -26.67 -615.56   82.00 -209.49    0.50    1.50   -0.50   -1.50
 0     0     5      175.40  528.04 -703.92  603.92  528.09 -703.92  -17.40 -495.86  214.20 -269.33   -0.50   -1.50    0.50    1.50
 0     1     0      175.76  528.58 -734.84  604.31  528.41 -735.08    0.00    0.00  196.79 -272.39   -0.50   -1.50    0.50    1.50
 0     1     1      -61.31  528.66 -744.09   59.34  528.64 -743.85    0.00    0.00   55.33 -221.33    0.50    1.50   -0.50   -1.50
 0     1     2     -176.84  528.73 -735.01 -605.33  528.70 -735.11    0.00    0.00 -196.79 -272.39    0.50    1.50   -0.50   -1.50
 0     1     3     -176.67  528.24 -743.85 -605.21  528.25 -743.87   17.40 -495.86 -214.20 -269.33    0.50    1.50   -0.50   -1.50
 0     1     4      -60.85  528.20 -735.00   59.79  528.16 -734.85  -26.67 -615.56   82.00 -209.49    0.50    1.50   -0.50   -1.50
 0     1     5      175.37  528.05 -743.55  603.90  527.94 -743.29  -17.40 -495.86  214.20 -269.33   -0.50   -1.50    0.50    1.50
 0     2     0      175.29  528.56 -772.48  603.79  528.35 -772.45    0.00    0.00  196.79 -272.39   -0.50   -1.50    0.50    1.50
 0     2     1      -61.08  528.72 -781.28   59.57  528.67 -781.41    0.00    0.00   55.33 -221.33    0.50    1.50   -0.50   -1.50
 0     2     2     -176.81  528.67 -772.69 -605.30  528.63 -772.72    0.00    0.00 -196.79 -272.39    0.50    1.50   -0.50   -1.50
 0     2     3     -176.89  528.14 -781.35 -605.40  528.19 -781.24   17.40 -495.86 -214.20 -269.33    0.50    1.50   -0.50   -1.50
 0     2     4      -61.66  528.23 -772.66   59.00  528.20 -772.63  -26.67 -615.56   82.00 -209.49    0.50    1.50   -0.50   -1.50
 0     2     5      175.70  528.05 -781.41  604.21  527.85 -781.39  -17.40 -495.86  214.20 -269.33   -0.50   -1.50    0.50    1.50
 0     3     0      175.52  528.59 -819.84  604.03  528.41 -819.63    0.00    0.00  196.79 -272.39   -0.50   -1.50    0.50    1.50
 0     3     1      -60.91  528.67 -828.72   59.74  528.61 -828.29    0.00    0.00   55.33 -221.33    0.50    1.50   -0.50   -1.50
 0     3     2     -176.38  528.66 -820.03 -604.93  528.64 -819.79    0.00    0.00 -196.79 -272.39    0.50    1.50   -0.50   -1.50
 0     3     3     -176.31  528.22 -828.53 -604.85  528.14 -828.45   17.40 -495.86 -214.20 -269.33    0.50    1.50   -0.50   -1.50
 0     3     4      -60.26  528.16 -820.16   60.40  528.18 -820.05  -26.67 -615.56   82.00 -209.49    0.50    1.50   -0.50   -1.50
 0     3     5      175.55  528.06 -828.07  604.09  527.84 -828.42  -17.40 -495.86  214.20 -269.33   -0.50   -1.50    0.50    1.50
 0     4     0      175.23  528.63 -862.86  603.76  528.54 -863.18    0.00    0.00  196.79 -272.39   -0.50   -1.50    0.50    1.50
 0     4     1      -60.33  528.55 -872.31   60.38  528.51 -872.22    0.00    0.00   55.33 -221.33    0.50    1.50   -0.50   -1.50
 0     4     2     -177.31  528.57 -863.57 -605.86  528.57 -863.21    0.00    0.00 -196.79 -272.39    0.50    1.50   -0.50   -1.50
 0     4     3     -175.96  528.18 -871.82 -604.44  528.25 -871.77   17.40 -495.86 -214.20 -269.33    0.50    1.50   -0.50   -1.50
 0     4     4      -61.06  528.04 -863.48   59.57  528.10 -863.01  -26.67 -615.56   82.00 -209.49    0.50    1.50   -0.50   -1.50
 0     4     5      175.92  528.03 -871.72  604.47  528.01 -872.23  -17.40 -495.86  214.20 -269.33   -0.50   -1.50    0.50    1.50
 1     0     0      175.98  528.69  695.68  604.48  528.61  695.45    0.00    0.00  196.79 -272.39   -0.50   -1.50    0.50    1.50
 1     0     1      -60.43  528.83  704.26   60.21  528.76  704.56    0.00    0.00   55.33 -221.33    0.50    1.50   -0.50   -1.50
 1     0     2     -176.23  528.86  695.85 -604.79  528.69  695.82    0.00    0.00 -196.79 -272.39    0.50    1.50   -0.50   -1.50
 1     0     3     -176.89  528.39  703.99 -605.41  528.26  704.04   17.40 -495.86 -214.20 -269.33    0.50    1.50   -0.50   -1.50
 1     0     4      -60.03  528.29  695.62   60.62  528.23  695.64  -26.67 -615.56   82.00 -209.49    0.50    1.50   -0.50   -1.50
 1     0     5      175.89  528.00  704.55  604.42  528.35  704.39  -17.40 -495.86  214.20 -269.33   -0.50   -1.50    0.50    1.50
 1     1     0      176.21  528.73  735.00  604.64  528.70  735.38    0.00    0.00  196.79 -272.39   -0.50   -1.50    0.50    1.50
 1     1     1      -60.49  529.83  743.75   60.16  529.80  743.70    0.00    0.00   55.33 -221.33    0.50    1.50   -0.50   -1.50
 1     1     2     -176.36  528.66  734.96 -604.95  528.68  735.07    0.00    0.00 -196.79 -272.39    0.50    1.50   -0.50   -1.50
 1     1     3     -176.25  529.31  743.27 -604.77  529.22  743.72   17.40 -495.86 -214.20 -269.33    0.50    1.50   -0.50   -1.50
 1     1     4      -60.31  528.33  735.14   60.35  528.33  735.14  -26.67 -615.56   82.00 -209.49    0.50    1.50   -0.50   -1.50
 1     1     5      176.04  529.21  743.60  604.54  529.14  743.43  -17.40 -495.86  214.20 -269.33   -0.50   -1.50    0.50    1.50
 1     2     0      175.87  528.65  772.76  604.36  528.70  772.88    0.00    0.00  196.79 -272.39   -0.50   -1.50    0.50    1.50
 1     2     1      -60.74  528.73  781.75   59.95  528.69  781.39    0.00    0.00   55.33 -221.33    0.50    1.50   -0.50   -1.50
 1     2     2     -176.63  528.74  772.78 -605.14  528.66  772.64    0.00    0.00 -196.79 -272.39    0.50    1.50   -0.50   -1.50
 1     2     3     -176.26  528.24  781.51 -604.77  528.19  780.80   17.40 -495.86 -214.20 -269.33    0.50    1.50   -0.50   -1.50
 1     2     4      -60.36  528.31  772.23   60.31  528.30  772.65  -26.67 -615.56   82.00 -209.49    0.50    1.50   -0.50   -1.50
 1     2     5      176.28  528.17  781.23  604.71  528.20  781.48  -17.40 -495.86  214.20 -269.33   -0.50   -1.50    0.50    1.50
 1     3     0      175.75  528.84  820.11  604.25  528.66  820.21    0.00    0.00  196.79 -272.39   -0.50   -1.50    0.50    1.50
 1     3     1      -60.73  528.86  828.51   59.93  528.86  828.41    0.00    0.00   55.33 -221.33    0.50    1.50   -0.50   -1.50
 1     3     2     -176.81  528.84  819.73 -605.36  528.67  819.49    0.00    0.00 -196.79 -272.39    0.50    1.50   -0.50   -1.50
 1     3     3     -176.52  528.39  828.69 -605.08  528.15  828.57   17.40 -495.86 -214.20 -269.33    0.50    1.50   -0.50   -1.50
 1     3     4      -60.54  528.34  819.82   60.11  528.37  820.12  -26.67 -615.56   82.00 -209.49    0.50    1.50   -0.50   -1.50
 1     3     5      175.93  528.26  828.33  604.43  528.18  828.60  -17.40 -495.86  214.20 -269.33   -0.50   -1.50    0.50    1.50
 1     4     0      175.38  528.78  862.79  603.91  528.61  863.15    0.00    0.00  196.79 -272.39   -0.50   -1.50    0.50    1.50
 1     4     1      -60.46  528.76  871.72   60.19  528.72  871.86    0.00    0.00   55.33 -221.33    0.50    1.50   -0.50   -1.50
 1     4     2     -176.98  528.78  863.45 -605.49  528.72  863.29    0.00    0.00 -196.79 -272.39    0.50    1.50   -0.50   -1.50
 1     4     3     -176.77  528.29  872.22 -605.30  528.21  871.67   17.40 -495.86 -214.20 -269.33    0.50    1.50   -0.50   -1.50
 1     4     4      -60.72  528.41  862.99   59.89  528.36  863.24  -26.67 -615.56   82.00 -209.49    0.50    1.50   -0.50   -1.50
 1     4     5      175.38  528.23  871.93  603.91  528.17  871.78  -17.40 -495.86  214.20 -269.33   -0.50   -1.50    0.50    1.50
