0  0  2  1
0  0  5  1
0  0  6  1
0  0  20  1
0  0  33  1
0  0  39  1
0  0  44  1
0  0  46  1
0  0  49  1
0  0  50  1
0  0  54  1
0  0  56  1
0  0  65  1
0  0  66  1
0  1  1  1
0  1  66  1
0  2  2  1
0  2  4  1
0  3  1  1
0  4  68  1
0  4  70  1
0  6  1  1
0  6  4  1
0  7  0  1
0  7  71  1
0  8  5  1
0  9  2  1
0  9  3  1
0  11  30  1
0  11  45  1
0  12  33  1
0  12  38  1
0  12  43  1
0  12  47  1
0  12  70  1
0  14  39  1
0  14  47  1
0  15  27  1
0  15  42  1
0  16  37  1
0  16  47  1
0  17  40  1
0  17  50  1
0  18  42  1
0  18  69  1
0  18  71  1
0  19  1  1
0  19  22  1
0  19  31  1
0  20  1  1
0  20  65  1
0  21  1  1
0  21  2  1
0  21  37  1
0  22  26  1
0  22  29  1
0  22  43  1
0  23  0  1
0  23  35  1
0  23  41  1
0  23  42  1
0  23  45  1
0  23  47  1
0  24  34  1
0  24  41  1
0  24  48  1
0  24  49  1
0  24  50  1
0  27  49  1
0  27  56  1
0  29  1  1
0  29  49  1
0  29  56  1
0  30  18  1
0  30  53  1
0  30  61  1
0  31  48  1
0  31  61  1
0  31  63  1
0  31  67  1
0  32  48  1
0  32  70  1
0  33  42  1
0  34  48  1
0  34  66  1
0  34  70  1
0  35  38  1
0  35  42  1
0  35  43  1
0  35  45  1
0  35  48  1
0  35  49  1
0  35  52  1
0  35  56  1
1  0  18  1
1  0  19  1
1  0  26  1
1  0  27  1
1  0  33  1
1  0  39  1
1  0  46  1
1  0  50  1
1  0  68  1
1  1  18  1
1  1  56  1
1  1  68  1
1  1  71  1
1  2  1  1
1  2  70  1
1  3  8  1
1  4  26  1
1  4  27  1
1  4  34  1
1  4  64  1
1  5  45  1
1  6  65  1
1  6  70  1
1  7  1  1
1  7  3  1
1  7  19  1
1  7  70  1
1  8  0  1
1  8  2  1
1  9  45  1
1  11  1  1
1  11  5  1
1  11  27  1
1  11  40  1
1  11  44  1
1  11  45  1
1  12  36  1
1  12  39  1
1  12  60  1
1  13  23  1
1  13  38  1
1  14  23  1
1  14  47  1
1  15  0  1
1  15  39  1
1  15  45  1
1  16  1  1
1  16  39  1
1  16  41  1
1  16  70  1
1  17  36  1
1  18  35  1
1  20  38  1
1  20  39  1
1  20  41  1
1  21  24  1
1  21  38  1
1  21  39  1
1  22  8  1
1  22  38  1
1  22  70  1
1  23  21  1
1  23  38  1
1  23  39  1
1  23  43  1
1  23  49  1
1  23  51  1
1  23  58  1
1  24  0  1
1  24  48  1
1  24  49  1
1  24  69  1
1  24  71  1
1  25  0  1
1  25  2  1
1  26  3  1
1  26  49  1
1  27  0  1
1  28  1  1
1  28  48  1
1  28  69  1
1  28  71  1
1  29  6  1
1  29  49  1
1  31  48  1
1  32  7  1
1  32  42  1
1  32  49  1
1  33  2  1
1  34  1  1
1  34  3  1
1  34  4  1
1  34  5  1
1  34  28  1
1  34  43  1
1  34  48  1
1  34  66  1
1  34  67  1
1  34  70  1
1  35  4  1
1  35  8  1
1  35  16  1
1  35  34  1
1  35  35  1
2  0  25  1
2  0  35  1
2  0  48  1
2  0  55  1
2  0  57  1
2  1  57  1
2  1  66  1
2  2  66  1
2  2  68  1
2  3  2  1
2  3  63  1
2  3  64  1
2  3  65  1
2  4  9  1
2  4  70  1
2  5  1  1
2  5  47  1
2  6  2  1
2  6  54  1
2  6  55  1
2  6  58  1
2  6  59  1
2  7  6  1
2  7  7  1
2  7  55  1
2  7  58  1
2  7  59  1
2  8  6  1
2  9  1  1
2  9  47  1
2  11  1  1
2  11  35  1
2  11  46  1
2  11  47  1
2  12  5  1
2  12  46  1
2  13  68  1
2  14  32  1
2  14  35  1
2  15  39  1
2  15  47  1
2  16  33  1
2  17  1  1
2  17  23  1
2  17  35  1
2  18  31  1
2  18  33  1
2  18  45  1
2  19  32  1
2  20  32  1
2  20  33  1
2  20  37  1
2  20  47  1
2  20  66  1
2  21  32  1
2  21  33  1
2  22  1  1
2  22  32  1
2  22  33  1
2  22  38  1
2  22  66  1
2  23  32  1
2  24  1  1
2  24  7  1
2  24  71  1
2  25  1  1
2  25  65  1
2  25  71  1
2  26  1  1
2  26  5  1
2  26  7  1
2  26  28  1
2  26  44  1
2  26  45  1
2  26  71  1
2  27  1  1
2  27  5  1
2  27  6  1
2  27  7  1
2  27  71  1
2  28  1  1
2  28  28  1
2  28  29  1
2  28  44  1
2  29  0  1
2  29  1  1
2  29  7  1
2  29  8  1
2  29  45  1
2  30  1  1
2  30  7  1
2  30  71  1
2  31  1  1
2  31  6  1
2  31  7  1
2  31  28  1
2  31  29  1
2  32  1  1
2  32  7  1
2  32  29  1
2  32  44  1
2  32  70  1
2  32  71  1
2  33  1  1
2  33  44  1
2  34  1  1
2  34  7  1
2  35  3  1
2  35  5  1
2  35  6  1
2  35  8  1
2  35  10  1
2  35  29  1
2  35  37  1
2  35  44  1
2  35  47  1
2  35  61  1
2  35  63  1
2  35  64  1
2  35  66  1
2  35  67  1
2  35  68  1
3  0  45  1
3  0  48  1
3  0  49  1
3  0  50  1
3  0  52  1
3  0  53  1
3  0  54  1
3  0  56  1
3  0  57  1
3  1  1  1
3  1  13  1
3  1  50  1
3  1  53  1
3  1  54  1
3  1  56  1
3  1  57  1
3  3  5  1
3  4  2  1
3  5  0  1
3  5  47  1
3  6  1  1
3  6  10  1
3  8  70  1
3  9  69  1
3  10  1  1
3  10  4  1
3  10  50  1
3  10  51  1
3  10  53  1
3  10  63  1
3  10  71  1
3  11  48  1
3  11  50  1
3  11  53  1
3  11  71  1
3  12  2  1
3  12  34  1
3  12  38  1
3  13  16  1
3  13  17  1
3  14  16  1
3  14  35  1
3  14  38  1
3  14  58  1
3  14  59  1
3  14  60  1
3  14  61  1
3  15  60  1
3  15  61  1
3  16  1  1
3  16  4  1
3  16  26  1
3  16  27  1
3  16  28  1
3  16  29  1
3  16  30  1
3  16  31  1
3  16  32  1
3  16  59  1
3  16  60  1
3  17  26  1
3  17  28  1
3  17  29  1
3  17  30  1
3  17  31  1
3  17  58  1
3  17  59  1
3  17  60  1
3  18  0  1
3  18  41  1
3  18  58  1
3  18  59  1
3  18  60  1
3  18  61  1
3  19  4  1
3  19  16  1
3  19  17  1
3  19  31  1
3  19  58  1
3  19  59  1
3  19  60  1
3  19  61  1
3  20  1  1
3  20  17  1
3  20  57  1
3  20  58  1
3  20  59  1
3  20  60  1
3  21  16  1
3  21  58  1
3  21  59  1
3  21  61  1
3  22  16  1
3  22  39  1
3  22  54  1
3  22  70  1
3  23  16  1
3  23  17  1
3  23  29  1
3  23  48  1
3  23  63  1
3  23  65  1
3  23  71  1
3  24  38  1
3  24  39  1
3  24  49  1
3  24  66  1
3  25  22  1
3  25  35  1
3  25  66  1
3  26  1  1
3  28  2  1
3  28  68  1
3  30  6  1
3  31  1  1
3  31  8  1
3  31  9  1
3  31  10  1
3  31  13  1
3  31  14  1
3  31  50  1
3  32  1  1
3  32  7  1
3  32  8  1
3  32  9  1
3  32  10  1
3  32  11  1
3  32  12  1
3  32  13  1
3  32  14  1
3  32  60  1
3  32  61  1
3  33  3  1
3  33  7  1
3  33  8  1
3  33  9  1
3  33  10  1
3  33  12  1
3  33  13  1
3  33  14  1
3  33  63  1
3  34  1  1
3  34  3  1
3  34  7  1
3  34  8  1
3  34  9  1
3  34  10  1
3  34  13  1
3  34  39  1
3  34  61  1
3  34  64  1
3  34  68  1
3  34  70  1
3  35  1  1
3  35  3  1
3  35  4  1
3  35  7  1
3  35  8  1
3  35  9  1
3  35  18  1
3  35  31  1
3  35  35  1
3  35  41  1
3  35  43  1
3  35  45  1
3  35  47  1
3  35  52  1
3  35  56  1
3  35  60  1
3  35  66  1
3  35  67  1
3  35  68  1
3  35  69  1
3  35  71  1
4  0  6  1
4  0  25  1
4  0  35  1
4  0  36  1
4  0  40  1
4  0  46  1
4  0  47  1
4  0  49  1
4  0  51  1
4  0  55  1
4  0  58  1
4  0  59  1
4  1  24  1
4  1  70  1
4  2  70  1
4  3  1  1
4  3  63  1
4  3  70  1
4  4  1  1
4  4  4  1
4  4  70  1
4  5  1  1
4  5  70  1
4  6  68  1
4  6  70  1
4  6  71  1
4  7  1  1
4  7  70  1
4  8  1  1
4  8  70  1
4  9  0  1
4  9  1  1
4  9  70  1
4  10  0  1
4  10  1  1
4  11  1  1
4  11  40  1
4  11  47  1
4  11  70  1
4  12  23  1
4  12  35  1
4  12  36  1
4  12  37  1
4  12  41  1
4  12  44  1
4  12  70  1
4  12  71  1
4  13  22  1
4  13  33  1
4  13  35  1
4  13  40  1
4  13  41  1
4  13  47  1
4  13  65  1
4  13  71  1
4  14  23  1
4  14  34  1
4  14  35  1
4  14  36  1
4  14  37  1
4  14  40  1
4  14  41  1
4  14  63  1
4  14  70  1
4  14  71  1
4  15  1  1
4  15  20  1
4  15  23  1
4  15  34  1
4  15  40  1
4  15  41  1
4  15  48  1
4  15  70  1
4  15  71  1
4  16  28  1
4  16  34  1
4  16  35  1
4  16  41  1
4  16  47  1
4  16  70  1
4  17  1  1
4  17  23  1
4  17  39  1
4  17  41  1
4  17  70  1
4  18  22  1
4  18  23  1
4  18  69  1
4  18  71  1
4  19  35  1
4  19  37  1
4  19  70  1
4  20  1  1
4  20  20  1
4  20  21  1
4  20  23  1
4  20  33  1
4  20  34  1
4  20  44  1
4  20  70  1
4  21  1  1
4  21  20  1
4  21  21  1
4  21  23  1
4  21  34  1
4  21  35  1
4  21  64  1
4  21  70  1
4  21  71  1
4  22  1  1
4  22  16  1
4  22  21  1
4  22  23  1
4  22  32  1
4  22  33  1
4  22  34  1
4  22  35  1
4  22  40  1
4  22  47  1
4  22  69  1
4  22  70  1
4  22  71  1
4  23  23  1
4  23  34  1
4  23  35  1
4  23  37  1
4  23  40  1
4  23  70  1
4  24  6  1
4  24  7  1
4  24  25  1
4  24  29  1
4  24  70  1
4  25  58  1
4  25  71  1
4  26  1  1
4  26  70  1
4  27  70  1
4  28  1  1
4  28  10  1
4  28  70  1
4  29  4  1
4  29  20  1
4  29  29  1
4  29  68  1
4  29  70  1
4  30  1  1
4  30  57  1
4  30  70  1
4  30  71  1
4  31  1  1
4  31  5  1
4  31  7  1
4  31  52  1
4  31  69  1
4  31  70  1
4  32  6  1
4  32  49  1
4  32  70  1
4  33  1  1
4  33  62  1
4  33  70  1
4  33  71  1
4  34  1  1
4  34  48  1
4  34  49  1
4  34  56  1
4  34  70  1
4  34  71  1
4  35  31  1
4  35  33  1
4  35  44  1
4  35  59  1
4  35  63  1
4  35  69  1
4  35  70  1
5  0  1  1
5  0  3  1
5  0  6  1
5  0  13  1
5  0  15  1
5  0  23  1
5  0  25  1
5  0  32  1
5  1  70  1
5  2  0  1
5  2  70  1
5  3  0  1
5  3  1  1
5  3  70  1
5  4  0  1
5  4  1  1
5  4  70  1
5  5  0  1
5  5  70  1
5  6  38  1
5  6  70  1
5  7  38  1
5  7  70  1
5  8  0  1
5  8  2  1
5  8  70  1
5  9  1  1
5  9  70  1
5  10  0  1
5  10  70  1
5  11  0  1
5  11  45  1
5  11  70  1
5  12  0  1
5  12  1  1
5  12  32  1
5  12  33  1
5  12  35  1
5  12  38  1
5  13  0  1
5  13  36  1
5  13  70  1
5  14  1  1
5  14  11  1
5  14  32  1
5  14  33  1
5  14  39  1
5  15  1  1
5  15  31  1
5  15  32  1
5  16  32  1
5  16  33  1
5  16  35  1
5  16  70  1
5  17  1  1
5  17  33  1
5  17  35  1
5  17  70  1
5  18  39  1
5  18  70  1
5  19  1  1
5  19  32  1
5  19  38  1
5  19  70  1
5  19  71  1
5  20  1  1
5  20  32  1
5  20  70  1
5  21  0  1
5  21  1  1
5  21  11  1
5  21  33  1
5  21  38  1
5  21  39  1
5  21  70  1
5  22  31  1
5  22  70  1
5  23  1  1
5  23  16  1
5  23  33  1
5  23  70  1
5  24  36  1
5  24  41  1
5  24  45  1
5  24  46  1
5  24  47  1
5  24  70  1
5  25  1  1
5  25  44  1
5  25  46  1
5  25  47  1
5  25  70  1
5  26  1  1
5  26  44  1
5  26  61  1
5  26  62  1
5  26  63  1
5  26  68  1
5  26  69  1
5  27  41  1
5  27  60  1
5  27  61  1
5  27  62  1
5  27  63  1
5  27  68  1
5  27  69  1
5  27  70  1
5  28  1  1
5  28  30  1
5  28  36  1
5  28  41  1
5  28  43  1
5  28  45  1
5  28  47  1
5  28  58  1
5  28  59  1
5  28  70  1
5  29  1  1
5  29  41  1
5  29  43  1
5  29  46  1
5  29  55  1
5  29  57  1
5  29  58  1
5  29  70  1
5  29  71  1
5  30  46  1
5  30  70  1
5  31  1  1
5  31  42  1
5  31  43  1
5  31  70  1
5  32  0  1
5  32  70  1
5  33  1  1
5  33  41  1
5  33  43  1
5  33  46  1
5  33  70  1
5  33  71  1
5  34  1  1
5  34  40  1
5  34  41  1
5  34  70  1
5  35  1  1
5  35  12  1
5  35  22  1
5  35  23  1
5  35  35  1
5  35  36  1
5  35  40  1
5  35  41  1
5  35  42  1
5  35  45  1
5  35  47  1
5  35  53  1
5  35  70  1
6  0  3  1
6  0  4  1
6  0  6  1
6  0  7  1
6  0  8  1
6  0  9  1
6  0  10  1
6  0  11  1
6  0  12  1
6  0  14  1
6  0  16  1
6  0  21  1
6  0  24  1
6  0  25  1
6  0  28  1
6  0  29  1
6  0  30  1
6  0  31  1
6  0  32  1
6  0  33  1
6  0  34  1
6  0  35  1
6  0  36  1
6  0  38  1
6  0  45  1
6  0  50  1
6  0  55  1
6  0  57  1
6  0  74  1
6  1  1  1
6  1  3  1
6  1  8  1
6  1  10  1
6  1  11  1
6  1  12  1
6  1  13  1
6  1  14  1
6  1  15  1
6  1  19  1
6  1  20  1
6  1  23  1
6  1  24  1
6  1  26  1
6  1  28  1
6  1  30  1
6  1  31  1
6  1  33  1
6  1  34  1
6  1  35  1
6  1  36  1
6  1  37  1
6  1  39  1
6  1  40  1
6  1  41  1
6  1  42  1
6  1  43  1
6  1  44  1
6  1  45  1
6  1  46  1
6  1  47  1
6  1  62  1
6  2  0  1
6  2  2  1
6  2  3  1
6  2  5  1
6  2  6  1
6  2  7  1
6  2  8  1
6  2  10  1
6  2  11  1
6  2  12  1
6  2  13  1
6  2  14  1
6  2  16  1
6  2  17  1
6  2  18  1
6  2  21  1
6  2  22  1
6  2  24  1
6  2  25  1
6  2  26  1
6  2  27  1
6  2  30  1
6  2  31  1
6  2  33  1
6  2  35  1
6  2  41  1
6  2  42  1
6  2  45  1
6  3  1  1
6  3  3  1
6  3  5  1
6  3  7  1
6  3  10  1
6  3  11  1
6  3  12  1
6  3  13  1
6  3  14  1
6  3  15  1
6  3  16  1
6  3  17  1
6  3  20  1
6  3  21  1
6  3  22  1
6  3  25  1
6  3  27  1
6  3  28  1
6  3  30  1
6  3  31  1
6  3  32  1
6  3  34  1
6  3  35  1
6  3  36  1
6  3  37  1
6  3  38  1
6  3  40  1
6  3  43  1
6  3  44  1
6  3  45  1
6  3  47  1
6  3  76  1
6  3  85  1
6  4  0  1
6  4  1  1
6  4  2  1
6  4  3  1
6  4  5  1
6  4  10  1
6  4  12  1
6  4  14  1
6  4  16  1
6  4  17  1
6  4  18  1
6  4  19  1
6  4  20  1
6  4  21  1
6  4  22  1
6  4  24  1
6  4  25  1
6  4  27  1
6  4  28  1
6  4  29  1
6  4  31  1
6  4  32  1
6  4  33  1
6  4  35  1
6  4  36  1
6  4  38  1
6  4  39  1
6  4  40  1
6  4  42  1
6  4  43  1
6  4  44  1
6  4  46  1
6  4  47  1
6  4  95  1
6  5  1  1
6  5  8  1
6  5  13  1
6  5  14  1
6  5  15  1
6  5  16  1
6  5  17  1
6  5  18  1
6  5  19  1
6  5  20  1
6  5  21  1
6  5  22  1
6  5  23  1
6  5  25  1
6  5  26  1
6  5  27  1
6  5  30  1
6  5  33  1
6  5  35  1
6  5  36  1
6  5  37  1
6  5  40  1
6  5  41  1
6  5  42  1
6  5  43  1
6  5  44  1
6  5  45  1
6  5  46  1
6  6  0  1
6  6  1  1
6  6  4  1
6  6  9  1
6  6  12  1
6  6  13  1
6  6  14  1
6  6  15  1
6  6  16  1
6  6  18  1
6  6  19  1
6  6  20  1
6  6  22  1
6  6  23  1
6  6  24  1
6  6  26  1
6  6  29  1
6  6  35  1
6  6  36  1
6  6  38  1
6  6  39  1
6  6  40  1
6  6  42  1
6  6  44  1
6  6  45  1
6  6  46  1
6  6  47  1
6  7  1  1
6  7  3  1
6  7  4  1
6  7  5  1
6  7  8  1
6  7  9  1
6  7  11  1
6  7  12  1
6  7  14  1
6  7  16  1
6  7  17  1
6  7  19  1
6  7  21  1
6  7  25  1
6  7  28  1
6  7  30  1
6  7  31  1
6  7  37  1
6  7  38  1
6  7  40  1
6  7  43  1
6  7  46  1
6  7  47  1
6  7  73  1
6  7  95  1
6  8  2  1
6  8  3  1
6  8  5  1
6  8  6  1
6  8  9  1
6  8  11  1
6  8  12  1
6  8  13  1
6  8  15  1
6  8  16  1
6  8  17  1
6  8  18  1
6  8  21  1
6  8  23  1
6  8  24  1
6  8  29  1
6  8  30  1
6  8  32  1
6  8  35  1
6  8  39  1
6  8  40  1
6  8  42  1
6  8  44  1
6  8  45  1
6  9  0  1
6  9  2  1
6  9  3  1
6  9  4  1
6  9  5  1
6  9  14  1
6  9  18  1
6  9  19  1
6  9  21  1
6  9  22  1
6  9  24  1
6  9  25  1
6  9  27  1
6  9  29  1
6  9  31  1
6  9  33  1
6  9  34  1
6  9  35  1
6  9  37  1
6  9  38  1
6  9  39  1
6  9  41  1
6  9  42  1
6  9  46  1
6  9  47  1
6  9  95  1
6  10  1  1
6  10  2  1
6  10  4  1
6  10  5  1
6  10  7  1
6  10  8  1
6  10  13  1
6  10  15  1
6  10  16  1
6  10  17  1
6  10  18  1
6  10  19  1
6  10  21  1
6  10  22  1
6  10  28  1
6  10  29  1
6  10  30  1
6  10  31  1
6  10  38  1
6  10  41  1
6  10  44  1
6  10  46  1
6  10  47  1
6  11  7  1
6  11  8  1
6  11  14  1
6  11  15  1
6  11  18  1
6  11  19  1
6  11  20  1
6  11  22  1
6  11  26  1
6  11  27  1
6  11  31  1
6  11  36  1
6  11  38  1
6  11  41  1
6  11  45  1
6  12  17  1
6  12  41  1
6  12  42  1
6  12  43  1
6  12  45  1
6  12  89  1
6  13  72  1
6  13  95  1
6  15  18  1
6  15  23  1
6  15  32  1
6  15  33  1
6  15  37  1
6  15  43  1
6  15  46  1
6  16  15  1
6  16  22  1
6  16  31  1
6  16  44  1
6  16  45  1
6  16  46  1
6  16  47  1
6  16  49  1
6  17  2  1
6  17  10  1
6  17  11  1
6  17  46  1
6  17  47  1
6  18  0  1
6  18  80  1
6  19  29  1
6  20  17  1
6  20  43  1
6  20  48  1
6  21  11  1
6  21  22  1
6  21  25  1
6  21  48  1
6  22  23  1
6  23  64  1
6  23  65  1
6  23  66  1
6  23  67  1
6  23  68  1
6  24  47  1
6  24  65  1
6  24  66  1
6  24  67  1
6  24  68  1
6  25  65  1
6  25  66  1
6  25  67  1
6  25  68  1
6  25  69  1
6  26  47  1
6  26  50  1
6  26  53  1
6  26  66  1
6  26  67  1
6  26  68  1
6  27  7  1
6  27  42  1
6  27  50  1
6  27  65  1
6  27  66  1
6  27  67  1
6  27  68  1
6  28  49  1
6  28  65  1
6  28  66  1
6  28  67  1
6  29  31  1
6  29  66  1
6  29  67  1
6  29  68  1
6  30  43  1
6  30  45  1
6  30  51  1
6  30  53  1
6  30  66  1
6  30  67  1
6  30  91  1
6  31  38  1
6  31  46  1
6  31  65  1
6  31  66  1
6  31  67  1
6  31  91  1
6  32  13  1
6  32  42  1
6  32  66  1
6  32  67  1
6  33  4  1
6  33  6  1
6  33  34  1
6  33  47  1
6  33  50  1
6  33  66  1
6  33  67  1
6  33  91  1
6  34  36  1
6  34  66  1
6  34  67  1
6  35  13  1
6  35  18  1
6  35  37  1
6  35  66  1
6  35  67  1
6  36  13  1
6  36  14  1
6  36  15  1
6  37  13  1
6  38  18  1
6  38  54  1
6  39  62  1
6  39  95  1
6  42  4  1
6  42  35  1
6  42  94  1
6  43  91  1
6  43  93  1
6  43  95  1
6  44  46  1
6  44  94  1
6  45  47  1
6  45  93  1
6  45  94  1
6  46  93  1
6  46  94  1
6  47  12  1
6  47  13  1
6  47  14  1
6  47  15  1
6  47  16  1
6  47  17  1
6  47  18  1
6  47  19  1
6  47  20  1
6  47  21  1
6  47  22  1
6  47  23  1
6  47  31  1
6  47  34  1
6  47  42  1
6  47  44  1
6  47  45  1
6  47  49  1
6  47  55  1
6  47  57  1
6  47  63  1
6  47  67  1
6  47  72  1
7  0  19  1
7  0  22  1
7  0  50  1
7  0  68  1
7  0  78  1
7  0  81  1
7  0  86  1
7  0  95  1
7  1  8  1
7  2  2  1
7  2  8  1
7  2  9  1
7  2  13  1
7  2  16  1
7  2  24  1
7  2  39  1
7  2  87  1
7  3  9  1
7  3  19  1
7  4  9  1
7  4  11  1
7  4  14  1
7  4  28  1
7  5  9  1
7  6  63  1
7  7  9  1
7  7  19  1
7  8  18  1
7  8  48  1
7  10  0  1
7  10  9  1
7  12  2  1
7  12  5  1
7  12  6  1
7  12  8  1
7  12  9  1
7  12  10  1
7  12  14  1
7  12  16  1
7  12  17  1
7  12  18  1
7  12  19  1
7  12  20  1
7  12  21  1
7  12  22  1
7  12  23  1
7  12  24  1
7  12  26  1
7  12  27  1
7  12  28  1
7  12  30  1
7  12  34  1
7  12  35  1
7  12  38  1
7  12  39  1
7  12  40  1
7  12  43  1
7  12  44  1
7  12  45  1
7  12  46  1
7  12  47  1
7  13  2  1
7  13  4  1
7  13  5  1
7  13  8  1
7  13  9  1
7  13  10  1
7  13  12  1
7  13  13  1
7  13  14  1
7  13  15  1
7  13  16  1
7  13  17  1
7  13  18  1
7  13  19  1
7  13  20  1
7  13  21  1
7  13  22  1
7  13  24  1
7  13  25  1
7  13  26  1
7  13  27  1
7  13  29  1
7  13  30  1
7  13  32  1
7  13  33  1
7  13  35  1
7  13  40  1
7  13  42  1
7  13  43  1
7  13  45  1
7  14  0  1
7  14  1  1
7  14  3  1
7  14  4  1
7  14  8  1
7  14  10  1
7  14  13  1
7  14  14  1
7  14  15  1
7  14  16  1
7  14  17  1
7  14  18  1
7  14  19  1
7  14  20  1
7  14  21  1
7  14  22  1
7  14  24  1
7  14  26  1
7  14  28  1
7  14  31  1
7  14  32  1
7  14  33  1
7  14  34  1
7  14  38  1
7  14  41  1
7  14  43  1
7  14  44  1
7  14  45  1
7  14  47  1
7  14  55  1
7  15  1  1
7  15  5  1
7  15  6  1
7  15  8  1
7  15  9  1
7  15  12  1
7  15  13  1
7  15  14  1
7  15  15  1
7  15  16  1
7  15  17  1
7  15  18  1
7  15  19  1
7  15  20  1
7  15  21  1
7  15  23  1
7  15  24  1
7  15  25  1
7  15  26  1
7  15  27  1
7  15  28  1
7  15  29  1
7  15  30  1
7  15  31  1
7  15  33  1
7  15  34  1
7  15  40  1
7  15  41  1
7  15  43  1
7  15  44  1
7  15  46  1
7  15  51  1
7  15  52  1
7  16  1  1
7  16  2  1
7  16  4  1
7  16  5  1
7  16  7  1
7  16  9  1
7  16  11  1
7  16  12  1
7  16  13  1
7  16  14  1
7  16  15  1
7  16  16  1
7  16  17  1
7  16  18  1
7  16  19  1
7  16  21  1
7  16  22  1
7  16  24  1
7  16  25  1
7  16  26  1
7  16  27  1
7  16  28  1
7  16  30  1
7  16  31  1
7  16  32  1
7  16  34  1
7  16  35  1
7  16  36  1
7  16  38  1
7  16  39  1
7  16  40  1
7  16  42  1
7  16  43  1
7  16  44  1
7  16  45  1
7  16  46  1
7  16  47  1
7  16  48  1
7  16  57  1
7  16  90  1
7  17  2  1
7  17  3  1
7  17  4  1
7  17  5  1
7  17  6  1
7  17  7  1
7  17  9  1
7  17  10  1
7  17  13  1
7  17  14  1
7  17  15  1
7  17  16  1
7  17  18  1
7  17  19  1
7  17  20  1
7  17  21  1
7  17  22  1
7  17  23  1
7  17  24  1
7  17  25  1
7  17  26  1
7  17  27  1
7  17  30  1
7  17  31  1
7  17  32  1
7  17  33  1
7  17  35  1
7  17  36  1
7  17  38  1
7  17  40  1
7  17  41  1
7  17  42  1
7  17  43  1
7  17  44  1
7  17  46  1
7  17  47  1
7  17  75  1
7  18  3  1
7  18  4  1
7  18  6  1
7  18  7  1
7  18  8  1
7  18  9  1
7  18  11  1
7  18  12  1
7  18  13  1
7  18  14  1
7  18  15  1
7  18  16  1
7  18  17  1
7  18  18  1
7  18  20  1
7  18  21  1
7  18  22  1
7  18  23  1
7  18  24  1
7  18  25  1
7  18  26  1
7  18  27  1
7  18  28  1
7  18  29  1
7  18  30  1
7  18  31  1
7  18  32  1
7  18  33  1
7  18  36  1
7  18  38  1
7  18  39  1
7  18  42  1
7  18  43  1
7  18  44  1
7  18  46  1
7  18  47  1
7  18  71  1
7  18  78  1
7  18  83  1
7  19  1  1
7  19  3  1
7  19  4  1
7  19  5  1
7  19  7  1
7  19  8  1
7  19  11  1
7  19  13  1
7  19  14  1
7  19  15  1
7  19  19  1
7  19  21  1
7  19  22  1
7  19  23  1
7  19  24  1
7  19  25  1
7  19  26  1
7  19  27  1
7  19  28  1
7  19  29  1
7  19  30  1
7  19  31  1
7  19  32  1
7  19  33  1
7  19  34  1
7  19  35  1
7  19  36  1
7  19  38  1
7  19  39  1
7  19  40  1
7  19  41  1
7  19  42  1
7  19  43  1
7  19  44  1
7  19  45  1
7  19  46  1
7  19  47  1
7  19  50  1
7  19  52  1
7  19  56  1
7  19  58  1
7  19  80  1
7  19  93  1
7  20  1  1
7  20  3  1
7  20  4  1
7  20  5  1
7  20  6  1
7  20  7  1
7  20  8  1
7  20  11  1
7  20  12  1
7  20  13  1
7  20  15  1
7  20  16  1
7  20  17  1
7  20  18  1
7  20  19  1
7  20  20  1
7  20  21  1
7  20  22  1
7  20  23  1
7  20  24  1
7  20  25  1
7  20  26  1
7  20  28  1
7  20  29  1
7  20  30  1
7  20  31  1
7  20  32  1
7  20  33  1
7  20  34  1
7  20  35  1
7  20  36  1
7  20  39  1
7  20  40  1
7  20  41  1
7  20  42  1
7  20  43  1
7  20  44  1
7  20  45  1
7  20  46  1
7  20  47  1
7  21  1  1
7  21  2  1
7  21  3  1
7  21  4  1
7  21  5  1
7  21  6  1
7  21  7  1
7  21  9  1
7  21  10  1
7  21  11  1
7  21  12  1
7  21  13  1
7  21  14  1
7  21  15  1
7  21  16  1
7  21  17  1
7  21  18  1
7  21  19  1
7  21  20  1
7  21  21  1
7  21  22  1
7  21  23  1
7  21  24  1
7  21  26  1
7  21  27  1
7  21  29  1
7  21  30  1
7  21  31  1
7  21  32  1
7  21  33  1
7  21  34  1
7  21  35  1
7  21  37  1
7  21  38  1
7  21  39  1
7  21  40  1
7  21  41  1
7  21  42  1
7  21  43  1
7  21  44  1
7  21  45  1
7  21  46  1
7  21  47  1
7  21  95  1
7  22  1  1
7  22  2  1
7  22  3  1
7  22  4  1
7  22  5  1
7  22  6  1
7  22  7  1
7  22  8  1
7  22  9  1
7  22  10  1
7  22  11  1
7  22  12  1
7  22  13  1
7  22  14  1
7  22  15  1
7  22  16  1
7  22  17  1
7  22  18  1
7  22  20  1
7  22  21  1
7  22  22  1
7  22  24  1
7  22  25  1
7  22  26  1
7  22  27  1
7  22  28  1
7  22  29  1
7  22  30  1
7  22  31  1
7  22  32  1
7  22  34  1
7  22  35  1
7  22  36  1
7  22  37  1
7  22  38  1
7  22  39  1
7  22  40  1
7  22  41  1
7  22  43  1
7  22  44  1
7  22  45  1
7  22  46  1
7  22  47  1
7  22  90  1
7  23  2  1
7  23  4  1
7  23  5  1
7  23  6  1
7  23  8  1
7  23  9  1
7  23  10  1
7  23  12  1
7  23  13  1
7  23  15  1
7  23  16  1
7  23  17  1
7  23  18  1
7  23  19  1
7  23  20  1
7  23  21  1
7  23  22  1
7  23  23  1
7  23  24  1
7  23  25  1
7  23  26  1
7  23  27  1
7  23  28  1
7  23  29  1
7  23  30  1
7  23  31  1
7  23  32  1
7  23  33  1
7  23  34  1
7  23  35  1
7  23  36  1
7  23  37  1
7  23  39  1
7  23  40  1
7  23  41  1
7  23  42  1
7  23  43  1
7  23  44  1
7  23  45  1
7  23  46  1
7  23  50  1
7  23  51  1
7  23  80  1
7  24  1  1
7  24  2  1
7  24  3  1
7  24  4  1
7  24  6  1
7  24  7  1
7  24  19  1
7  24  21  1
7  24  23  1
7  24  27  1
7  24  30  1
7  24  34  1
7  24  44  1
7  24  46  1
7  24  56  1
7  24  71  1
7  24  95  1
7  25  1  1
7  25  2  1
7  25  5  1
7  25  33  1
7  25  45  1
7  26  23  1
7  26  29  1
7  26  31  1
7  26  32  1
7  26  33  1
7  26  35  1
7  26  49  1
7  26  50  1
7  26  75  1
7  27  1  1
7  27  32  1
7  27  33  1
7  27  39  1
7  27  84  1
7  28  12  1
7  28  35  1
7  28  38  1
7  28  46  1
7  29  29  1
7  29  42  1
7  29  46  1
7  30  35  1
7  31  39  1
7  31  95  1
7  32  3  1
7  32  43  1
7  32  62  1
7  33  0  1
7  33  43  1
7  33  64  1
7  34  55  1
7  34  84  1
7  35  12  1
7  35  35  1
7  36  1  1
7  36  44  1
7  36  60  1
7  37  1  1
7  37  2  1
7  38  1  1
7  38  2  1
7  39  1  1
7  40  0  1
7  40  1  1
7  40  70  1
7  41  0  1
7  41  1  1
7  41  16  1
7  41  20  1
7  41  21  1
7  42  20  1
7  42  22  1
7  42  53  1
7  43  0  1
7  43  18  1
7  43  19  1
7  43  20  1
7  43  44  1
7  44  16  1
7  45  32  1
7  45  33  1
7  45  45  1
7  46  88  1
7  47  11  1
7  47  28  1
7  47  50  1
7  47  53  1
7  47  54  1
7  47  66  1
7  47  82  1
