0  20  12  1
0  21  13  1
0  34  16  1
0  17  17  1
0  24  17  1
0  28  17  1
0  30  17  1
0  31  17  1
0  33  17  1
0  2  20  1
0  3  20  1
0  4  20  1
0  7  20  1
0  11  20  1
0  24  20  1
0  1  21  1
0  2  21  1
0  3  21  1
0  5  21  1
0  7  21  1
0  10  21  1
0  11  21  1
0  25  28  1
0  22  32  1
0  14  33  1
0  32  35  1
0  19  37  1
0  31  37  1
0  12  47  1
0  24  49  1
0  29  57  1
0  14  59  1
0  31  61  1
1  7  1  1
1  11  1  1
1  12  1  1
1  16  1  1
1  18  1  1
1  19  1  1
1  20  1  1
1  21  1  1
1  23  1  1
1  26  1  1
1  34  1  1
1  8  12  1
1  18  18  1
1  15  20  1
1  26  32  1
1  12  36  1
1  21  38  1
1  25  39  1
1  8  40  1
1  1  41  1
1  25  45  1
1  12  46  1
1  20  58  1
1  23  58  1
1  2  59  1
1  26  62  1
1  9  63  1
1  7  70  1
1  12  70  1
1  15  70  1
1  16  70  1
1  19  70  1
1  22  70  1
1  34  70  1
2  28  1  1
2  34  1  1
2  15  10  1
2  18  26  1
2  20  26  1
2  15  27  1
2  16  27  1
2  31  27  1
2  26  28  1
2  28  28  1
2  29  28  1
2  30  28  1
2  31  28  1
2  28  29  1
2  31  29  1
2  32  29  1
2  20  37  1
2  30  38  1
2  3  40  1
2  6  40  1
2  11  40  1
2  4  41  1
2  5  41  1
2  7  41  1
2  28  41  1
2  32  41  1
2  3  42  1
2  4  42  1
2  32  45  1
2  14  52  1
2  15  52  1
2  16  52  1
2  16  53  1
2  17  53  1
2  18  53  1
2  19  53  1
2  23  53  1
2  6  54  1
2  14  54  1
2  6  55  1
2  6  58  1
2  7  58  1
2  7  59  1
2  10  61  1
2  3  65  1
2  2  66  1
3  32  7  1
3  34  7  1
3  31  8  1
3  32  8  1
3  33  8  1
3  34  8  1
3  32  9  1
3  33  9  1
3  34  9  1
3  31  10  1
3  32  10  1
3  33  10  1
3  34  10  1
3  32  12  1
3  15  13  1
3  31  13  1
3  32  13  1
3  33  13  1
3  32  14  1
3  33  14  1
3  28  23  1
3  14  28  1
3  16  28  1
3  17  28  1
3  17  31  1
3  3  34  1
3  10  34  1
3  21  35  1
3  24  39  1
3  8  40  1
3  13  46  1
3  12  47  1
3  16  47  1
3  18  47  1
3  20  47  1
3  31  52  1
3  1  54  1
3  1  57  1
3  20  58  1
3  14  59  1
3  17  59  1
3  19  59  1
3  14  60  1
3  15  60  1
3  16  60  1
3  18  60  1
3  19  60  1
3  20  60  1
3  15  61  1
3  19  62  1
3  16  63  1
3  17  63  1
3  18  63  1
3  22  63  1
3  16  64  1
3  18  64  1
3  27  64  1
3  21  65  1
3  16  67  1
3  17  67  1
7  3  1  1
7  5  1  1
7  10  1  1
7  11  1  1
7  21  1  1
7  26  1  1
7  30  1  1
7  31  1  1
7  33  1  1
7  34  1  1
7  15  13  1
7  16  13  1
7  1  24  1
7  13  24  1
7  15  24  1
7  22  32  1
7  12  34  1
7  13  34  1
7  14  34  1
7  15  34  1
7  16  34  1
7  17  34  1
7  18  34  1
7  19  34  1
7  20  34  1
7  21  34  1
7  22  34  1
7  12  35  1
7  13  35  1
7  15  35  1
7  16  35  1
7  17  35  1
7  18  35  1
7  19  35  1
7  21  35  1
7  23  35  1
7  28  61  1
7  24  63  1
7  28  63  1
7  2  64  1
7  21  64  1
7  4  65  1
7  1  70  1
7  2  70  1
7  3  70  1
7  6  70  1
7  11  70  1
7  12  70  1
7  14  70  1
7  16  70  1
7  17  70  1
7  19  70  1
7  21  70  1
7  23  70  1
7  26  70  1
7  27  70  1
7  28  70  1
7  29  70  1
7  30  70  1
7  31  70  1
7  32  70  1
7  33  70  1
7  34  70  1
6  3  1  1
6  4  1  1
6  9  1  1
6  12  1  1
6  14  1  1
6  15  1  1
6  17  1  1
6  19  1  1
6  20  1  1
6  23  1  1
6  25  1  1
6  26  1  1
6  28  1  1
6  29  1  1
6  31  1  1
6  33  1  1
6  34  1  1
6  11  12  1
6  8  15  1
6  4  19  1
6  5  20  1
6  9  20  1
6  4  21  1
6  5  21  1
6  24  26  1
6  26  26  1
6  27  26  1
6  28  26  1
6  32  26  1
6  9  27  1
6  28  27  1
6  32  27  1
6  10  32  1
6  15  36  1
6  3  40  1
6  34  41  1
6  31  42  1
6  31  43  1
6  3  44  1
6  24  46  1
6  30  46  1
6  14  47  1
6  25  47  1
6  2  48  1
6  11  48  1
6  4  49  1
6  7  49  1
6  28  58  1
6  29  58  1
6  20  60  1
6  22  60  1
6  27  60  1
6  16  61  1
6  26  61  1
6  27  61  1
6  26  63  1
6  27  63  1
6  26  68  1
6  27  68  1
6  15  69  1
6  27  69  1
6  1  70  1
6  2  70  1
6  3  70  1
6  4  70  1
6  5  70  1
6  6  70  1
6  7  70  1
6  8  70  1
6  9  70  1
6  10  70  1
6  11  70  1
6  13  70  1
6  15  70  1
6  16  70  1
6  17  70  1
6  18  70  1
6  19  70  1
6  20  70  1
6  21  70  1
6  22  70  1
6  23  70  1
6  24  70  1
6  25  70  1
6  27  70  1
6  28  70  1
6  29  70  1
6  30  70  1
6  31  70  1
6  32  70  1
6  34  70  1
5  1  1  1
5  3  1  1
5  4  1  1
5  6  1  1
5  7  1  1
5  10  1  1
5  2  2  1
5  10  2  1
5  17  2  1
5  2  3  1
5  4  3  1
5  7  3  1
5  8  3  1
5  6  4  1
5  7  4  1
5  8  4  1
5  9  4  1
5  10  4  1
5  33  4  1
5  42  4  1
5  4  5  1
5  7  5  1
5  8  5  1
5  9  5  1
5  33  6  1
5  11  7  1
5  27  7  1
5  5  8  1
5  7  8  1
5  10  8  1
5  6  9  1
5  7  9  1
5  8  9  1
5  1  10  1
5  4  10  1
5  3  11  1
5  7  11  1
5  8  11  1
5  17  11  1
5  1  12  1
5  3  12  1
5  7  12  1
5  12  12  1
5  14  12  1
5  15  12  1
5  16  12  1
5  17  12  1
5  18  12  1
5  19  12  1
5  21  12  1
5  22  12  1
5  23  12  1
5  36  12  1
5  37  12  1
5  1  13  1
5  2  13  1
5  3  13  1
5  5  13  1
5  6  13  1
5  8  13  1
5  10  13  1
5  12  13  1
5  13  13  1
5  14  13  1
5  15  13  1
5  16  13  1
5  17  13  1
5  18  13  1
5  19  13  1
5  20  13  1
5  21  13  1
5  22  13  1
5  23  13  1
5  32  13  1
5  36  13  1
5  1  14  1
5  6  14  1
5  7  14  1
5  9  14  1
5  11  14  1
5  12  14  1
5  16  14  1
5  5  15  1
5  10  15  1
5  14  15  1
5  16  15  1
5  36  15  1
5  3  16  1
5  5  16  1
5  8  16  1
5  10  16  1
5  12  16  1
5  13  16  1
5  14  16  1
5  15  16  1
5  16  16  1
5  17  16  1
5  18  16  1
5  19  16  1
5  20  16  1
5  21  16  1
5  2  17  1
5  7  17  1
5  8  17  1
5  10  17  1
5  12  17  1
5  14  17  1
5  17  17  1
5  18  17  1
5  19  17  1
5  20  17  1
5  21  17  1
5  23  17  1
5  4  18  1
5  5  18  1
5  6  18  1
5  8  18  1
5  9  18  1
5  10  18  1
5  11  18  1
5  15  18  1
5  16  18  1
5  1  19  1
5  5  19  1
5  6  19  1
5  7  19  1
5  9  19  1
5  10  19  1
5  11  19  1
5  1  20  1
5  4  20  1
5  5  20  1
5  6  20  1
5  11  20  1
5  12  20  1
5  14  20  1
5  5  21  1
5  7  21  1
5  10  21  1
5  18  21  1
5  19  21  1
5  2  22  1
5  4  22  1
5  6  22  1
5  9  22  1
5  10  22  1
5  11  22  1
5  13  22  1
5  14  22  1
5  15  22  1
5  16  22  1
5  17  22  1
5  18  22  1
5  19  22  1
5  20  22  1
5  21  22  1
5  22  22  1
5  23  22  1
5  5  23  1
5  6  23  1
5  8  23  1
5  12  23  1
5  14  23  1
5  15  23  1
5  16  23  1
5  17  23  1
5  18  23  1
5  19  23  1
5  20  23  1
5  22  23  1
5  23  23  1
5  1  24  1
5  4  25  1
5  7  25  1
5  21  25  1
5  1  26  1
5  2  26  1
5  6  26  1
5  11  26  1
5  2  27  1
5  3  27  1
5  4  27  1
5  5  27  1
5  9  27  1
5  1  28  1
5  4  28  1
5  10  28  1
5  4  29  1
5  6  29  1
5  8  29  1
5  9  29  1
5  10  29  1
5  1  30  1
5  2  30  1
5  3  30  1
5  8  30  1
5  10  30  1
5  1  31  1
5  2  31  1
5  3  31  1
5  4  31  1
5  7  31  1
5  9  31  1
5  10  31  1
5  11  31  1
5  3  32  1
5  8  32  1
5  1  33  1
5  4  33  1
5  6  33  1
5  8  33  1
5  9  33  1
5  11  33  1
5  1  34  1
5  3  34  1
5  9  34  1
5  1  35  1
5  2  35  1
5  39  35  1
5  1  36  1
5  3  36  1
5  5  36  1
5  6  36  1
5  34  36  1
5  5  37  1
5  7  37  1
5  9  37  1
5  3  38  1
5  4  38  1
5  6  38  1
5  7  38  1
5  9  38  1
5  10  38  1
5  11  38  1
5  31  38  1
5  4  39  1
5  6  39  1
5  9  39  1
5  3  40  1
5  4  40  1
5  6  40  1
5  1  41  1
5  1  42  1
5  2  42  1
5  4  42  1
5  6  42  1
5  8  42  1
5  1  43  1
5  3  43  1
5  7  43  1
5  3  44  1
5  4  44  1
5  1  45  1
5  2  45  1
5  3  45  1
5  8  45  1
5  11  45  1
5  1  46  1
5  4  46  1
5  5  46  1
5  31  46  1
5  1  47  1
5  3  47  1
5  7  47  1
5  9  47  1
5  23  47  1
5  45  47  1
5  6  49  1
5  1  51  1
5  4  56  1
5  11  56  1
5  1  57  1
5  5  57  1
5  6  57  1
5  8  57  1
5  9  57  1
5  10  57  1
5  18  58  1
5  39  62  1
5  25  65  1
5  24  66  1
5  25  66  1
5  26  66  1
5  27  66  1
5  28  66  1
5  29  66  1
5  30  66  1
5  31  66  1
5  32  66  1
5  33  66  1
5  34  66  1
5  35  66  1
5  23  67  1
5  24  67  1
5  25  67  1
5  26  67  1
5  27  67  1
5  28  67  1
5  29  67  1
5  30  67  1
5  31  67  1
5  32  67  1
5  33  67  1
5  34  67  1
5  35  67  1
5  24  68  1
5  25  69  1
5  13  72  1
5  7  73  1
5  16  73  1
5  32  73  1
5  42  77  1
5  37  81  1
5  12  89  1
5  30  91  1
5  43  91  1
5  12  92  1
5  15  92  1
5  21  93  1
4  2  1  1
4  14  1  1
4  19  1  1
4  20  1  1
4  21  1  1
4  25  1  1
4  27  1  1
4  36  1  1
4  37  1  1
4  38  1  1
4  39  1  1
4  41  1  1
4  16  2  1
4  17  2  1
4  21  2  1
4  23  2  1
4  24  2  1
4  37  2  1
4  38  2  1
4  2  3  1
4  14  3  1
4  17  3  1
4  19  3  1
4  20  3  1
4  21  3  1
4  2  4  1
4  14  4  1
4  16  4  1
4  18  4  1
4  19  4  1
4  20  4  1
4  21  4  1
4  22  4  1
4  24  4  1
4  13  5  1
4  15  5  1
4  16  5  1
4  19  5  1
4  23  5  1
4  25  5  1
4  28  5  1
4  15  6  1
4  17  6  1
4  19  6  1
4  20  6  1
4  21  6  1
4  22  6  1
4  24  6  1
4  16  7  1
4  17  7  1
4  18  7  1
4  19  7  1
4  22  7  1
4  24  7  1
4  1  8  1
4  2  8  1
4  12  8  1
4  13  8  1
4  14  8  1
4  15  8  1
4  18  8  1
4  19  8  1
4  20  8  1
4  22  8  1
4  23  8  1
4  2  9  1
4  3  9  1
4  4  9  1
4  5  9  1
4  7  9  1
4  10  9  1
4  11  9  1
4  12  9  1
4  15  9  1
4  18  9  1
4  21  9  1
4  23  9  1
4  21  10  1
4  4  11  1
4  16  11  1
4  20  11  1
4  21  11  1
4  22  11  1
4  12  12  1
4  13  12  1
4  14  12  1
4  15  12  1
4  16  12  1
4  17  12  1
4  22  12  1
4  28  12  1
4  35  12  1
4  2  13  1
4  12  13  1
4  14  13  1
4  20  13  1
4  4  14  1
4  12  14  1
4  22  14  1
4  12  15  1
4  13  15  1
4  19  15  1
4  20  15  1
4  21  15  1
4  2  16  1
4  8  16  1
4  12  16  1
4  17  16  1
4  18  16  1
4  22  16  1
4  23  16  1
4  38  16  1
4  20  17  1
4  23  17  1
4  21  18  1
4  22  18  1
4  23  18  1
4  36  18  1
4  7  19  1
4  20  19  1
4  21  19  1
4  23  19  1
4  13  20  1
4  17  20  1
4  18  20  1
4  23  20  1
4  32  20  1
4  15  21  1
4  21  21  1
4  23  21  1
4  24  21  1
4  19  22  1
4  20  22  1
4  21  22  1
4  23  22  1
4  42  22  1
4  12  23  1
4  17  23  1
4  18  23  1
4  19  23  1
4  21  23  1
4  23  23  1
4  24  23  1
4  12  24  1
4  14  24  1
4  16  24  1
4  17  24  1
4  18  24  1
4  19  24  1
4  20  24  1
4  21  24  1
4  22  24  1
4  23  24  1
4  13  25  1
4  15  25  1
4  16  25  1
4  17  25  1
4  18  25  1
4  19  25  1
4  20  25  1
4  22  25  1
4  23  25  1
4  13  26  1
4  16  26  1
4  18  26  1
4  19  26  1
4  20  26  1
4  21  26  1
4  22  26  1
4  23  26  1
4  12  27  1
4  13  27  1
4  15  27  1
4  16  27  1
4  18  27  1
4  19  27  1
4  22  27  1
4  23  27  1
4  24  27  1
4  3  28  1
4  4  28  1
4  8  28  1
4  12  28  1
4  14  28  1
4  15  28  1
4  16  28  1
4  18  28  1
4  19  28  1
4  20  28  1
4  22  28  1
4  23  28  1
4  13  29  1
4  15  29  1
4  18  29  1
4  19  29  1
4  20  29  1
4  21  29  1
4  22  29  1
4  23  29  1
4  12  30  1
4  13  30  1
4  16  30  1
4  17  30  1
4  18  30  1
4  19  30  1
4  20  30  1
4  22  30  1
4  23  30  1
4  14  31  1
4  15  31  1
4  16  31  1
4  17  31  1
4  18  31  1
4  20  31  1
4  21  31  1
4  22  31  1
4  23  31  1
4  14  32  1
4  16  32  1
4  18  32  1
4  19  32  1
4  20  32  1
4  21  32  1
4  22  32  1
4  23  32  1
4  26  32  1
4  44  32  1
4  45  32  1
4  14  33  1
4  15  33  1
4  17  33  1
4  20  33  1
4  23  33  1
4  27  33  1
4  44  33  1
4  45  33  1
4  15  34  1
4  22  34  1
4  12  35  1
4  13  35  1
4  14  35  1
4  16  35  1
4  17  35  1
4  19  35  1
4  20  35  1
4  21  35  1
4  22  35  1
4  23  35  1
4  17  36  1
4  18  36  1
4  20  36  1
4  23  36  1
4  22  37  1
4  23  37  1
4  12  38  1
4  17  38  1
4  18  38  1
4  19  38  1
4  21  38  1
4  22  38  1
4  10  39  1
4  12  39  1
4  16  39  1
4  18  39  1
4  19  39  1
4  21  39  1
4  22  39  1
4  23  39  1
4  4  40  1
4  6  40  1
4  13  40  1
4  16  40  1
4  17  40  1
4  19  40  1
4  20  40  1
4  21  40  1
4  22  40  1
4  23  40  1
4  36  40  1
4  37  40  1
4  39  40  1
4  42  40  1
4  14  41  1
4  17  41  1
4  20  41  1
4  21  41  1
4  22  41  1
4  23  41  1
4  45  41  1
4  13  42  1
4  16  42  1
4  17  42  1
4  18  42  1
4  19  42  1
4  20  42  1
4  21  42  1
4  12  43  1
4  13  43  1
4  14  43  1
4  15  43  1
4  16  43  1
4  17  43  1
4  18  43  1
4  19  43  1
4  22  43  1
4  12  44  1
4  14  44  1
4  15  44  1
4  16  44  1
4  17  44  1
4  18  44  1
4  19  44  1
4  20  44  1
4  21  44  1
4  22  44  1
4  23  44  1
4  12  45  1
4  14  45  1
4  16  45  1
4  19  45  1
4  20  45  1
4  12  46  1
4  15  46  1
4  19  46  1
4  20  46  1
4  22  46  1
4  23  46  1
4  32  46  1
4  12  47  1
4  14  47  1
4  17  47  1
4  18  47  1
4  22  47  1
4  31  47  1
4  38  50  1
4  3  52  1
4  42  53  1
4  10  54  1
4  19  56  1
4  19  58  1
4  24  71  1
4  12  72  1
4  13  72  1
4  15  72  1
4  16  72  1
4  17  72  1
4  18  72  1
4  19  72  1
4  20  72  1
4  22  72  1
4  12  73  1
4  13  73  1
4  14  73  1
4  17  73  1
4  18  73  1
4  19  73  1
4  20  73  1
4  22  73  1
4  23  73  1
4  16  74  1
4  17  74  1
4  26  75  1
4  9  76  1
4  20  76  1
4  3  77  1
4  17  77  1
4  19  77  1
4  21  77  1
4  18  78  1
4  43  78  1
4  13  79  1
4  18  79  1
4  21  79  1
4  12  80  1
4  13  80  1
4  18  80  1
4  19  80  1
4  20  80  1
4  21  80  1
4  23  80  1
4  13  81  1
4  15  81  1
4  18  81  1
4  19  81  1
4  20  81  1
4  21  81  1
4  20  82  1
4  21  82  1
4  22  82  1
4  12  83  1
4  18  83  1
4  20  83  1
4  34  84  1
4  7  85  1
4  44  92  1
4  19  93  1
4  38  93  1
4  42  93  1
0  2  1  1
0  8  1  1
0  20  1  1
0  23  1  1
0  21  2  1
0  22  2  1
0  4  4  1
0  3  5  1
0  4  5  1
0  9  7  1
0  8  8  1
0  6  12  1
0  7  12  1
0  8  12  1
0  10  12  1
0  32  12  1
0  33  12  1
0  34  12  1
0  6  13  1
0  7  13  1
0  8  13  1
0  9  13  1
0  24  13  1
0  29  13  1
0  31  13  1
0  32  13  1
0  33  13  1
0  34  13  1
0  8  14  1
0  9  14  1
0  26  14  1
0  31  14  1
0  32  14  1
0  33  14  1
0  34  14  1
0  7  15  1
0  8  15  1
0  10  15  1
0  26  15  1
0  27  15  1
0  28  15  1
0  29  15  1
0  32  15  1
0  33  15  1
0  28  16  1
0  29  16  1
0  32  16  1
0  26  17  1
0  29  17  1
0  25  18  1
0  26  18  1
0  27  18  1
0  28  18  1
0  29  18  1
0  25  19  1
0  26  19  1
0  27  19  1
0  28  19  1
0  29  19  1
0  26  20  1
0  27  20  1
0  28  20  1
0  29  20  1
0  27  21  1
0  28  21  1
0  29  21  1
0  30  21  1
0  33  21  1
0  17  23  1
0  18  23  1
0  19  23  1
0  20  23  1
0  14  25  1
0  32  31  1
0  9  33  1
0  21  33  1
0  34  33  1
0  22  40  1
0  19  44  1
0  19  45  1
0  8  52  1
1  22  1  1
1  24  1  1
1  25  1  1
1  28  1  1
1  29  1  1
1  30  1  1
1  31  1  1
1  26  2  1
1  28  2  1
1  29  2  1
1  30  2  1
1  31  2  1
1  24  3  1
1  25  3  1
1  26  3  1
1  30  3  1
1  31  3  1
1  24  4  1
1  25  4  1
1  24  5  1
1  32  6  1
1  8  7  1
1  32  7  1
1  25  10  1
1  26  10  1
1  25  11  1
1  26  11  1
1  27  11  1
1  31  11  1
1  32  11  1
1  33  11  1
1  26  12  1
1  27  12  1
1  28  12  1
1  29  12  1
1  30  12  1
1  31  12  1
1  32  12  1
1  2  13  1
1  27  13  1
1  28  13  1
1  29  13  1
1  30  13  1
1  31  13  1
1  32  13  1
1  33  13  1
1  22  14  1
1  26  14  1
1  28  14  1
1  29  14  1
1  30  14  1
1  31  14  1
1  32  14  1
1  33  14  1
1  24  15  1
1  25  15  1
1  30  15  1
1  31  15  1
1  32  15  1
1  33  15  1
1  20  16  1
1  21  16  1
1  22  16  1
1  34  16  1
1  20  17  1
1  21  17  1
1  22  17  1
1  23  17  1
1  30  17  1
1  34  17  1
1  12  18  1
1  26  18  1
1  29  18  1
1  32  18  1
1  1  19  1
1  5  19  1
1  6  19  1
1  12  19  1
1  13  19  1
1  22  19  1
1  23  19  1
1  26  19  1
1  27  19  1
1  28  19  1
1  29  19  1
1  12  20  1
1  13  20  1
1  28  20  1
1  29  20  1
1  13  21  1
1  14  21  1
1  15  21  1
1  16  21  1
1  28  21  1
1  29  21  1
1  14  22  1
1  15  22  1
1  12  23  1
1  25  23  1
1  24  25  1
1  25  25  1
1  7  26  1
1  8  26  1
1  9  26  1
1  24  26  1
1  7  27  1
1  8  27  1
1  9  27  1
1  11  27  1
1  21  27  1
1  24  27  1
1  25  27  1
1  26  27  1
1  33  27  1
1  2  28  1
1  11  28  1
1  24  28  1
1  8  29  1
1  9  29  1
1  10  29  1
1  11  29  1
1  3  31  1
1  13  36  1
1  34  36  1
1  20  37  1
1  33  37  1
1  34  37  1
1  12  38  1
1  14  38  1
1  15  38  1
1  17  38  1
1  18  38  1
1  22  38  1
1  4  39  1
1  14  39  1
1  17  39  1
1  21  39  1
1  22  39  1
1  23  39  1
1  34  39  1
1  13  40  1
1  14  40  1
1  15  40  1
1  13  41  1
1  14  41  1
1  15  41  1
1  22  41  1
1  23  41  1
1  3  42  1
1  14  42  1
1  22  43  1
1  25  43  1
1  26  43  1
1  30  43  1
1  13  44  1
1  14  44  1
1  15  44  1
1  22  44  1
1  12  45  1
1  13  45  1
1  14  45  1
1  15  47  1
1  16  48  1
1  15  50  1
1  16  50  1
1  17  50  1
1  16  51  1
1  17  51  1
1  16  52  1
1  16  53  1
1  16  54  1
1  32  58  1
1  28  60  1
1  28  61  1
1  28  62  1
1  9  64  1
1  11  64  1
1  15  64  1
1  34  64  1
1  9  65  1
1  10  65  1
1  34  65  1
1  2  68  1
1  20  68  1
1  2  69  1
1  3  69  1
1  20  69  1
1  2  70  1
1  3  70  1
1  4  70  1
2  9  1  1
2  11  1  1
2  24  1  1
2  25  1  1
2  26  1  1
2  27  1  1
2  31  1  1
2  32  1  1
2  33  1  1
2  26  2  1
2  28  2  1
2  34  2  1
2  25  3  1
2  26  3  1
2  26  4  1
2  27  4  1
2  24  5  1
2  26  5  1
2  25  6  1
2  26  6  1
2  30  7  1
2  34  9  1
2  14  10  1
2  13  11  1
2  13  15  1
2  14  15  1
2  14  16  1
2  14  17  1
2  15  17  1
2  12  18  1
2  13  18  1
2  14  18  1
2  20  18  1
2  10  19  1
2  13  19  1
2  14  19  1
2  19  19  1
2  20  19  1
2  9  20  1
2  14  20  1
2  15  20  1
2  20  20  1
2  22  20  1
2  12  21  1
2  14  21  1
2  15  21  1
2  22  21  1
2  12  22  1
2  2  23  1
2  9  23  1
2  21  25  1
2  34  25  1
2  5  27  1
2  6  27  1
2  10  28  1
2  13  28  1
2  22  29  1
2  22  30  1
2  28  30  1
2  29  30  1
2  30  30  1
2  2  31  1
2  10  31  1
2  11  31  1
2  25  31  1
2  26  31  1
2  27  31  1
2  28  31  1
2  29  31  1
2  30  31  1
2  31  31  1
2  30  32  1
2  2  33  1
2  3  33  1
2  8  33  1
2  9  33  1
2  7  34  1
2  8  34  1
2  9  34  1
2  24  34  1
2  7  35  1
2  8  35  1
2  9  38  1
2  4  39  1
2  4  40  1
2  5  40  1
2  8  40  1
2  11  42  1
2  11  43  1
2  10  44  1
2  11  44  1
2  10  45  1
2  11  46  1
2  10  47  1
2  11  47  1
2  10  48  1
2  11  48  1
2  22  48  1
2  22  50  1
2  31  52  1
2  1  54  1
2  2  54  1
2  7  54  1
2  25  54  1
2  2  55  1
2  20  55  1
2  22  55  1
2  23  55  1
2  13  56  1
2  20  57  1
2  16  60  1
2  2  61  1
2  16  61  1
2  2  62  1
2  12  62  1
2  10  63  1
2  11  63  1
2  12  63  1
2  2  64  1
2  3  64  1
2  11  64  1
2  12  64  1
2  1  65  1
2  10  65  1
2  4  66  1
2  2  67  1
2  3  67  1
3  13  1  1
3  14  1  1
3  15  1  1
3  18  1  1
3  14  2  1
3  15  2  1
3  14  3  1
3  15  3  1
3  22  3  1
3  22  4  1
3  14  5  1
3  15  5  1
3  19  5  1
3  23  5  1
3  34  5  1
3  14  6  1
3  15  6  1
3  22  6  1
3  34  6  1
3  2  7  1
3  14  7  1
3  15  7  1
3  33  7  1
3  22  9  1
3  31  9  1
3  18  10  1
3  20  10  1
3  22  10  1
3  23  10  1
3  16  11  1
3  18  11  1
3  20  11  1
3  21  11  1
3  22  11  1
3  23  11  1
3  31  11  1
3  32  11  1
3  33  11  1
3  34  11  1
3  22  12  1
3  12  15  1
3  32  15  1
3  33  15  1
3  12  16  1
3  13  16  1
3  9  18  1
3  9  19  1
3  10  19  1
3  11  19  1
3  12  19  1
3  10  20  1
3  12  20  1
3  12  21  1
3  29  23  1
3  25  24  1
3  29  27  1
3  1  29  1
3  2  29  1
3  14  29  1
3  34  29  1
3  7  30  1
3  8  30  1
3  2  31  1
3  3  31  1
3  6  31  1
3  8  31  1
3  16  31  1
3  3  32  1
3  8  32  1
3  9  32  1
3  19  32  1
3  7  33  1
3  8  34  1
3  26  34  1
3  9  36  1
3  13  36  1
3  14  36  1
3  12  37  1
3  13  37  1
3  14  37  1
3  12  38  1
3  13  38  1
3  24  38  1
3  14  39  1
3  21  40  1
3  27  40  1
3  30  40  1
3  22  41  1
3  23  41  1
3  27  41  1
3  13  42  1
3  14  42  1
3  18  42  1
3  20  42  1
3  23  42  1
3  26  42  1
3  27  42  1
3  28  42  1
3  14  43  1
3  19  43  1
3  20  43  1
3  27  43  1
3  28  43  1
3  15  45  1
3  20  45  1
3  23  45  1
3  24  45  1
3  13  47  1
3  10  50  1
3  10  53  1
3  3  55  1
3  16  59  1
3  20  59  1
3  21  59  1
3  11  60  1
3  12  60  1
3  17  60  1
3  10  61  1
3  11  61  1
3  12  61  1
3  22  61  1
3  23  61  1
3  11  62  1
3  14  62  1
3  15  62  1
3  22  62  1
3  23  62  1
3  14  63  1
3  15  63  1
3  23  63  1
3  20  64  1
3  20  65  1
3  9  68  1
3  20  68  1
3  21  68  1
3  22  68  1
3  33  68  1
3  16  69  1
3  20  69  1
3  21  69  1
3  22  69  1
3  23  69  1
3  9  70  1
3  20  70  1
3  22  70  1
7  1  1  1
7  2  1  1
7  4  1  1
7  12  1  1
7  1  2  1
7  2  2  1
7  3  2  1
7  4  2  1
7  5  2  1
7  10  2  1
7  12  2  1
7  16  2  1
7  1  3  1
7  3  3  1
7  4  3  1
7  10  3  1
7  14  3  1
7  30  3  1
7  32  3  1
7  3  4  1
7  10  4  1
7  28  4  1
7  13  5  1
7  34  5  1
7  14  6  1
7  1  7  1
7  2  7  1
7  3  7  1
7  14  7  1
7  2  8  1
7  3  8  1
7  27  8  1
7  28  8  1
7  3  9  1
7  7  9  1
7  8  9  1
7  22  9  1
7  27  9  1
7  28  9  1
7  29  9  1
7  30  9  1
7  2  10  1
7  3  10  1
7  4  10  1
7  5  10  1
7  22  10  1
7  27  10  1
7  28  10  1
7  29  10  1
7  30  10  1
7  31  10  1
7  32  10  1
7  2  11  1
7  3  11  1
7  4  11  1
7  5  11  1
7  6  11  1
7  7  11  1
7  26  11  1
7  28  11  1
7  29  11  1
7  31  11  1
7  4  12  1
7  5  12  1
7  6  12  1
7  7  12  1
7  2  13  1
7  4  13  1
7  8  13  1
7  9  13  1
7  3  14  1
7  4  14  1
7  5  14  1
7  27  14  1
7  1  15  1
7  2  15  1
7  3  15  1
7  5  15  1
7  6  15  1
7  28  15  1
7  29  15  1
7  2  16  1
7  3  16  1
7  13  16  1
7  28  16  1
7  29  16  1
7  20  17  1
7  25  17  1
7  26  17  1
7  28  17  1
7  1  18  1
7  2  18  1
7  3  18  1
7  26  18  1
7  1  19  1
7  2  19  1
7  3  19  1
7  6  19  1
7  33  19  1
7  34  19  1
7  7  20  1
7  8  20  1
7  34  20  1
7  7  21  1
7  33  21  1
7  34  22  1
7  5  23  1
7  10  23  1
7  34  23  1
7  10  24  1
7  11  24  1
7  8  25  1
7  9  25  1
7  10  25  1
7  11  25  1
7  1  26  1
7  9  26  1
7  10  26  1
7  11  26  1
7  15  26  1
7  16  26  1
7  18  26  1
7  29  26  1
7  9  27  1
7  11  27  1
7  14  27  1
7  16  27  1
7  17  27  1
7  19  27  1
7  29  27  1
7  10  28  1
7  11  28  1
7  12  28  1
7  30  28  1
7  2  29  1
7  10  29  1
7  11  29  1
7  12  29  1
7  13  29  1
7  34  29  1
7  10  31  1
7  11  31  1
7  29  31  1
7  9  32  1
7  10  32  1
7  4  33  1
7  9  33  1
7  10  33  1
7  31  33  1
7  32  33  1
7  34  33  1
7  10  34  1
7  11  34  1
7  10  35  1
7  14  35  1
7  22  35  1
7  18  37  1
7  19  37  1
7  20  37  1
7  2  38  1
7  3  38  1
7  2  39  1
7  3  39  1
7  4  39  1
7  18  39  1
7  1  40  1
7  2  40  1
7  12  40  1
7  13  40  1
7  16  40  1
7  17  40  1
7  18  40  1
7  19  40  1
7  20  40  1
7  21  40  1
7  22  40  1
7  23  40  1
7  24  40  1
7  28  40  1
7  29  40  1
7  30  40  1
7  33  40  1
7  34  40  1
7  1  41  1
7  2  41  1
7  12  41  1
7  13  41  1
7  15  41  1
7  17  41  1
7  18  41  1
7  19  41  1
7  20  41  1
7  21  41  1
7  22  41  1
7  23  41  1
7  24  41  1
7  26  41  1
7  27  41  1
7  30  41  1
7  31  41  1
7  1  42  1
7  2  42  1
7  21  42  1
7  22  42  1
7  23  42  1
7  24  42  1
7  27  42  1
7  34  42  1
7  2  43  1
7  5  43  1
7  7  43  1
7  12  43  1
7  22  43  1
7  32  43  1
7  33  43  1
7  34  43  1
7  2  44  1
7  4  44  1
7  6  44  1
7  7  44  1
7  8  44  1
7  9  44  1
7  11  44  1
7  18  44  1
7  32  44  1
7  1  45  1
7  2  45  1
7  4  45  1
7  5  45  1
7  6  45  1
7  7  45  1
7  10  45  1
7  12  45  1
7  18  45  1
7  26  45  1
7  32  45  1
7  33  45  1
7  13  46  1
7  15  46  1
7  16  46  1
7  18  46  1
7  19  46  1
7  20  46  1
7  21  46  1
7  32  46  1
7  33  46  1
7  34  46  1
7  9  47  1
7  15  47  1
7  16  47  1
7  17  47  1
7  20  47  1
7  29  47  1
7  33  47  1
7  34  47  1
7  1  48  1
7  10  48  1
7  11  48  1
7  14  48  1
7  16  48  1
7  25  48  1
7  28  48  1
7  29  48  1
7  32  48  1
7  33  48  1
7  34  48  1
7  10  49  1
7  11  49  1
7  14  49  1
7  15  49  1
7  19  49  1
7  28  49  1
7  29  49  1
7  32  49  1
7  33  49  1
7  4  50  1
7  14  50  1
7  15  50  1
7  16  50  1
7  19  50  1
7  25  50  1
7  15  51  1
7  16  51  1
7  17  51  1
7  19  51  1
7  20  51  1
7  24  51  1
7  32  51  1
7  33  51  1
7  3  52  1
7  5  52  1
7  6  52  1
7  16  52  1
7  17  52  1
7  18  52  1
7  19  52  1
7  21  52  1
7  22  52  1
7  24  52  1
7  25  52  1
7  26  52  1
7  27  52  1
7  3  53  1
7  6  53  1
7  7  53  1
7  8  53  1
7  9  53  1
7  16  53  1
7  21  53  1
7  25  53  1
7  2  54  1
7  3  54  1
7  4  54  1
7  5  54  1
7  6  54  1
7  7  54  1
7  8  54  1
7  9  54  1
7  10  54  1
7  12  54  1
7  18  54  1
7  25  54  1
7  26  54  1
7  29  54  1
7  32  54  1
7  1  55  1
7  2  55  1
7  3  55  1
7  4  55  1
7  5  55  1
7  7  55  1
7  8  55  1
7  9  55  1
7  10  55  1
7  11  55  1
7  12  55  1
7  19  55  1
7  20  55  1
7  28  55  1
7  29  55  1
7  30  55  1
7  32  55  1
7  7  56  1
7  8  56  1
7  9  56  1
7  10  56  1
7  11  56  1
7  15  56  1
7  19  56  1
7  20  56  1
7  21  56  1
7  22  56  1
7  23  56  1
7  28  56  1
7  29  56  1
7  30  56  1
7  11  57  1
7  14  57  1
7  20  57  1
7  29  57  1
7  30  57  1
7  31  57  1
7  8  58  1
7  9  58  1
7  12  58  1
7  13  58  1
7  16  58  1
7  17  58  1
7  18  58  1
7  20  58  1
7  22  58  1
7  26  58  1
7  27  58  1
7  28  58  1
7  29  58  1
7  30  58  1
7  8  59  1
7  16  59  1
7  24  59  1
7  26  59  1
7  27  59  1
7  28  59  1
7  30  59  1
7  34  59  1
7  2  60  1
7  3  60  1
7  7  60  1
7  8  60  1
7  12  60  1
7  15  60  1
7  20  60  1
7  21  60  1
7  22  60  1
7  3  61  1
7  7  61  1
7  15  61  1
7  21  61  1
7  22  61  1
7  10  63  1
7  26  63  1
7  10  64  1
7  12  64  1
7  13  64  1
7  15  64  1
7  16  64  1
7  26  64  1
7  32  64  1
7  1  65  1
7  2  65  1
7  10  65  1
7  12  65  1
7  13  65  1
7  14  65  1
7  15  65  1
7  16  65  1
7  21  66  1
7  22  66  1
7  23  66  1
7  24  66  1
7  25  66  1
7  20  67  1
7  21  67  1
7  22  67  1
7  25  67  1
7  26  67  1
7  6  68  1
7  13  68  1
7  14  68  1
7  20  68  1
7  27  68  1
7  13  69  1
7  14  69  1
7  27  69  1
6  16  3  1
6  18  3  1
6  28  7  1
6  30  10  1
6  32  10  1
6  30  11  1
6  31  11  1
6  32  11  1
6  33  11  1
6  27  12  1
6  28  12  1
6  32  12  1
6  33  12  1
6  34  12  1
6  25  13  1
6  26  13  1
6  27  13  1
6  28  13  1
6  31  13  1
6  32  13  1
6  26  14  1
6  27  15  1
6  29  15  1
6  30  15  1
6  28  16  1
6  29  16  1
6  32  16  1
6  28  17  1
6  29  17  1
6  33  17  1
6  34  19  1
6  26  20  1
6  28  20  1
6  29  20  1
6  9  21  1
6  24  21  1
6  25  21  1
6  27  21  1
6  28  21  1
6  29  21  1
6  30  21  1
6  32  21  1
6  26  22  1
6  28  22  1
6  29  22  1
6  33  23  1
6  15  24  1
6  10  25  1
6  15  25  1
6  16  25  1
6  17  25  1
6  34  25  1
6  18  27  1
6  20  27  1
6  34  28  1
6  22  29  1
6  33  30  1
6  28  33  1
6  25  36  1
6  24  37  1
6  28  37  1
6  29  37  1
6  6  38  1
6  24  40  1
6  26  40  1
6  31  40  1
6  32  40  1
6  24  41  1
6  25  41  1
6  27  41  1
6  30  41  1
6  31  41  1
6  32  41  1
6  33  41  1
6  32  42  1
6  13  43  1
6  14  43  1
6  18  43  1
6  24  43  1
6  29  43  1
6  32  43  1
6  32  44  1
6  33  44  1
6  34  44  1
6  24  45  1
6  25  45  1
6  28  45  1
6  33  45  1
6  34  45  1
6  25  46  1
6  33  46  1
6  34  46  1
6  28  47  1
6  34  47  1
6  29  55  1
6  29  56  1
6  28  57  1
6  26  60  1
6  26  62  1
6  27  62  1
6  26  64  1
6  27  64  1
6  26  65  1
6  27  65  1
6  26  67  1
6  19  68  1
6  20  68  1
6  22  68  1
6  18  69  1
6  19  69  1
6  20  69  1
6  21  69  1
6  22  69  1
6  23  69  1
5  2  1  1
5  8  1  1
5  1  2  1
5  3  2  1
5  6  2  1
5  8  2  1
5  1  3  1
5  9  3  1
5  10  3  1
5  25  3  1
5  26  3  1
5  27  3  1
5  28  3  1
5  42  3  1
5  45  3  1
5  2  4  1
5  3  4  1
5  4  4  1
5  11  4  1
5  26  4  1
5  27  4  1
5  28  4  1
5  45  4  1
5  1  5  1
5  5  5  1
5  10  5  1
5  26  5  1
5  27  5  1
5  28  5  1
5  29  5  1
5  45  5  1
5  1  6  1
5  2  6  1
5  3  6  1
5  26  6  1
5  27  6  1
5  28  6  1
5  29  6  1
5  1  7  1
5  2  7  1
5  3  7  1
5  4  7  1
5  5  7  1
5  28  7  1
5  29  7  1
5  36  7  1
5  44  7  1
5  3  8  1
5  4  8  1
5  1  9  1
5  2  9  1
5  3  9  1
5  2  10  1
5  20  11  1
5  22  11  1
5  23  11  1
5  20  12  1
5  24  12  1
5  25  12  1
5  24  13  1
5  25  13  1
5  35  13  1
5  22  14  1
5  23  14  1
5  24  14  1
5  25  14  1
5  36  14  1
5  20  15  1
5  22  15  1
5  23  15  1
5  24  15  1
5  25  15  1
5  17  24  1
5  1  25  1
5  3  25  1
5  11  25  1
5  1  27  1
5  21  27  1
5  24  27  1
5  3  28  1
5  11  30  1
5  4  32  1
5  5  32  1
5  20  33  1
5  3  35  1
5  3  39  1
5  3  42  1
5  44  42  1
5  45  42  1
5  2  43  1
5  44  43  1
5  45  43  1
5  23  44  1
5  44  44  1
5  45  44  1
5  44  45  1
5  45  45  1
5  23  46  1
5  44  46  1
5  2  47  1
5  17  47  1
5  22  47  1
5  24  47  1
5  23  48  1
5  41  49  1
5  26  50  1
5  39  54  1
5  40  54  1
5  3  62  1
5  24  65  1
5  27  65  1
5  28  65  1
5  25  68  1
5  26  68  1
5  27  68  1
5  8  76  1
5  41  76  1
5  42  76  1
5  8  77  1
5  41  77  1
5  43  77  1
5  42  78  1
5  43  78  1
5  11  80  1
5  36  80  1
5  3  88  1
5  3  89  1
5  4  89  1
5  5  89  1
5  29  90  1
5  43  90  1
5  29  91  1
5  29  92  1
5  43  92  1
5  44  92  1
5  45  92  1
5  45  93  1
4  3  1  1
4  6  1  1
4  8  1  1
4  9  1  1
4  22  1  1
4  8  2  1
4  9  2  1
4  10  2  1
4  13  2  1
4  15  2  1
4  22  2  1
4  22  3  1
4  6  4  1
4  17  4  1
4  23  4  1
4  12  5  1
4  17  5  1
4  6  6  1
4  7  6  1
4  9  6  1
4  10  6  1
4  18  6  1
4  23  6  1
4  6  7  1
4  9  7  1
4  10  7  1
4  11  7  1
4  3  8  1
4  4  8  1
4  9  8  1
4  10  8  1
4  11  8  1
4  16  9  1
4  22  9  1
4  2  10  1
4  3  10  1
4  4  10  1
4  13  10  1
4  22  10  1
4  19  11  1
4  20  12  1
4  22  13  1
4  17  14  1
4  2  15  1
4  23  15  1
4  20  16  1
4  22  17  1
4  43  17  1
4  20  18  1
4  43  18  1
4  40  19  1
4  42  19  1
4  20  20  1
4  22  20  1
4  17  21  1
4  18  21  1
4  22  21  1
4  40  21  1
4  42  21  1
4  43  21  1
4  16  22  1
4  22  22  1
4  25  22  1
4  38  22  1
4  39  22  1
4  40  22  1
4  41  22  1
4  43  22  1
4  15  23  1
4  20  23  1
4  12  26  1
4  17  26  1
4  21  27  1
4  13  28  1
4  16  29  1
4  17  29  1
4  7  30  1
4  15  30  1
4  21  30  1
4  6  31  1
4  7  31  1
4  9  31  1
4  19  31  1
4  13  32  1
4  17  32  1
4  12  33  1
4  13  33  1
4  18  33  1
4  19  33  1
4  21  33  1
4  13  34  1
4  14  34  1
4  16  34  1
4  19  34  1
4  20  34  1
4  21  34  1
4  23  34  1
4  16  36  1
4  19  36  1
4  16  37  1
4  20  39  1
4  14  40  1
4  15  41  1
4  19  41  1
4  23  42  1
4  20  43  1
4  21  43  1
4  23  43  1
4  32  44  1
4  21  45  1
4  22  45  1
4  23  45  1
4  36  49  1
4  37  49  1
4  38  49  1
4  12  50  1
4  13  50  1
4  22  50  1
4  39  50  1
4  12  51  1
4  38  51  1
4  38  52  1
4  38  53  1
4  39  53  1
4  18  54  1
4  19  55  1
4  23  56  1
4  21  57  1
4  23  57  1
4  33  63  1
4  36  63  1
4  37  63  1
4  32  64  1
4  33  64  1
4  33  66  1
4  37  66  1
4  33  67  1
4  34  67  1
4  36  67  1
4  37  67  1
4  38  67  1
4  33  68  1
4  34  68  1
4  35  68  1
4  37  68  1
4  34  69  1
4  12  70  1
4  16  70  1
4  17  70  1
4  18  70  1
4  19  70  1
4  22  70  1
4  23  70  1
4  24  70  1
4  25  70  1
4  12  71  1
4  15  71  1
4  16  71  1
4  17  71  1
4  18  71  1
4  19  71  1
4  20  71  1
4  21  71  1
4  22  71  1
4  23  71  1
4  25  71  1
4  23  72  1
4  24  72  1
4  25  72  1
4  16  73  1
4  24  73  1
4  25  73  1
4  23  74  1
4  44  74  1
4  31  80  1
4  23  81  1
4  24  81  1
4  25  81  1
4  31  81  1
4  18  82  1
4  24  82  1
4  25  82  1
4  18  84  1
4  45  87  1
4  41  92  1
4  41  93  1
4  44  93  1
4  45  93  1
5  16  1  1
5  17  1  1
5  24  1  1
5  25  1  1
5  26  1  1
5  27  1  1
5  32  1  1
5  36  1  1
5  42  1  1
5  43  1  1
5  45  1  1
5  16  2  1
5  18  2  1
5  24  2  1
5  27  2  1
5  45  2  1
5  20  3  1
5  30  3  1
5  33  3  1
5  36  3  1
5  43  3  1
5  44  3  1
5  25  4  1
5  30  4  1
5  37  4  1
5  38  4  1
5  39  4  1
5  40  4  1
5  44  4  1
5  30  5  1
5  38  5  1
5  39  5  1
5  40  5  1
5  41  5  1
5  42  5  1
5  44  5  1
5  30  6  1
5  37  6  1
5  38  6  1
5  39  6  1
5  40  6  1
5  44  6  1
5  45  6  1
5  26  7  1
5  37  7  1
5  38  7  1
5  40  7  1
5  45  7  1
5  20  8  1
5  22  8  1
5  26  8  1
5  28  8  1
5  29  8  1
5  36  8  1
5  37  8  1
5  38  8  1
5  39  8  1
5  40  8  1
5  43  8  1
5  44  8  1
5  45  8  1
5  13  9  1
5  21  9  1
5  28  9  1
5  33  9  1
5  37  9  1
5  38  9  1
5  39  9  1
5  40  9  1
5  43  9  1
5  45  9  1
5  28  10  1
5  36  10  1
5  38  10  1
5  39  10  1
5  45  10  1
5  21  15  1
5  17  18  1
5  32  25  1
5  34  26  1
5  38  26  1
5  12  27  1
5  38  27  1
5  39  27  1
5  38  28  1
5  42  28  1
5  27  29  1
5  28  30  1
5  34  30  1
5  37  30  1
5  38  30  1
5  21  31  1
5  22  31  1
5  34  31  1
5  35  31  1
5  37  31  1
5  38  31  1
5  21  32  1
5  22  32  1
5  23  32  1
5  28  32  1
5  34  32  1
5  14  33  1
5  21  33  1
5  26  33  1
5  27  33  1
5  32  34  1
5  33  34  1
5  28  35  1
5  32  35  1
5  33  35  1
5  24  36  1
5  13  37  1
5  14  37  1
5  15  37  1
5  20  37  1
5  23  37  1
5  32  37  1
5  33  37  1
5  41  37  1
5  15  38  1
5  20  38  1
5  22  38  1
5  23  38  1
5  37  38  1
5  40  38  1
5  41  38  1
5  15  39  1
5  20  39  1
5  37  39  1
5  38  39  1
5  44  39  1
5  45  39  1
5  36  40  1
5  14  41  1
5  45  41  1
5  32  42  1
5  36  42  1
5  37  42  1
5  38  42  1
5  43  42  1
5  24  43  1
5  26  43  1
5  32  43  1
5  36  43  1
5  37  43  1
5  40  43  1
5  43  43  1
5  25  44  1
5  39  44  1
5  40  44  1
5  22  45  1
5  45  46  1
5  44  47  1
5  1  48  1
5  2  48  1
5  3  48  1
5  4  48  1
5  38  48  1
5  1  49  1
5  3  49  1
5  22  49  1
5  26  49  1
5  27  49  1
5  31  49  1
5  38  49  1
5  39  49  1
5  40  49  1
5  3  50  1
5  4  50  1
5  22  50  1
5  27  50  1
5  38  50  1
5  39  50  1
5  2  51  1
5  3  51  1
5  4  51  1
5  7  51  1
5  12  51  1
5  14  51  1
5  15  51  1
5  16  51  1
5  17  51  1
5  26  51  1
5  27  51  1
5  32  51  1
5  33  51  1
5  34  51  1
5  36  51  1
5  8  52  1
5  3  53  1
5  22  53  1
5  27  53  1
5  29  53  1
5  37  53  1
5  1  54  1
5  2  54  1
5  33  54  1
5  1  55  1
5  2  55  1
5  11  55  1
5  39  55  1
5  40  55  1
5  41  55  1
5  1  56  1
5  2  56  1
5  2  57  1
5  13  57  1
5  32  58  1
5  16  60  1
5  43  60  1
5  41  61  1
5  44  61  1
5  45  61  1
5  26  62  1
5  42  62  1
5  44  62  1
5  45  62  1
5  21  63  1
5  24  63  1
5  25  63  1
5  44  63  1
5  45  63  1
5  24  64  1
5  38  64  1
5  44  64  1
5  15  65  1
5  39  65  1
5  43  70  1
5  9  73  1
5  43  73  1
5  33  75  1
5  43  75  1
5  32  76  1
5  35  76  1
5  37  76  1
5  39  76  1
5  32  77  1
5  38  77  1
5  39  77  1
5  40  77  1
5  32  78  1
5  38  78  1
5  40  78  1
5  41  78  1
5  45  78  1
5  39  79  1
5  40  79  1
5  41  79  1
5  45  79  1
5  39  80  1
5  44  80  1
5  45  80  1
5  34  81  1
5  35  81  1
5  36  81  1
5  45  81  1
5  2  84  1
5  14  84  1
5  13  85  1
5  14  85  1
5  15  85  1
5  24  85  1
5  14  86  1
5  15  86  1
5  32  86  1
5  33  86  1
5  34  86  1
5  32  87  1
5  33  87  1
5  34  87  1
5  4  88  1
5  32  88  1
5  33  88  1
5  34  88  1
5  2  89  1
5  30  90  1
5  34  90  1
5  28  91  1
4  7  1  1
4  10  1  1
4  11  1  1
4  3  2  1
4  4  2  1
4  14  2  1
4  20  2  1
4  27  2  1
4  28  2  1
4  41  2  1
4  7  3  1
4  8  3  1
4  9  3  1
4  10  3  1
4  11  3  1
4  13  3  1
4  15  3  1
4  26  3  1
4  27  3  1
4  28  3  1
4  7  4  1
4  9  4  1
4  10  4  1
4  27  4  1
4  28  4  1
4  40  4  1
4  1  5  1
4  2  5  1
4  3  5  1
4  4  5  1
4  5  5  1
4  7  5  1
4  8  5  1
4  9  5  1
4  10  5  1
4  11  5  1
4  2  6  1
4  5  6  1
4  8  6  1
4  11  6  1
4  1  7  1
4  2  7  1
4  4  7  1
4  5  7  1
4  8  7  1
4  38  8  1
4  41  8  1
4  8  9  1
4  9  9  1
4  37  9  1
4  38  9  1
4  39  9  1
4  5  10  1
4  38  10  1
4  40  10  1
4  5  11  1
4  8  12  1
4  3  13  1
4  8  13  1
4  9  13  1
4  32  13  1
4  44  13  1
4  2  14  1
4  9  14  1
4  10  14  1
4  42  14  1
4  3  15  1
4  9  15  1
4  10  15  1
4  36  15  1
4  37  15  1
4  38  15  1
4  39  15  1
4  44  15  1
4  45  15  1
4  3  16  1
4  9  16  1
4  37  16  1
4  8  17  1
4  9  17  1
4  10  17  1
4  27  17  1
4  9  18  1
4  10  18  1
4  40  18  1
4  1  19  1
4  9  19  1
4  10  19  1
4  11  19  1
4  9  20  1
4  10  20  1
4  1  21  1
4  9  21  1
4  10  21  1
4  38  21  1
4  39  21  1
4  9  22  1
4  10  22  1
4  39  23  1
4  40  23  1
4  24  24  1
4  32  24  1
4  1  25  1
4  2  25  1
4  24  25  1
4  25  25  1
4  26  25  1
4  27  25  1
4  28  25  1
4  29  25  1
4  31  25  1
4  32  25  1
4  33  25  1
4  34  25  1
4  2  26  1
4  3  26  1
4  26  26  1
4  27  26  1
4  34  26  1
4  2  27  1
4  26  27  1
4  9  29  1
4  10  29  1
4  26  29  1
4  30  29  1
4  8  31  1
4  26  31  1
4  7  32  1
4  8  32  1
4  9  32  1
4  25  32  1
4  7  33  1
4  25  33  1
4  31  33  1
4  24  34  1
4  26  34  1
4  27  34  1
4  30  34  1
4  26  35  1
4  27  35  1
4  28  35  1
4  8  36  1
4  9  36  1
4  10  36  1
4  11  36  1
4  14  36  1
4  28  36  1
4  44  36  1
4  45  36  1
4  1  37  1
4  2  37  1
4  8  37  1
4  10  37  1
4  11  37  1
4  26  37  1
4  42  37  1
4  43  37  1
4  44  37  1
4  45  37  1
4  14  38  1
4  15  38  1
4  16  38  1
4  32  38  1
4  33  38  1
4  34  38  1
4  43  38  1
4  44  38  1
4  9  39  1
4  14  39  1
4  27  39  1
4  29  39  1
4  31  39  1
4  32  39  1
4  33  39  1
4  34  39  1
4  40  39  1
4  43  39  1
4  44  39  1
4  45  39  1
4  10  40  1
4  11  40  1
4  28  40  1
4  32  40  1
4  33  40  1
4  44  40  1
4  9  41  1
4  10  41  1
4  11  41  1
4  32  41  1
4  33  41  1
4  39  41  1
4  40  41  1
4  9  42  1
4  10  42  1
4  34  42  1
4  35  42  1
4  40  42  1
4  9  43  1
4  10  43  1
4  11  43  1
4  33  43  1
4  10  44  1
4  11  44  1
4  33  44  1
4  39  44  1
4  2  45  1
4  3  45  1
4  4  45  1
4  8  45  1
4  9  45  1
4  10  45  1
4  27  45  1
4  32  45  1
4  33  45  1
4  43  45  1
4  45  45  1
4  5  46  1
4  36  46  1
4  5  47  1
4  8  47  1
4  36  47  1
4  37  47  1
4  16  48  1
4  32  48  1
4  33  48  1
4  34  48  1
4  35  48  1
4  36  48  1
4  37  48  1
4  38  48  1
4  39  48  1
4  16  49  1
4  18  49  1
4  19  49  1
4  29  49  1
4  32  49  1
4  33  49  1
4  34  49  1
4  35  49  1
4  39  49  1
4  40  49  1
4  43  49  1
4  15  50  1
4  17  50  1
4  19  50  1
4  21  50  1
4  36  50  1
4  37  50  1
4  45  50  1
4  13  51  1
4  14  51  1
4  15  51  1
4  18  51  1
4  20  51  1
4  22  51  1
4  23  51  1
4  37  51  1
4  39  51  1
4  34  52  1
4  36  52  1
4  37  52  1
4  40  52  1
4  42  52  1
4  43  52  1
4  44  52  1
4  45  52  1
4  32  53  1
4  33  53  1
4  37  53  1
4  40  53  1
4  41  53  1
4  43  53  1
4  44  53  1
4  45  53  1
4  13  54  1
4  14  54  1
4  16  54  1
4  17  54  1
4  19  54  1
4  20  54  1
4  21  54  1
4  22  54  1
4  23  54  1
4  28  54  1
4  29  54  1
4  44  54  1
4  12  55  1
4  13  55  1
4  14  55  1
4  15  55  1
4  16  55  1
4  17  55  1
4  18  55  1
4  20  55  1
4  21  55  1
4  26  55  1
4  28  55  1
4  29  55  1
4  40  55  1
4  14  56  1
4  15  56  1
4  16  56  1
4  17  56  1
4  20  56  1
4  21  56  1
4  22  56  1
4  24  56  1
4  26  56  1
4  13  57  1
4  15  57  1
4  16  57  1
4  17  57  1
4  20  57  1
4  22  57  1
4  4  58  1
4  15  58  1
4  16  58  1
4  20  58  1
4  23  58  1
4  33  58  1
4  14  59  1
4  1  60  1
4  12  60  1
4  20  60  1
4  38  60  1
4  39  60  1
4  1  61  1
4  2  61  1
4  3  61  1
4  5  61  1
4  13  61  1
4  14  61  1
4  15  61  1
4  18  61  1
4  19  61  1
4  26  61  1
4  27  61  1
4  38  61  1
4  39  61  1
4  40  61  1
4  45  61  1
4  2  62  1
4  3  62  1
4  13  62  1
4  15  62  1
4  17  62  1
4  20  62  1
4  21  62  1
4  26  62  1
4  30  62  1
4  38  62  1
4  39  62  1
4  40  62  1
4  41  62  1
4  42  62  1
4  43  62  1
4  10  63  1
4  15  63  1
4  16  63  1
4  17  63  1
4  22  63  1
4  25  63  1
4  28  63  1
4  38  63  1
4  39  63  1
4  41  63  1
4  42  63  1
4  43  63  1
4  11  64  1
4  13  64  1
4  14  64  1
4  16  64  1
4  20  64  1
4  22  64  1
4  23  64  1
4  26  64  1
4  27  64  1
4  36  64  1
4  37  64  1
4  38  64  1
4  39  64  1
4  10  65  1
4  11  65  1
4  14  65  1
4  20  65  1
4  21  65  1
4  28  65  1
4  36  65  1
4  37  65  1
4  38  65  1
4  39  65  1
4  2  66  1
4  3  66  1
4  9  66  1
4  10  66  1
4  11  66  1
4  19  66  1
4  32  66  1
4  35  66  1
4  38  66  1
4  3  67  1
4  9  67  1
4  10  67  1
4  20  67  1
4  25  67  1
4  26  67  1
4  28  67  1
4  32  67  1
4  20  68  1
4  25  68  1
4  27  68  1
4  28  68  1
4  29  68  1
4  32  68  1
4  25  69  1
4  26  69  1
4  28  69  1
4  32  69  1
4  33  69  1
4  35  69  1
4  40  70  1
4  44  72  1
4  45  72  1
4  44  73  1
4  45  73  1
4  20  74  1
4  40  74  1
4  45  74  1
4  23  75  1
4  44  75  1
4  45  75  1
4  44  76  1
4  45  76  1
4  23  77  1
4  43  77  1
4  44  77  1
4  45  77  1
4  16  78  1
4  15  79  1
4  16  79  1
4  34  80  1
4  31  82  1
4  44  82  1
4  33  83  1
4  2  86  1
4  16  86  1
4  34  86  1
4  35  86  1
4  25  87  1
4  26  87  1
4  32  87  1
4  36  91  1
4  38  91  1
4  38  92  1
0  9  3  1
1  25  13  1
1  34  13  1
3  20  57  1
3  17  58  1
3  18  58  1
3  19  58  1
3  13  59  1
3  18  59  1
3  21  60  1
3  18  61  1
7  22  70  1
5  17  14  1
5  18  14  1
5  20  14  1
5  21  14  1
5  13  15  1
5  15  15  1
5  17  15  1
5  19  15  1
5  23  16  1
5  16  17  1
5  22  17  1
5  12  18  1
5  13  18  1
5  14  18  1
5  18  18  1
5  19  18  1
5  21  18  1
5  22  18  1
5  12  19  1
5  16  19  1
5  17  19  1
5  19  19  1
5  20  19  1
5  21  19  1
5  22  19  1
5  23  19  1
5  15  20  1
5  16  20  1
5  18  20  1
5  20  20  1
5  22  20  1
5  12  21  1
5  13  21  1
5  15  21  1
5  16  21  1
5  17  21  1
5  21  21  1
5  22  21  1
5  23  21  1
5  13  23  1
5  11  29  1
5  23  65  1
5  23  66  1
5  23  68  1
4  18  1  1
4  16  3  1
4  23  3  1
4  18  5  1
4  22  5  1
4  16  6  1
4  21  8  1
4  13  9  1
4  12  10  1
4  14  10  1
4  20  10  1
4  22  23  1
4  17  28  1
4  14  29  1
4  15  32  1
4  27  32  1
4  22  33  1
4  26  33  1
4  22  36  1
4  19  37  1
4  20  38  1
4  17  39  1
4  18  40  1
4  18  41  1
4  22  42  1
4  18  45  1
4  19  92  1
