0  20  2  1
0  21  2  1
0  9  3  1
0  21  3  1
0  20  4  1
0  21  4  1
0  20  5  1
0  21  5  1
0  20  6  1
0  20  7  1
0  21  7  1
0  20  8  1
0  21  8  1
0  21  10  1
0  20  11  1
0  21  11  1
0  17  17  1
0  24  17  1
0  28  17  1
0  33  17  1
0  2  20  1
0  3  20  1
0  4  20  1
0  5  20  1
0  6  20  1
0  7  20  1
0  8  20  1
0  9  20  1
0  10  20  1
0  11  20  1
0  2  21  1
0  3  21  1
0  4  21  1
0  5  21  1
0  6  21  1
0  7  21  1
0  8  21  1
0  9  21  1
0  10  21  1
0  11  21  1
0  19  22  1
0  18  23  1
0  19  23  1
0  20  23  1
0  21  23  1
0  22  23  1
0  20  25  1
0  20  26  1
0  20  27  1
0  21  27  1
0  20  29  1
0  21  29  1
0  20  30  1
0  20  31  1
0  21  31  1
0  20  32  1
0  21  32  1
0  20  33  1
0  20  34  1
0  24  48  1
0  29  57  1
0  30  61  1
0  31  61  1
1  12  8  1
1  31  12  1
1  25  13  1
1  28  13  1
1  31  13  1
1  34  13  1
1  20  15  1
1  18  18  1
1  32  26  1
1  8  27  1
1  11  27  1
1  11  29  1
1  26  32  1
1  12  36  1
1  11  44  1
1  25  45  1
1  23  58  1
1  26  62  1
2  7  2  1
2  24  6  1
2  25  6  1
2  27  6  1
2  28  6  1
2  29  6  1
2  30  6  1
2  31  6  1
2  32  6  1
2  24  7  1
2  25  7  1
2  27  7  1
2  28  7  1
2  29  7  1
2  30  7  1
2  33  7  1
2  34  7  1
2  12  10  1
2  13  10  1
2  14  10  1
2  15  10  1
2  16  10  1
2  17  10  1
2  18  10  1
2  19  10  1
2  20  10  1
2  21  10  1
2  22  10  1
2  23  10  1
2  12  11  1
2  13  11  1
2  14  11  1
2  15  11  1
2  16  11  1
2  17  11  1
2  18  11  1
2  19  11  1
2  20  11  1
2  21  11  1
2  22  11  1
2  23  11  1
2  10  12  1
2  11  12  1
2  27  12  1
2  10  13  1
2  11  13  1
2  5  14  1
2  10  14  1
2  11  14  1
2  26  14  1
2  27  14  1
2  4  15  1
2  8  15  1
2  10  15  1
2  11  15  1
2  26  15  1
2  27  15  1
2  4  16  1
2  10  16  1
2  11  16  1
2  26  16  1
2  27  16  1
2  4  17  1
2  5  17  1
2  10  17  1
2  4  18  1
2  10  18  1
2  11  18  1
2  26  18  1
2  4  19  1
2  10  19  1
2  11  19  1
2  26  19  1
2  4  20  1
2  5  20  1
2  10  20  1
2  11  20  1
2  26  20  1
2  10  21  1
2  11  21  1
2  4  22  1
2  10  22  1
2  11  22  1
2  26  22  1
2  4  23  1
2  10  23  1
2  11  23  1
2  26  23  1
2  5  24  1
2  18  26  1
2  26  27  1
2  28  27  1
2  31  27  1
2  33  27  1
2  30  28  1
2  31  28  1
2  26  29  1
2  31  29  1
2  28  30  1
2  13  32  1
2  23  33  1
2  27  33  1
2  20  37  1
2  30  38  1
2  32  41  1
2  4  42  1
2  10  43  1
2  24  44  1
2  32  45  1
2  9  47  1
2  7  54  1
2  7  58  1
2  7  59  1
2  2  65  1
2  2  67  1
2  3  67  1
3  24  2  1
3  25  2  1
3  26  2  1
3  27  2  1
3  28  2  1
3  29  2  1
3  30  2  1
3  31  2  1
3  32  2  1
3  33  2  1
3  24  3  1
3  25  3  1
3  26  3  1
3  27  3  1
3  28  3  1
3  29  3  1
3  30  3  1
3  31  3  1
3  32  3  1
3  33  3  1
3  32  8  1
3  34  8  1
3  31  9  1
3  32  9  1
3  33  9  1
3  34  9  1
3  32  13  1
3  33  13  1
3  12  16  1
3  15  17  1
3  31  17  1
3  12  20  1
3  14  20  1
3  16  26  1
3  17  26  1
3  16  27  1
3  17  29  1
3  9  31  1
3  8  32  1
3  9  32  1
3  13  32  1
3  8  33  1
3  9  33  1
3  12  33  1
3  13  33  1
3  8  34  1
3  9  34  1
3  24  39  1
3  28  39  1
3  10  50  1
3  11  50  1
3  31  50  1
3  10  51  1
3  11  51  1
3  11  53  1
3  15  60  1
3  19  60  1
3  25  60  1
3  33  60  1
3  28  61  1
3  30  61  1
7  16  13  1
7  8  20  1
7  12  29  1
7  13  29  1
7  14  29  1
7  18  29  1
7  21  29  1
7  16  30  1
7  11  31  1
7  22  32  1
7  15  35  1
7  17  35  1
7  16  38  1
7  22  40  1
7  21  42  1
7  22  42  1
7  21  43  1
7  32  44  1
7  33  44  1
7  32  45  1
7  33  45  1
7  32  48  1
7  33  48  1
7  32  49  1
7  33  49  1
7  32  50  1
7  33  50  1
7  25  61  1
7  14  63  1
7  21  63  1
7  25  70  1
6  9  6  1
6  8  7  1
6  9  7  1
6  9  8  1
6  9  11  1
6  8  12  1
6  9  12  1
6  11  12  1
6  32  15  1
6  18  25  1
6  19  25  1
6  18  26  1
6  19  26  1
6  24  26  1
6  26  26  1
6  28  26  1
6  18  27  1
6  19  27  1
6  18  28  1
6  19  28  1
6  18  29  1
6  19  29  1
6  18  30  1
6  19  30  1
6  18  31  1
6  19  31  1
6  13  32  1
6  15  32  1
6  18  32  1
6  19  32  1
6  21  32  1
6  23  32  1
6  15  33  1
6  18  33  1
6  19  33  1
6  21  33  1
6  23  33  1
6  18  34  1
6  19  34  1
6  18  35  1
6  19  35  1
6  12  36  1
6  13  36  1
6  15  36  1
6  19  36  1
6  24  36  1
6  27  36  1
6  29  36  1
6  31  36  1
6  34  36  1
6  12  37  1
6  13  37  1
6  25  37  1
6  30  37  1
6  31  37  1
6  6  38  1
6  16  38  1
6  19  38  1
6  28  38  1
6  14  39  1
6  29  39  1
6  31  39  1
6  35  39  1
6  24  40  1
6  25  40  1
6  28  40  1
6  30  40  1
6  31  40  1
6  24  41  1
6  26  41  1
6  27  41  1
6  28  41  1
6  29  41  1
6  33  41  1
6  24  42  1
6  27  42  1
6  31  42  1
6  25  43  1
6  28  43  1
6  30  43  1
6  31  43  1
6  32  43  1
6  33  43  1
6  34  43  1
6  3  44  1
6  30  44  1
6  31  44  1
6  32  44  1
6  33  44  1
6  34  44  1
6  31  45  1
6  32  45  1
6  33  45  1
6  34  45  1
6  27  46  1
6  29  46  1
6  31  46  1
6  32  46  1
6  33  46  1
6  34  46  1
6  24  47  1
6  26  47  1
6  27  47  1
6  29  47  1
6  31  47  1
6  32  47  1
6  33  47  1
6  34  47  1
6  4  49  1
6  7  49  1
6  26  62  1
6  27  64  1
6  27  65  1
6  26  69  1
6  31  70  1
5  0  3  1
5  19  4  1
5  21  4  1
5  20  5  1
5  11  9  1
5  20  9  1
5  0  12  1
5  11  12  1
5  32  13  1
5  36  13  1
5  7  23  1
5  26  24  1
5  22  25  1
5  26  26  1
5  26  27  1
5  15  32  1
5  20  33  1
5  21  36  1
5  34  37  1
5  44  43  1
5  36  44  1
5  45  44  1
5  46  44  1
5  44  46  1
5  23  47  1
5  33  47  1
5  46  47  1
5  39  60  1
5  39  62  1
5  36  65  1
5  24  66  1
5  27  66  1
5  29  66  1
5  32  66  1
5  34  66  1
5  25  67  1
5  27  67  1
5  31  67  1
5  32  67  1
5  33  67  1
5  34  67  1
5  35  67  1
5  46  67  1
5  46  68  1
5  39  73  1
5  40  77  1
5  40  78  1
5  11  80  1
5  18  80  1
5  42  84  1
5  23  89  1
5  43  92  1
5  42  94  1
5  43  94  1
4  32  3  1
4  20  11  1
4  35  15  1
4  35  16  1
4  35  17  1
4  35  18  1
4  43  18  1
4  42  19  1
4  34  20  1
4  43  21  1
4  41  22  1
4  42  22  1
4  4  24  1
4  22  26  1
4  14  28  1
4  15  29  1
4  45  32  1
4  23  34  1
4  16  35  1
4  28  35  1
4  2  39  1
4  15  43  1
4  43  44  1
4  10  49  1
4  12  50  1
4  43  50  1
4  15  52  1
4  36  53  1
4  42  53  1
4  37  64  1
4  12  65  1
4  24  71  1
4  2  73  1
4  17  75  1
4  40  80  1
4  20  81  1
4  18  83  1
4  27  84  1
4  34  84  1
4  37  85  1
4  16  90  1
4  22  90  1
4  7  94  1
4  21  94  1
