0 0 2 1
0 0 5 1
0 0 9 1
0 0 10 1
0 0 20 1
0 0 33 1
0 0 39 1
0 0 46 1
0 3 71 1
0 20 1 1
0 21 0 1
0 22 1 1
0 22 71 1
0 23 0 1
0 23 1 1
0 24 49 1
0 24 71 1
0 27 71 1
0 30 61 1
0 30 62 1
0 30 71 1
0 31 61 1
0 35 10 1
0 35 30 1
0 35 38 1
0 35 42 1
0 35 47 1
0 35 48 1
0 35 49 1
0 35 52 1
0 35 61 1
0 35 67 1
1 0 65 1
1 1 71 1
1 3 0 1
1 6 0 1
1 8 0 1
1 11 28 -1
1 12 36 1
1 13 71 1
1 15 0 1
1 21 38 1
1 21 71 1
1 24 0 1
1 24 71 1
1 25 0 1
1 26 0 1
1 27 0 1
1 27 71 1
1 28 71 1
1 29 71 1
1 31 71 1
1 32 71 1
1 33 0 1
1 35 34 1
2 0 3 1
2 0 6 1
2 0 25 1
2 0 35 1
2 0 52 1
2 0 55 1
2 0 57 1
2 0 71 1
2 2 0 1
2 2 65 1
2 2 66 1
2 3 66 1
2 6 54 1
2 6 55 1
2 6 58 1
2 6 59 1
2 7 54 1
2 7 55 1
2 7 58 -1
2 7 59 -1
2 7 71 1
2 12 10 1
2 12 11 1
2 13 10 1
2 13 11 1
2 13 68 -1
2 14 10 1
2 15 11 1
2 16 11 1
2 17 10 1
2 17 11 1
2 17 71 1
2 18 10 1
2 19 10 1
2 19 11 1
2 19 71 1
2 20 11 1
2 20 37 1
2 21 10 1
2 21 11 1
2 22 10 1
2 22 11 1
2 23 11 1
2 24 71 1
2 25 71 1
2 26 0 1
2 26 1 1
2 26 28 -1
2 26 71 1
2 27 0 1
2 27 71 1
2 28 0 1
2 28 28 -1
2 28 29 1
2 28 71 1
2 29 0 1
2 29 71 1
2 30 0 1
2 30 71 1
2 31 0 1
2 31 28 -1
2 32 0 1
2 32 29 -1
2 32 71 1
2 33 0 1
2 34 0 1
2 34 1 1
2 35 0 1
2 35 1 1
2 35 5 1
2 35 6 1
2 35 8 1
2 35 10 1
2 35 11 1
2 35 32 1
2 35 52 1
2 35 61 1
2 35 63 1
2 35 64 1
2 35 65 1
2 35 66 1
2 35 67 1
2 35 68 1
2 35 69 1
3 0 48 1
3 0 49 1
3 0 50 1
3 0 51 1
3 0 52 1
3 0 53 1
3 0 54 1
3 0 55 1
3 0 56 1
3 0 57 1
3 1 57 1
3 3 58 1
3 9 69 1
3 10 50 1
3 10 51 1
3 10 71 1
3 11 50 1
3 11 53 1
3 14 61 -1
3 15 60 1
3 16 27 1
3 16 30 1
3 16 31 1
3 17 26 1
3 17 30 1
3 17 31 1
3 18 41 -1
3 19 59 1
3 19 60 1
3 24 39 1
3 30 61 1
3 31 8 1
3 31 9 1
3 31 10 1
3 31 50 1
3 32 8 1
3 32 9 1
3 32 10 1
3 32 12 1
3 32 13 1
3 32 14 1
3 33 8 -1
3 33 9 1
3 33 12 1
3 33 13 1
3 33 14 1
3 34 7 1
3 34 8 1
3 34 9 1
3 34 10 1
3 34 13 1
3 34 14 1
3 35 7 1
3 35 8 1
3 35 9 1
3 35 10 1
3 35 43 1
3 35 45 1
3 35 48 1
3 35 62 1
3 35 66 1
3 35 67 1
3 35 68 1
3 35 69 1
4 0 0 1
4 0 1 1
4 0 3 1
4 0 6 1
4 0 12 1
4 0 13 1
4 0 15 1
4 1 70 1
4 2 0 1
4 2 70 1
4 3 0 1
4 4 0 1
4 5 0 1
4 6 38 1
4 7 0 1
4 8 0 1
4 9 0 1
4 10 0 1
4 11 0 1
4 11 70 1
4 12 1 1
4 15 1 1
4 20 70 1
4 21 0 1
4 24 36 1
4 24 37 1
4 24 40 1
4 24 41 1
4 24 42 1
4 24 43 1
4 24 44 1
4 24 45 1
4 24 46 1
4 24 47 1
4 25 36 1
4 25 37 1
4 25 40 1
4 25 41 1
4 25 43 1
4 25 44 1
4 25 46 1
4 25 47 1
4 26 40 1
4 26 41 1
4 26 42 1
4 26 43 1
4 26 44 1
4 26 45 1
4 26 46 1
4 26 47 1
4 26 66 1
4 26 68 -1
4 27 36 1
4 27 38 1
4 27 39 1
4 27 40 1
4 27 41 1
4 27 42 1
4 27 44 1
4 27 45 1
4 27 46 1
4 27 47 1
4 27 60 1
4 27 62 1
4 27 68 1
4 27 69 1
4 27 70 1
4 28 36 1
4 28 37 1
4 28 38 1
4 28 40 1
4 28 41 1
4 28 42 1
4 28 43 1
4 28 45 1
4 28 47 1
4 28 57 1
4 28 58 1
4 28 59 1
4 29 36 1
4 29 37 1
4 29 38 1
4 29 39 1
4 29 40 1
4 29 41 1
4 29 42 1
4 29 43 1
4 29 44 1
4 29 46 1
4 29 47 1
4 29 55 1
4 29 58 1
4 29 59 1
4 30 37 1
4 30 38 1
4 30 40 1
4 30 41 1
4 30 42 1
4 30 44 1
4 30 45 1
4 30 46 1
4 31 36 1
4 31 37 1
4 31 40 1
4 31 41 1
4 31 42 1
4 31 43 1
4 31 44 1
4 31 45 1
4 31 46 1
4 31 47 1
4 32 0 -1
4 32 41 1
4 32 42 1
4 32 43 1
4 32 44 1
4 32 45 1
4 32 46 1
4 32 47 1
4 33 41 1
4 33 42 1
4 33 43 1
4 33 44 1
4 33 45 1
4 33 47 1
4 34 36 1
4 34 40 1
4 34 41 1
4 34 43 1
4 34 45 1
4 34 47 1
4 35 36 1
4 35 37 1
4 35 40 1
4 35 41 1
4 35 42 1
4 35 43 1
4 35 44 1
4 35 45 1
4 35 46 1
4 35 47 1
4 35 53 1
5 0 0 1
5 0 24 1
5 0 25 1
5 0 40 1
5 0 46 1
5 0 47 1
5 0 48 1
5 0 49 1
5 0 50 1
5 0 51 1
5 0 52 1
5 0 53 1
5 0 54 1
5 0 55 1
5 0 56 1
5 0 58 1
5 0 59 1
5 1 24 1
5 2 0 1
5 2 70 1
5 7 70 1
5 9 0 1
5 12 70 1
5 12 71 1
5 13 70 1
5 14 34 1
5 14 63 -1
5 14 70 1
5 15 34 1
5 18 0 1
5 18 70 1
5 21 64 1
5 21 70 1
5 22 32 1
5 25 71 1
5 29 70 1
5 30 70 1
5 31 7 1
5 32 44 1
5 32 45 1
5 32 48 1
5 32 49 1
5 32 70 1
5 33 44 1
5 33 45 1
5 33 48 1
5 33 49 1
5 34 1 1
5 34 44 1
5 34 45 1
5 34 48 1
5 34 49 1
5 34 70 1
5 34 71 1
5 35 27 1
5 35 48 1
6 0 19 -1
6 0 22 1
6 0 70 1
6 0 78 -1
6 0 81 1
6 0 86 -1
6 0 90 1
6 0 91 1
6 0 95 1
6 1 0 1
6 1 6 1
6 1 34 1
6 2 0 1
6 2 9 1
6 2 24 -1
6 2 39 -1
6 2 73 1
6 2 80 1
6 2 87 -1
6 3 80 1
6 3 88 1
6 4 24 1
6 4 29 1
6 4 94 1
6 6 63 1
6 7 94 1
6 8 48 -1
6 9 95 1
6 10 0 1
6 10 39 1
6 10 49 1
6 12 3 1
6 12 50 1
6 12 65 1
6 13 2 1
6 14 3 1
6 14 42 1
6 14 92 1
6 15 43 1
6 15 52 -1
6 16 3 1
6 16 90 -1
6 16 95 1
6 17 3 1
6 17 75 -1
6 18 93 1
6 19 11 1
6 19 93 1
6 20 3 1
6 20 11 -1
6 20 81 1
6 21 38 1
6 21 93 1
6 21 95 -1
6 22 32 1
6 22 90 -1
6 23 34 1
6 24 1 1
6 24 71 -1
6 26 32 1
6 27 1 -1
6 27 33 1
6 27 84 -1
6 27 95 1
6 28 95 1
6 31 81 1
6 31 95 1
6 32 3 1
6 32 95 1
6 34 84 -1
6 36 0 1
6 36 53 1
6 37 0 1
6 37 2 -1
6 37 64 1
6 37 85 1
6 38 1 1
6 38 2 1
6 39 0 1
6 39 1 1
6 40 0 1
6 40 1 1
6 40 20 1
6 40 21 1
6 40 22 1
6 40 23 1
6 40 80 1
6 41 0 1
6 41 1 1
6 41 16 -1
6 41 19 1
6 41 20 1
6 41 21 1
6 41 22 1
6 41 23 1
6 42 0 1
6 42 1 1
6 42 18 1
6 42 19 1
6 42 20 1
6 42 21 1
6 42 22 1
6 42 53 -1
6 43 7 1
6 43 18 1
6 43 19 1
6 43 21 1
6 43 22 1
6 43 23 1
6 43 44 1
6 45 32 1
6 46 6 1
6 46 88 1
6 46 95 1
6 47 2 1
6 47 3 1
6 47 4 1
6 47 5 1
6 47 6 1
6 47 7 1
6 47 8 1
6 47 9 1
6 47 10 1
6 47 11 -1
6 47 26 1
6 47 66 1
6 47 82 -1
6 47 85 1
7 0 25 1
7 0 27 -1
7 0 55 1
7 0 57 1
7 3 85 -1
7 4 95 -1
7 7 23 1
7 7 73 -1
7 7 95 -1
7 8 30 -1
7 9 0 -1
7 9 92 -1
7 9 95 -1
7 11 39 -1
7 11 80 1
7 12 43 -1
7 12 89 -1
7 13 95 -1
7 15 32 1
7 17 2 -1
7 17 10 -1
7 17 11 -1
7 18 0 1
7 18 80 -1
7 20 33 1
7 21 11 -1
7 21 36 1
7 21 48 -1
7 23 47 1
7 23 89 1
7 24 66 1
7 24 67 1
7 25 66 1
7 25 67 1
7 26 66 1
7 26 67 1
7 27 66 1
7 27 67 1
7 28 66 1
7 28 67 1
7 29 66 1
7 29 67 1
7 30 66 1
7 30 67 1
7 30 91 -1
7 31 46 -1
7 31 66 1
7 31 67 1
7 31 91 -1
7 32 66 1
7 32 67 1
7 32 95 1
7 33 7 -1
7 33 47 1
7 33 66 1
7 33 67 1
7 33 91 -1
7 34 36 -1
7 34 66 1
7 34 67 1
7 35 37 -1
7 35 66 1
7 35 67 1
7 36 13 1
7 36 65 1
7 37 69 -1
7 39 60 1
7 39 62 1
7 39 95 -1
7 40 78 1
7 41 68 -1
7 42 4 -1
7 42 94 1
7 43 91 -1
7 43 92 1
7 43 94 1
7 43 95 -1
7 44 43 1
7 44 45 1
7 44 46 1
7 44 47 1
7 44 94 -1
7 44 95 1
7 45 42 1
7 45 43 1
7 45 44 1
7 45 45 1
7 45 46 1
7 45 47 -1
7 45 94 -1
7 46 43 1
7 46 44 1
7 46 47 1
7 46 68 1
7 46 94 -1
7 46 95 1
7 47 42 1
7 47 63 1
7 47 76 -1
