421815 1.01852 1.01038 0.988109 0.980499 1.08039 1.03564 1.02404 1.03082
421816 1.02382 1.00438 0.986224 0.984803 1.08351 1.02122 1.01019 1.01741
421949 1.01959 1.00057 0.987542 0.984016 1.0856 1.02853 1.0161 1.01104
421961 1.03624 1.01542 0.99372 0.992655 1.08554 1.02705 1.02747 1.01095
421968 1.02466 1.01752 0.987689 0.98633 1.08681 1.02599 1.01465 1.01101
421969 1.02953 1.01096 0.985036 1.00044 1.07037 1.03676 1.02867 1.01362
421975 1.02963 1.01238 0.991301 0.995049 1.09456 1.03485 1.02325 1.0103
421976 1.0287 1.01324 0.984647 0.98839 1.08783 1.02656 1.01749 1.01301
421988 1 1 1 1 1 1 1 1
421989 1.02517 1.01073 0.979917 0.98755 1.08283 1.0279 1.02368 1.01029
421999 1.02903 1.0137 0.984589 0.987569 1.08896 1.02985 1.01687 1.00828
422014 1.02191 1.01348 0.988452 0.986622 1.08267 1.02666 1.02378 1.00886
422018 1.02925 1.01288 0.990572 0.991236 1.0862 1.03295 1.02635 1.01075
422020 1.023 1.02916 0.989992 0.989684 1.07566 1.02433 1.0278 1.00267
422040 1 1 1 1 1 1 1 1
422041 1 1 1 1 1 1 1 1
422043 1 1 1 1 1 1 1 1
422045 1.01676 1.02155 0.988971 0.987276 1.08934 1.03417 1.02173 1.01109
422050 1 1 1 1 1 1 1 1
422051 1.02391 1.01799 0.984249 0.997196 1.0954 1.02225 1.01944 1.02287
422053 1.0306 1.01221 0.981344 0.986467 1.09157 1.03038 1 0.997403
422054 1.02255 1.00512 0.985629 0.983328 1.07984 1.02729 1.02209 1.01327
422055 1.02077 1.01863 1.00278 0.991797 1.09359 1.02298 1.03228 1.0137
422057 1.02892 1.01885 0.9881 0.986077 1.08753 1.03085 1.01366 1.0171
422064 1.02644 1.015 0.973215 0.980441 1.08519 1.01892 1.0185 1.01222
422066 1.02731 1.01408 0.972769 1 1 1.01443 1 1
422067 1.02847 1.01479 0.98959 0.987784 1.084 1.03097 1.01884 1.01082
422068 1.02372 1.01425 0.984142 0.989595 1.08695 1.03968 1.014 1.01664
422070 1.02838 1.01731 0.98854 0.992843 1.08155 1.03148 1.01855 1.0089
422074 1.03021 1.01339 0.97984 0.988615 1.07823 1.03157 1.02313 1.01187
422075 1.02013 1.00615 0.981488 0.982893 1.08331 1.02836 1.0225 1.00851
422084 1.02557 1.00198 0.981962 0.972534 1.07513 1.03929 1.03292 1.02037
422085 1.02164 1.00508 0.978226 0.982999 1.07734 1.02245 1.01639 1.01498
422123 1 1.01464 0.988942 0.987637 1 1.02474 1 1
422124 1.02781 1.01061 0.976684 0.987784 1.07912 1.02684 1.02098 1.00774
422135 1.0235 1.01599 0.98293 0.988625 1.08362 1.02591 1.01985 1.00657
422141 1.0235 1.00809 0.973918 0.985979 1.08015 1.02475 1.01858 1.01039
422147 1.02752 1.02456 1.01533 1.02558 1.02611 1.024 1.03052 1.03262
422148 1.02771 1.02853 1.01927 1.03132 1.02503 1.02512 1.02815 1.03283
422200 1.02738 1.02033 1.01817 1.02087 1.02058 1.01625 1.02477 1.02092
422201 1.02838 1.02722 1.02463 1.03129 1.02572 1.01856 1.03054 1.02826
422202 1.02748 1.02278 1.01884 1.02921 1.02838 1.02687 1.02967 1.0254
422203 1.03027 1.02554 1.0159 1.02999 1.03142 1.01919 1.0297 1.03371
422205 1.02604 1.02304 1.01512 1.03214 1.02489 1.01829 1.02866 1.02671
422255 1.02544 1.02282 1.02277 1.02675 1.02358 1.02117 1.02543 1.0374
422256 1.02473 1.02903 1.02451 1.02354 1.02452 1.02278 1.03141 1.02781
422260 1.02553 1.02271 1.01684 1.02604 1.02882 1.01986 1.03074 1.0287
422262 1.02647 1.02394 1.0183 1.02462 1.02543 1.01918 1.03297 1.03165
422263 1.02575 1.02456 1.01319 1.01853 1.02145 1.02318 1.03224 1.02531
422266 1.02476 1.03151 1.0198 1.02951 1.02797 1.01868 1.02531 1.0287
422267 1.02393 1.01952 1.02101 1.02952 1.0278 1.0226 1.03099 1.02822
422268 1.02687 1.02395 1.01997 1.02868 1.02774 1.02421 1.02779 1.03065
422269 1.02281 1.02395 1.01741 1.02436 1.02417 1.01696 1.02731 1.025
422272 1.02466 1.02372 1.01672 1.0253 1.02427 1.0193 1.02762 1.02938
422273 1.02693 1.02574 1.0165 1.02919 1.02743 1.022 1.0293 1.02759
422298 1.02827 1.02845 1.01652 1.03438 1.02235 1.02409 1.03113 1.02692
422305 1.0245 1.02466 1.01406 1.02497 1.02125 1.02199 1.02575 1.02816
422314 1.02216 1.02057 1.00812 1.02227 1.02006 1.01953 1.02666 1.02976
422319 1.03857 1.03073 1.01152 1.0267 1.0447 1.02112 1.02942 1.02388
422322 1.02732 1.02561 1.01751 1.02911 1.02436 1.02367 1.03176 1.03007
422323 1.02578 1.02435 1.01047 1.0249 1.02185 1.02063 1.03286 1.03235
422324 1.02914 1.02793 1.01614 1.02812 1.0271 1.02439 1.02757 1.03167
422531 1.03262 1.02023 1.01491 1.03629 1.03532 1.01355 1 1.02621
422540 1.02944 1.03483 1.01816 1.03263 1.03113 1.01334 1.04377 1.02839
422543 1.02417 1.0208 1.01317 1.03217 1.03356 1.02587 1.02941 1.03626
422553 1.02276 1.02545 1.01549 1.02757 1.0287 1.02037 1.02968 1.03001
422562 1.04242 1.0202 1.01207 1.03018 1.02409 1.01129 1.03951 1.02614
422566 1.02213 1.01652 1.00146 1.01769 1.02047 1.01285 1.03263 1.0256
422575 1.02295 1.02296 1.01571 1.02366 1.03223 1.02297 1.03258 1.03701
422611 1.01803 1.0189 1.01542 1.01928 1.02399 1.01733 1.03631 1.02523
422613 1.02234 1.01605 1.00667 1.02123 1.02223 1.01359 1.0268 1.02128
422614 1.01931 1.02326 1.0128 1.02563 1.0266 1.01374 1.03083 1.0286
422615 1.02466 1.02507 1.01173 1.01894 1.02779 1.01467 1.02763 1.02797
422618 1.02509 1.02739 1.01591 1.02579 1.02707 1.01816 1.03101 1.02989
422633 1.02491 1.01604 1.01615 1.02686 1.02337 1.02178 1.029 1.02834
422640 1.02596 1.0278 1.00785 1.03168 1.02153 1.02781 1.01281 1.03136
422643 1.02716 1.01596 1.01151 1.02341 1.02514 1.01879 1.03225 1.02958
422756 1.01339 1.01937 1.00543 1.02087 1.02069 1.01676 1.02998 1.02672
422758 1.02147 1.02873 1.01258 1.01821 1.02286 1.01935 1.02526 1.02844
422762 1.01905 1.0217 1.00867 1.01857 1.02818 1.01046 1.03085 1.02461
422763 1.03404 1.02581 1.01446 1.02603 1.02433 1.01911 1.02868 1.04526
422779 1.02697 1.03606 1.00253 1.02075 1.04019 1.02341 1.02673 1.034
422782 1.01854 1.02206 1.00665 1.02513 1.02937 1.0166 1.02446 1.03508
422785 1.02072 1.01851 1.00408 1.02554 1.02745 1.01455 1.02559 1.02948
423041 1.01619 1.02053 1.01833 1 1.03625 1.03147 1 1
423043 1.02003 1.0119 1.02696 1.02207 1.02805 1.02663 1.02132 1.03026
423101 1.01564 1.00936 1.01464 1.01586 1.02519 1.01962 1.02784 1.02808
423109 1.01653 1.01007 1.01761 1.02187 1.0346 1.02588 1 1.06305
423110 1.01077 1.0134 1.01022 1.00967 1.02346 1.01944 1.02969 1.02425
423132 1.02275 1.028 1.02014 1.01809 1.03235 1.02786 1.03816 1.02408
423149 1.02381 1.01607 1.03003 1.02834 1.0346 1.02461 1.03028 1.0203
423220 1.02027 1.01846 1.02028 1.0242 1.03149 1.02894 1.02319 1.03211
423263 1.02114 1.02099 1.02433 1.02111 1.03315 1.02578 1 1.02671
423268 1.02203 1.01998 1.02763 1.02156 1.02741 1.0241 1.03517 1.02667
423275 1.02253 1.02239 1.02134 1.01755 1.03214 1.0279 1.02312 1.03049
423278 1.02055 1.0184 1.02616 1.02243 1.02762 1.02496 1.02732 1.0223
423290 1.01884 1.01386 1.02109 1.02556 1.03089 1.02553 1.02885 1.029
423301 1.02352 1.01138 1.0175 1.01742 1.03029 1.01992 1.02753 1.01916
423311 1.03232 1.0346 1.02868 1.03704 1 1.02137 1 1
423377 1.02224 1.01938 1.02341 1.01885 1.03184 1.01925 1.02536 1.02616
423424 1.01706 1.01918 1.01889 1.01875 1.02987 1.02394 1.02396 1.02209
423432 1.02849 1.02739 1.02081 1.01997 1.03244 1.02557 1.02133 1.03127
423433 1.01937 1.01142 1.01794 1.01999 1.02818 1.02363 1.02696 1.02714
423546 1.02375 1.01545 1 1 1.03581 1.0182 1 1
423547 1.01713 1.01564 1.02027 1.02162 1.03277 1.02002 1.02389 1.02557
423548 1.01696 1.013 1.0131 1.0176 1.0279 1.01695 1.02865 1.02682
423549 1.0213 1.0027 1.02223 1.01825 1 1.01695 1 1.03513
423550 1.01902 1.01931 1.0174 1.01571 1.0282 1.01381 1.0263 1.02325
423553 1.01804 1.00986 1.01643 1.01806 1.02589 1.02213 1.03159 1.02159
423576 1.01653 1.01934 1.024 1.02364 1.03912 1.02505 1.02559 1.03698
423579 1.01845 1.01459 1.01558 1.01693 1.02992 1.01893 1.02674 1.02503
423632 1.02216 1.01347 1.01216 1.01578 1.02648 1.01487 1.02505 1.03173
423652 1.01991 1.01717 1.02098 1.01305 1.03179 1.019 1.02638 1.02339
423663 1.01903 1.00871 1.01991 1.01485 1.03304 1.02311 1.02094 1.02463
423664 1.01442 1.00859 1.01281 1.00936 1.0266 1.01518 1.0266 1.02306
423676 1.01924 1.0244 1.02031 1.01476 1.02575 1.02103 1.02798 1.0315
423677 1.01812 1.00801 1.01091 1.01449 1.02918 1.01585 1.02834 1.03111
423679 1.01743 1.01376 1.01413 1.01764 1.02989 1.02085 1.02551 1.02569
423685 1.01545 1.01178 1.01567 1.01546 1.03148 1.01894 1.02438 1.02633
423696 1.01797 1.01075 1.01563 1.01477 1.03365 1.01238 1.02682 1.02865
423703 1.02087 1.01171 1.01409 1.01458 1.03134 1.00945 1.02897 1.0262
423820 1.01724 1.01306 1.01055 1.00946 1.03701 1.01832 1.02919 1.02151
423826 1.02265 1.02037 1.02175 1.01954 1.03091 1.02006 1.02425 1.02746
423828 1.02016 1.0171 1.01671 1.01543 1.0355 1.01315 1.02372 1.02251
423839 1.01304 1.01217 1.0112 1.01396 1.03166 1.00998 1.02446 1.0238
423843 1.01744 1.01464 1.01586 1.0133 1.03227 1.01187 1.02575 1.02405
423844 1.02429 1.01752 1.0238 1.01346 1.03211 1.01398 1.03387 1.01991
423845 1.01532 1.01446 1.01554 1.01405 1.02839 1.01367 1.02383 1.02843
423856 1.02565 1.01782 1.0205 1.0204 1.03178 1.0179 1.02216 1.03026
423860 1.01744 1.01702 1.02187 1.01733 1.03228 1.01402 1.02589 1.0251
423865 1.01469 1.01429 1.01103 1.0184 1.02907 1.01132 1.02313 1.02435
423867 1.02242 1.01835 1.01654 1.01316 1.02931 1.0129 1.01995 1.02714
423868 1.0195 1.01922 1.01426 1.01842 1.03299 1.01118 1.02859 1.02449
424038 1.01553 1.01717 1.01521 1.02026 1.03227 1.01443 1.02923 1.03756
424039 1.02114 1.0169 1.01878 1.02883 1.03085 1.01777 1.0282 1.02658
424040 1.01752 1.02244 1.01811 1.02141 1.03428 1.01584 1.0303 1.02438
424051 1.01935 1.01062 1.01671 1.01908 1.03554 1.01262 1.02604 1.02859
424052 1.02162 1.01077 1.01712 1.01566 1.03104 1.01164 1.03186 1.0302
424053 1.02063 1.01629 1.01551 1.0183 1.0285 1.01323 1.03827 1.03282
424055 1.0196 1.0158 1.0172 1.0144 1.03397 1.01271 1.02997 1.02932
424060 1.02383 1.01442 1.02439 1.02016 1.04054 1.0122 1.02412 1.02679
424061 1.01405 1.0152 1.01237 1.01327 1.03154 1.0121 1.02428 1.0252
424062 1.01296 1.01522 1.01267 1.01582 1.02862 1.00406 1.03052 1.02955
424063 1.01697 1.01221 1.0233 1.0114 1.02854 1.01513 1.02809 1.02768
424189 1.0163 1.0145 1.02154 1.01104 1.03534 1.01584 1.02511 1.02287
424190 1.0129 1.01259 1.01244 1.01141 1.03287 1.00523 1.02308 1.02751
424193 1 1 1 1 1 1 1 1
424194 1.01787 1.01691 1.01774 1.0189 1.03382 1.01274 1.02387 1.02386
424195 1.01828 1.00932 1.01117 1.01143 1.02679 1.00501 1.02882 1.02378
424227 1.021 1.01566 1.02055 1.01006 1.02944 1.0091 1.01415 1.02236
424255 1.00913 1.00942 1.01745 1.01598 1.03462 1.01183 1.03127 1.02424
424257 1.0152 1.00668 1.01896 1.02389 1.03724 1.01888 1.02551 1.02635
424270 1.02043 1.01524 1.01807 1.02176 1.04124 1.01368 1.0247 1.02573
424272 1.01802 1.01651 1.01974 1.01318 1.03511 1.01169 1.02572 1.02384
424273 1.01814 1.01338 1.01296 1.0163 1.03079 1.00509 1.01659 1.02496
424275 1.01688 1.00891 1.00819 1.00741 1.0245 1.00545 1.02762 1.02207
424276 1.01484 1.00057 1.0092 1.00896 1.02749 1.01101 1.02226 1.03612
424348 1.01667 1.01198 1.01006 1.01576 1.0363 1.0074 1.02108 1.02775
424353 1.02137 1.01159 1.00893 1.01715 1.03478 1.01028 1.02392 1.03007
424356 1.01595 1.01626 1.01783 1.01807 1.03672 1.01063 1.02623 1.02375
424358 1.01843 1.01347 1.00923 1.01545 1.03415 1.00684 1.02728 1.02353
424365 1.01761 1.00375 1.00868 1.01804 1.03536 1.01396 1.04566 1.02846
424368 1.02166 1.01491 1.01068 1.00738 1.03096 1.00669 1.03289 1.03189
424371 1.01987 1.01005 1.00639 1.01853 1.03508 1.01 1.02991 1.02906
424372 1.01683 1.00633 1.00734 1.00932 1.02839 1.00534 1.02563 1.02453
424439 1.02065 1.0151 1.01438 1.0144 1.04052 1.00117 1.02258 1.02177
424440 1.01545 1.01695 1.01653 1.01514 1.03414 1.01135 1.02487 1.02382
424441 1.01312 1.01106 1.01155 1.01574 1.03939 1.00826 1.02213 1.02494
424443 1.01015 1.0061 1.00937 1.01008 1.03812 1.01565 1 1.01015
424444 1.00683 1.0133 1.0079 1.00146 1.03328 1.01021 1.03373 1.01693
424445 1.01598 1.01615 1.01438 1.01726 1.03519 1.00972 1.02574 1.02677
424452 1.01795 1.01356 1.01808 1.01863 1.03972 1.01235 1.02481 1.02719
424557 1.01153 1.00875 1.00735 1.00904 1.03446 1.00736 1.02756 1.02527
424584 1.01612 1.01179 1.00523 1.01258 1.03539 1.00678 1.02153 1.0278
424585 1.0169 1.01778 1.00973 1.02036 1.04312 1.01117 1.03092 1.02523
424626 1.0151 1.01241 1.01421 1.01655 1.03785 1.01117 1.02483 1.0295
424627 1.00556 1 0.997862 1.01102 1 1.01456 1 1
424629 1.01679 1.0164 1.01253 1.01411 1.03503 1.01121 1.02254 1.02746
424644 1.01188 1.01071 1.00906 1.01597 1.03879 1.00622 1.02272 1.02495
424671 1.01516 1.01204 1.01025 1.01304 1.04045 1.00973 1.02554 1.02614
424751 1.01601 1.01003 1.01266 1.01717 1.04248 1.00318 1.02585 1.02584
424754 1.01455 1.00742 1.01243 1.01129 1.03946 1.00782 1.02295 1.03114
424755 1.01368 1.00742 1.01081 1.01058 1.03427 1.00364 1.02349 1.0263
424756 1.01153 1.01161 1.00982 1.0138 1.0296 1.0094 1.02078 1.02415
424759 1 1.01209 1.00141 1.00291 1.03749 1.0142 1.03484 1.02683
424760 1.01786 1.01292 1.01811 1.01483 1.04353 1.01056 1.02639 1.03052
424761 1.01175 1.00875 1.00896 1.01027 1.04082 1.00717 1.02108 1.02658
424763 1.00952 1.00685 1.00463 1.00951 1.0339 1.00382 1.01894 1.02472
424817 1.01072 1.00899 1.00763 1.00526 1.03437 1.00402 1.02144 1.0279
424827 1.02042 1.0204 1.01967 1.02867 1.0073 1.0179 1.02196 1.02459
424836 1.01509 1.01873 1.01528 1.02336 1.00465 1.01646 1.02891 1.02534
424877 1.01961 1.0267 1.02105 1.03294 1.01105 1.02581 1.02413 1.02688
424880 1.02288 1.02509 1.01748 1.03059 1.00235 1.01716 1.02212 1.02357
424881 1.01776 1.02556 1.0148 1.03538 1.00491 1.01442 1.01847 1.02731
424885 1.02459 1.02566 1.01811 1.03053 1.01104 1.02303 1.02162 1.02797
424886 1.01037 1.02824 1.03119 1.02533 1.01931 1.01972 1.01651 1.03962
425006 1.0212 1.02454 1.02115 1.02261 1.00971 1.02478 1.02636 1.03314
425008 1.01806 1.02065 1.0145 1.02892 1.00394 1.01723 1.02107 1.02376
425011 1.01992 1.02362 1.01519 1.03199 1.00369 1.01577 1.01993 1.02847
425016 1.0184 1.02098 1.0199 1.0265 1.00495 1.01416 1.02223 1.02684
425078 1 1 1 1 1 1 1 1
425079 1 1 1 1 1 1 1 1
425080 1 1 1 1 1 1 1 1
425152 1.02188 1.01972 1.03056 1.02945 1.01451 1.02454 1.0209 1.02782
425168 1.02318 1.03438 1.0479 1.02808 1 1 1 1
425171 1.02064 1.01991 1.02683 1.02567 1.01102 1.02562 1.02453 1.026
425172 1.0106 1.00975 1.01837 1.02596 0.999819 1.01586 1.02546 1.02023
425173 1.01714 1.01721 1.02548 1.0197 1.01094 1.03052 1.02541 1.02511
425212 1.01484 1.01155 1.02631 1.01683 1.00777 1 1.02608 1.02209
425213 1.01819 1.01371 1.02793 1.0287 1.01145 1.02818 1.02878 1.02878
425214 1.02029 1.0214 1.0342 1.03663 1.01456 1.02419 1.02818 1.02548
425215 1.0161 1.02115 1.03103 1.03693 1.01531 1.03039 1.0254 1.03258
425286 1.01362 1.02085 1.02433 1.02271 1.01347 1.02298 1.03671 1.03204
425287 1.01276 1.01735 1.0198 1.0249 1.01038 1.01758 1.02738 1.02947
425288 1.01743 1.01997 1.02761 1.0292 1.01797 1.02069 1.02471 1.02692
425289 1.02675 1.02263 1.02309 1.02811 1.01325 1.02554 1.02175 1.02645
425290 1.01343 1 1.04671 1.02693 1.02332 1.0193 1.01475 1.01939
425292 1.01904 1.01924 1.02219 1.02751 1.01615 1.02074 1.02493 1.03057
425293 1.0188 1.01484 1.01263 1.01481 1.00159 1.01796 1.0348 1.02407
425294 1.02838 1.01872 1.02184 1.02915 1.00137 1.02582 1.02154 1.01731
425295 1.01625 1.02334 1.02289 1.02557 1.01193 1.02217 1.02516 1.02682
425296 1.02222 1.02456 1.02396 1.02712 1.01216 1.02494 1.03171 1.02675
425377 1.01708 1.02883 1 1.0225 1 1 1 1
425378 1.01933 1.01875 1.02346 1.02533 1.00698 1.01409 1.02981 1.02694
425395 1 1 1.04354 1.02994 1.00968 1.01833 1 1.04019
425397 1.01736 1.02243 1.02246 1.02266 1.00654 1.02128 1.0263 1.028
425403 1.01825 1.01849 1.02272 1.02632 1.01567 1.02176 1.02194 1.02304
425409 1.01908 1.01878 1.02401 1.02711 1.01095 1.02061 1.02529 1.02937
425412 1.02375 1.02792 1.03123 1.0313 1.01768 1.02691 1.02482 1.02146
425413 1.01461 1.02145 1.02179 1.02239 1.00874 1.01984 1.02187 1.0191
425420 1 1 1 1.04429 0.998227 1 1 1
425422 1.02595 1.02102 1.01827 1.0276 1.01066 1.02035 1.02816 1.02559
425423 1.02432 1.02866 1.0283 1.03677 1.02033 1.02285 1.0348 1.02839
425424 1.01703 1.01928 1.02091 1.0194 1.00913 1.0178 1.02596 1.02382
425425 1.01898 1.02277 1.01934 1.02551 1.01471 1.01928 1.02228 1.02693
425428 1.02395 1.02779 1.02544 1.03129 1.01654 1.02131 1.0323 1.04051
425429 1.01733 1.01633 1.0175 1.02585 1.00912 1.01489 1.02101 1.02991
425431 1.02466 1.02422 1.02811 1.03557 1.01523 1.02511 1.02483 1.027
425433 1.01683 1.01457 1.01601 1.02126 1.00643 1.0137 1.01846 1.0275
425434 1.01267 1.00735 1.01211 1.01326 1.01622 1.02191 1.03248 1.02352
425439 1.01834 1.02191 1.02513 1.02902 1.01207 1.02136 1.02473 1.02424
425553 1 1.01964 1.004 1 0.99521 1.01498 1 1.04669
425564 1.01504 1.01833 1 1.01053 1.00492 1.02514 1 1.03567
425566 1.02184 1.02941 1.0347 1.03023 1.01512 1.02048 1.04096 1
425583 1 1.02411 1.02543 1.03815 1.03146 1.0303 1 1
425688 1 1.02805 1.01717 1.01969 1 1 1 1
425691 1.01699 1.01591 1.02529 1.02759 1.00938 1.0278 1.04108 1.03053
425692 1.01917 1.01509 1.02098 1.0228 1.01177 1.01614 1.02171 1.02255
425693 1.01658 1.01709 1.02211 1.02435 1.01691 1.019 1.01938 1.02718
425694 1.01562 1.01004 1.02042 1.01782 1.012 1.01833 1.02292 1.02427
426112 1 1 0.986 1.0061 1.02786 1.01511 1 1
426113 1 1 1.01771 1 1 1 1 1
426114 1.01896 1.01247 1.00029 1.00536 1.01778 1.01135 1.02144 1.04397
426115 1.02597 1.035 1.01558 1.01893 1.03702 1.01486 1.02854 1.03809
426116 1.022 1.01997 1.00171 1.01682 1.02021 1.01565 1.02781 1.03283
426117 1.0192 1.03084 1.00074 1.02203 1.02057 0.999896 1.03284 1.03553
426252 1 1.01583 1 1.02136 1.02769 1 1 1
426273 1.01746 1.02845 1.01721 1.01697 1.01607 1.00931 1.02646 1.02036
426281 1.0162 1.02251 1.01411 1.0215 1.01685 1.01706 1.02116 1.03082
426282 1.01096 1.02015 1.00601 1.02183 1.02392 1.00629 1.00974 1.01909
426283 1.01404 1.02114 1.01389 1.02203 1.01656 1.01227 1.0305 1.02005
426307 1.0169 1.02773 0.986175 1.01403 1.02384 1.01076 1.02624 1.03197
426308 1.03232 1.03389 0.993324 1.02279 1.02298 1.01917 1.0329 1
426313 1.01843 1.02481 0.99373 1.01179 1.02835 0.997143 1.02807 1.02597
426315 1.01907 1.03006 0.989148 1.01255 1.02788 1.01157 1.02306 1.02782
426316 1.02803 1.02926 0.990621 1.0077 1.03227 1.01012 1.02115 1.03425
426319 1.0216 1.0305 0.992395 1.01091 1.0207 1.01237 1.02524 1.02907
426320 1.0139 1.02544 0.989658 1.00988 1.01642 1.00832 1.01571 1.02306
426353 1 1.02027 1.01398 1 1.01203 1.0162 1 1
426365 1.01818 1.02015 1.01787 1.03287 1.02574 1.01376 1.02454 1.02453
426366 1.018 1.02617 1.01902 1.03088 1.01808 1.01701 1.02675 1.02358
426378 1 1 1 1 1 1 1 1
426383 1.01824 1.01147 1.00682 0.999762 1.02896 1.01737 1.03501 1.02326
426391 1.01069 1.00763 0.998973 1.00239 1.01797 1.00728 1.02724 1.02424
426394 1.01057 1.00731 0.997018 1.00408 1.02532 1.01269 1.02448 1.02672
426397 1.01745 1.01197 1.00851 0.988381 1 0.969343 1 1
426401 1.01384 0.999244 0.996898 1.00111 1.02185 1.01265 1.02934 1.03184
426406 1.01348 1.01258 1.00344 1.00757 1.01867 1.01112 1.02639 1.02427
426407 1.00934 1.00845 1 1.00345 1.01635 1.00474 1.02587 1.02149
426408 1 1 1 1 1 1 1 1
426409 1.01477 1.00804 1.00592 1.01571 1.02579 1.02569 1.04199 1.02495
426442 1 1.02666 1.00078 0.950842 1 1 1 1
426443 1 1 1 1.00862 1 1 1 1
426444 1.01073 0.980088 1.01028 1.00009 1.02299 0.99985 1 1
426445 1.01123 1.01441 1.00328 1.00021 1.02265 1.00605 1.0265 1.03117
426450 1.01019 1.00029 1.00295 0.998363 1.0188 1.00441 1.02914 1.02557
426460 1.00954 1.00945 1.00608 0.997934 1.02365 1.00793 1.02659 1.02444
426461 0.999971 1.00783 0.991971 0.993663 1.02161 1.00058 1.02023 1.03174
427013 1.01031 0.995451 1.00375 0.997744 1.02711 1.0111 1.02451 1
427019 1.00402 0.995942 1.00534 1.0022 1.03415 1.0129 1.02498 1.02505
427020 1 1 1 1 1 1 1 1
427021 1.00994 0.999916 1.00111 0.997844 1.0266 1.01561 1.02597 1.04566
427024 1.00069 0.999226 1.00724 1.00008 1.02415 1.01544 1.0173 1.03283
427025 1.01598 1.00069 1.0093 1.00446 1.0337 1.01874 1.031 1.03457
427026 1.01401 1.00787 1.00824 1.00281 1.03144 1.0139 1.03251 1.03089
427027 1.019 0.999574 1.00994 0.999292 1.03576 1.01352 1.02472 1.0277
427111 1 1 1 1 1 1 1 1
427129 1 1 1 1 1 1 1 1
427135 1.00576 0.996843 0.996669 1.00289 1.02561 1.0064 1.02971 1.02802
427136 1 1 1 1 1 1 1 1
427137 1.00552 1.00321 1.00242 0.997375 1.04128 1.01139 1.02181 1.02204
427141 1.0084 1.0062 1.00328 0.997206 1.03146 1.01389 1.0396 1.02245
427144 1 1 1 1 1 1 1 1
427145 1.00826 0.993108 0.995674 0.992369 1 1 1.01371 1.02789
427146 0.998592 0.999691 0.995774 0.997555 1.03681 1.0207 1.02219 1.03229
427147 1.01881 1.00198 1.00519 0.995595 1.03829 1.00261 1.02893 1.03052
427148 1.00578 1.00705 1.0001 0.998343 1.03266 1.00714 1.02311 1.01782
427149 1.00683 0.998215 0.996181 0.998333 1.02298 1.0041 1.02648 1.03073
427233 1 1 1 1 1 1 1 1
427239 1 1 1 1 1 1 1 1
427241 1 1 1 1 1 1 1 1
427243 1 1 1 1 1 1 1 1
427244 1 1 1 1 1 1 1 1
427262 1.02346 1 1 1.00382 1 1 1 1
427264 1 1 1 1 1 1 1 1
427360 1 0.997517 1 0.995506 1 1 1 1
427361 1.0044 1.00404 1.00549 0.998393 1 0.999678 1 1.02761
427362 1 1 1 1 1 1 1 1
427363 1.00928 0.995783 0.994969 1 1.02942 1.00265 1 1
427366 1 1 1 1 1 1 1 1
427367 1 1 1.00039 1 1 1 1 1
427373 1.00891 1.00361 1.01151 0.996818 1.03067 1.00713 1.01412 1.02294
427377 1 1 1 1 1 1 1 1
427380 1.00395 1.00226 1.00853 1.00024 1.03661 1.01149 1.02063 1.02437
427383 1.01812 0.994611 0.999297 0.999274 1.04548 1.00938 1.03216 1.01552
427384 1.00265 1.00806 0.990897 1.00332 1.03995 1.01018 1.04554 1
427385 1.00236 0.998831 1.00078 0.994762 1.033 0.999468 1.03117 1.03355
427388 1.03372 1.01507 1.02409 1.03575 0.997656 1 1 1
427389 1.01678 1.00613 1.02803 1.03143 0.993324 1.02453 1 1.04201
427390 1.01821 1.01991 1.02375 1.02365 0.988376 0.982808 1.03242 1.02346
427391 1.01107 1.0129 1.02423 1.02637 0.989387 1.02108 1.0248 1.04178
427393 1.02379 1.02129 1.02311 1.03088 0.997204 1.02239 1.02341 1.02354
427394 1 1.02441 1.03015 1.02801 0.972331 1.03466 1 1.03073
427397 1 1 1 1 1 1 1 1
427398 1.01035 1.02382 1.02986 1.02998 0.996676 1.02582 1 1
427481 1 1 1 1 1 1 1 1
427482 1 1.01397 1 1 1 1 1 1
427483 1 1.01107 1.00346 1 1 1.02222 1 1
427484 1.00759 1.02043 1.02191 1.0313 0.987083 1.02236 1.02858 1.01638
427485 1.01416 1.01974 1.02137 1.03508 0.986526 1.00891 1.02463 1.02272
427486 1.01544 1.01103 1.02608 1.02007 0.988867 1.01458 1.0199 1.03497
427498 1 1 1 1 1 1 1 1
427499 1 1 1 1 1 1.03641 1 1
427500 1 1.01537 1 1 1 1 1.01797 1
427502 1 1 1 1 1 1 1 1
427508 1.01961 1.01397 1.02976 1 1.00363 1 1 1
427510 1.02434 1.02665 1.02261 1 0.988592 1.02679 1 1
427514 1.01383 1.01363 1.02146 1.02198 1.00587 1.01263 1.02192 1.02938
427523 1.02246 1 1.02128 1.01507 0.986751 1 1 1
427527 1.01631 1 1.01634 1 1 1 1 1
427529 1.01226 1.0196 1.01248 1.0355 0.991692 1.01475 1 1.02448
427530 1.01746 1.01599 1.02299 1.03201 1.0085 1.0305 1.02415 1.03544
427605 1.0016 1 1 1 1 1 1 1
427654 1 1 1.01702 1 0.998097 1 1 1
427656 1.02731 1 1.04121 1.03366 0.989958 1 1 1
427657 1 1 1 1 1 1 1 1
427658 1 1 1 1 1 1 1 1
427660 1 1.01288 1 1.02478 1 1.01091 1 1
427661 1.0339 1.02211 1.0439 1.03625 0.995289 1.02271 1.02514 1
427662 1.02839 1.01549 1.037 1.02763 1 1.02111 1.00753 1.0275
427670 1.01472 1.02037 1.01412 1.05382 1.00142 1.05652 1 1
427671 1.00593 1 1.02312 1 1 1.00946 1 1
427672 1.02486 1 1.01733 1 1 1.02008 1 1
427673 1 1 1 1 1 1 1 1
427674 1 1 1 1 1 1 1 1
427708 1 1 1 1 1 1 1 1
427709 1 1 1 1 1 1 1 1
427710 1 1.01467 1.02972 1.02327 0.980303 1.02193 1 1.04054
427711 1.01765 1.02637 1.028 1.04968 1 1 1 1
427712 1 1.03589 1.03093 1 1 1.03153 1 1
427713 1.00649 1.02591 1.03277 1.03434 0.997269 0.995279 1 1.02054
427805 1.01126 1.02165 1 1 1 1 1 1
427806 1.02724 1 1 1 1 1.01384 1 1
427807 1.02718 1 1 1.02826 0.993829 1 1 1
427810 1 1 1 1 1 1 1 1
427811 1.01826 1.00987 1.03702 1.03314 0.999201 1 1.01427 1
427813 1.01567 1.01521 1.02221 1.02709 1.001 1.02711 1.02237 1.02015
427814 1.02225 1.01888 1.01983 1.02528 0.998099 1.01891 1.01737 1.02391
427815 1.02337 1.01353 1 1.04524 0.99381 0.994653 1 1
427829 1.00688 1.01967 1.03247 1.02662 1 1 1 1.01753
427878 1.00378 1.01731 1 1.04894 1 1 1 1
427879 1.01399 1.02267 1.03502 1.02764 0.989279 1.02497 1.02236 1.02026
427881 1 1 1 1 1 1 1 1
427882 1 1 1 1 1 1 1 1
427883 1 1 1 1 1 1 1 1
427885 1.00733 1.00583 1.02243 1.01069 1 1.00971 1.0281 1.02309
427886 1.01405 1.02158 1.01288 1.02603 0.99684 1.01294 1.02667 1.02815
427887 1.01891 1 1.02682 1.02413 1 1.02745 1 1
427963 1 1 1 1 1 1 1 1
427964 1.02481 1.01779 1 1.01101 1 1.00445 1 1.04015
427965 1.01909 1.00987 1.02994 1.02757 0.985443 1.02787 1.03006 1.02434
427968 1 1 1 1 1 1 1 1
427970 1.0103 1.01407 1.01553 1.01973 0.999826 1.01208 1.01893 1.02256
427974 1 1.01721 1.0283 1 1 1.01067 1 1
427975 1 1 1 1 1 1 1 1
427977 1.0265 1.02124 1.01965 1 1.00824 1 1 1
427979 1 1 1 1 1 1 1 1
427980 1.01112 1.0229 1.01933 1.02099 0.994385 1 1.02792 1.02593
427982 1 1 1 1 1 1 1 1
427984 1.02427 1.02399 1.02114 1.02738 0.993393 1.0187 1.02671 1.02616
428166 1 1 1 1 1 1 1 1
428168 1 1 1 1 1 1 1 1
428169 1.00623 1.014 1.02045 1 1 1 1.02165 1
428171 1 1 1 1 1 1 1 1
428204 1 1 1 1 1 1 1 1
428206 1.00017 1.01297 1.01574 1 0.992324 1.01439 1 1
428207 1.0241 0.994028 1.02972 1.01861 1.00074 1.01477 1 1.01345
428208 1.02117 1.01846 1.01449 1.0215 1.00313 1.02643 1.0235 1.0087
428211 1 1 1 1 1 1 1 1
428212 1.01821 1.01785 1.02255 1.01938 1.0044 1.02136 1.02558 1.01761
428255 1 1 1 1 1 1 1 1
428256 1 1 1.01731 1.01275 1.00574 1 1 1
428260 1 1 1 1 1 1 1 1
428261 1 1 1 1 1 1 1 1
428262 1 1 1 1 1 1 1 1
428263 1 1.01889 1.0168 1 0.993671 1.01081 1 1
428264 1 1 1 1 1 1 1 1
428265 1.00602 1.01697 1 1 0.985999 1.03292 1 1
428266 1 1 1 1 1 1 1 1
428267 1 1 1 1 1 1 1 1
428268 1 1 1 1 1 1 1 1
428269 1.01189 1.00733 1.00911 0.998994 0.999587 1.02112 1.02774 1
428272 1.02293 1.00418 1.01401 1.01717 0.996832 1.00641 1.01133 1.02367
428273 1.00833 1.01685 1.00964 1.02766 1.0105 1.01906 1.03154 1.01829
428318 1 1 1 1 1 1 1 1
428319 1 1.0097 1 1 1.00293 1 1 1
428321 1 1 1 1 1 1 1 1
428323 1 1 1 1 1 1 1 1
428324 1 1 1 1 1 1 1 1
428325 1.0116 1.01772 1.02252 1.01743 1.00246 1.01849 1.0361 1
428326 1.00234 1 1 1 1 1 1 1
428328 1.01726 1.00593 1.02141 1.01076 1.00035 1.01787 1.02727 1.03258
428329 1.02382 1.01076 1.02421 1.02212 1.01435 1.01613 1.02391 1.02543
428331 0.995367 1.01114 1.00377 1.00302 0.991327 1.00525 1 1.00894
428377 1.00737 1.00959 1.00442 1.01391 1 1.01669 1.0126 1.0356
428379 1.00278 1.00851 1.01304 1.01498 1.00118 1.01696 1.0256 1.02785
428381 1.02321 1.02215 1.01233 1.01635 0.987798 1.01938 1.03854 1
428382 1 1 1 1 1 1 1 1
428384 1.02166 1.02894 1.0038 1 1 1.02539 1 1
428385 1.01504 1.01647 1.0097 1.02186 1.00013 1.01668 1.02153 1.01955
428386 1.00678 1.02199 1.0151 1.01415 1.00138 1.0097 1.0179 1.02976
428431 1.01294 1 1 1.03464 1 1 1 1
428432 1.0191 1.01274 1 1 1 1 1 1
428433 1.01241 1.0188 1.0266 1.02794 1.01525 1.00305 1.04356 1.04674
428446 1.00562 1.01012 1.01233 1.01676 0.997625 1.0013 1 1.0208
428447 1.01342 1.01003 1.01665 1.0202 0.988053 1 1 1
428448 1.01833 1.02085 1.01484 1.01915 1.00427 1.01801 1.02887 1.03218
428451 1 1 1 1 1 1 1 1
428452 1 1.0182 1.01153 1 1.00451 1 1 1
428453 1.01777 1 1.02101 1 1.00308 1 1 1
428454 1 1 1 1 1 1 1 1
428455 1.02279 1.02356 1.02646 1.01111 1.01508 1 1.02774 1.03095
428459 1.01397 1.01861 1.02158 1.02196 1.00475 1.00849 1.02682 1.02831
428460 1.01904 1.01522 1.0087 1.01707 1.0033 1.01027 1.03509 1.02267
428601 1 1 1 1 1 1 1 1
428602 1.00925 1.01791 1.00245 1.02348 1.00721 1.01867 1.02979 1.04234
428603 1 1.01501 1.01376 1 1.00135 1 1 1
428604 1.01382 1.01706 1.01785 1.0218 1.00611 1.01616 1.02441 1.02129
428605 1.01692 1.00626 1.01089 1 1.01168 1.02217 1 1
428607 1.0222 1.01874 1.01674 1.02585 1.01153 1.02245 1.02926 1.02824
428608 1.01522 1.01604 1.01993 1.01879 1.00104 1.02488 1.02508 1.02695
428609 1.01391 1.01905 1.0088 1.01559 0.997505 1.01057 1.01975 1.01964
428610 1.0168 1.01059 1.00645 1.01882 1.00813 1.015 1.02719 1.02944
428613 1.01663 1 1 1.02191 1.0083 1 1 1
428614 1.00652 1.01019 1.01402 1.01724 1.00575 1.00145 1 1.0317
428615 1 1 1 1 1 1 1 1
428616 1.00643 1.01628 1.01113 1.01235 1.00728 1 1.02359 1.01688
428617 1.01292 1.01898 1.01037 1.01325 1.00217 1.01032 1.02632 1.01649
428618 1.0209 1.02358 1.01991 1.01562 1.00383 1.01382 1.01994 1.02352
428710 1.01453 1 1.01125 1 1 1 1 1
428713 1.01452 1.01203 1.01211 1.0119 1.00635 1.01431 1.03263 1
428714 1.01653 1.00901 1.01055 1.02173 0.996542 1.0145 1 1.02424
428715 1.01269 1.00585 1.0141 1.01904 1.00825 1.02043 1.03818 1.02637
428717 1.01173 1.01437 1.01186 1.0112 1.00313 1.0174 1.02883 1.02804
428728 1 1 1 1 1 1 1 1
428730 1 1 1 1 1 1 1 1
428733 1 1 1 1 1 1 1 1
428734 1.01608 1 1.01616 1.01711 1 1 1 1
428735 1.0167 1.02372 1.01087 1.03259 0.997222 1.01308 1 1
428736 1.01365 1.01068 1.01446 1.02502 0.996571 1.01336 1.04562 1.01713
428737 1 1 1 1 1 1 1 1
428738 1.00994 1.01293 1.01229 1.00221 1.02325 1.00646 1 1.01759
428739 1.0042 1.00502 1.00116 1.01168 1.00335 1.01266 1.02329 1.02351
428754 1 1 1 1 1 1 1 1
428755 0.988938 1.02627 1.0071 1 1.00561 1 1 1
428757 1.00919 1.01855 1.01127 1.01009 1.00776 1.01285 1.02856 1
428758 1 1 1 1 1 1 1 1
428759 1.00467 1.01016 1.00539 1.01496 1.00755 1.00993 1.03693 1.0283
428760 1.02074 1.00761 1.00033 1.00068 1 1.01168 1.02101 1
428762 0.985895 1.01856 1.01298 1 0.976344 1.02159 1 1
428763 1.02051 1.02896 1.0221 1.02167 1.00491 1.01382 1 1.02148
428771 1.00782 1.0353 1 1 1 1 1 1
428772 0.993433 1.01846 1 1 1 1 1 1
428891 1 1 1 1 1 1 1 1
428892 1 1 1 1 1 1 1 1
428893 1.01617 1.01014 1.01011 1.03217 1.00416 1.02542 1.02314 1.0312
428894 1.01115 1.01524 1.01729 1.01672 1.00778 1.01901 1.02992 1.01945
428896 1.01056 1.01815 1.01451 1.0089 1.01068 1.02181 1.02766 1.03299
428898 1 1.0205 1 1.03434 1 1 1 1
428929 1.0006 1.02235 1.01335 1.01201 1.01848 1 1 1
428930 1.00403 1.0057 1.0081 1.00717 1.01243 1.02389 1 1.03384
428931 1.0249 1.02299 1.02423 1.01857 1.01793 1.02949 1.01853 1.02221
428933 1.02286 1.01861 1.01582 1.02187 1.01065 1.01157 1.0254 1.01856
428934 1.00493 1 1.01003 1 1 1 1 1
429007 1.00014 1.00582 1 1 0.994246 1.00039 1 1
429010 1 1 1 1 1.02745 1 1 1
429014 1.01414 1.03486 1.00683 1 1.01073 1 1 1
429016 1.02726 1.01185 1.0085 1.02387 1 1.01538 1.02668 1
429017 1.01757 1.01795 1.00099 1 1.00807 1.03092 1 1.02255
429022 1 1 1 1 1 1 1 1
429023 1 1 1 1 1 1.01888 1 1
429024 1 1 1 1 1 1 1 1
429025 1 1.0077 1 0.993663 1 1.01179 1 1
429026 1.00961 1.01181 1.02117 1 1.01945 1 1 1
429027 1 1.00958 1 1.00269 1.00741 1 1 1.02986
429029 1 1.01211 1.01094 1.01624 1 1.01679 1 1
429062 0.996992 1.00376 1.00469 0.996131 1.00143 1 1 1
429066 1.02094 1.01525 1.00581 1.00998 1 1.0134 1 1
429067 1 1 1 1 1 1 1 1
429068 1.00174 1.00306 1.00125 1.01028 0.999046 1.00521 1.02781 1.02175
429069 1.01384 1.01898 1.00722 1.01979 1.00162 1.01524 1.02182 1.01637
429070 1.01316 1.01116 1.01342 1.02012 1.01493 1.02008 1.02791 1.02606
429071 1.00678 1.01879 1.00442 1.01663 1.01358 1.02052 1.02126 1.0233
429112 1.01601 1.00877 1.00994 1 1 1 1 1
429114 1.00458 1.01429 1.00912 0.991975 1.00032 1.00799 1 1
429115 1.01034 1.0123 1.00828 1.01553 1.01381 1.01754 1.02494 1.02419
429126 1 0.997639 1 1 1 1.00273 1 1
429127 1 1 1 1 1 1 1 1
429128 1.01011 1.0067 1.00687 1.01792 1.00765 1.00012 1 1
429129 1 1 1 1 1 1 1 1
429132 1.00988 1.0074 1.01175 1.01016 1.00719 1.00341 1.01856 1.0227
429133 1 1 1 1 1 1 1 1
429351 1.00985 1.0221 1.01644 1 1.01628 1.01212 1 1
429352 1.00543 1.00849 1.00373 1.01656 1.00429 1.00681 1.02359 1.02712
429353 1.00057 1.01219 1.00413 1.01434 0.998752 1.01243 1.03011 1.02895
429355 0.997427 1.0073 0.993522 1.00463 1.00946 1.00072 1.03073 1.03822
429359 1.00864 1.00355 1.00493 1.00834 1.00349 1.01537 1.02389 1.03245
429361 1.00288 1.00526 0.995148 1 0.990637 1 1 1.03281
429364 1.00515 0.994089 1.00102 0.996867 0.995787 1.00473 1.03529 1
429365 1 1 1 1 1 1 1 1
429366 0.99368 1.00858 0.998155 1.00293 1.00809 1.00239 1.02482 1.01825
429368 0.993225 1.01448 0.994572 1.01297 1.00324 0.996576 1.0395 1.02647
429370 1.00041 1.01241 1.00865 1.01974 1.01852 1.01701 1.04027 1.0333
429503 1 1 1 1.04491 1 1 1 1
429504 1.00494 1.01139 1.0055 1.0228 1 1 1.02893 1.02714
429505 1 1 1 1 1 1 1 1
429506 1.00971 1.00917 1.00919 1.00808 1 1.00532 1.02374 1.02983
429512 0.987155 1.02183 1.00188 1.00444 1 0.988327 1 1
429518 1.00264 1.01319 0.999948 1.01834 1.01214 1.01054 1.02725 1.03059
429519 1.00361 1.01231 1.00282 1.00804 1.00735 1.014 1.02662 1.02691
429549 0.995268 1.00558 0.999046 1.00735 1.01919 1 1.02663 1
429551 0.994186 0.995929 0.993413 1.01676 1.00985 1.01568 1 1.03321
429552 1.00595 1.01362 1.00311 1.0093 1.00916 1.01556 1.03476 1.0361
429554 1.00146 1.01272 1.00057 1.01296 1.01094 1.01191 1.02474 1.02396
429555 1.00296 1.01524 1.00883 1.0115 1.00895 1.00535 1.02965 1.01875
429556 1.00061 1.00156 0.998754 0.999473 1.00539 1.01802 1 1
429589 0.985203 1 0.990907 1.01221 1 1 1 1
429590 0.998976 1.00637 1.00285 1 1 0.99885 1.02919 1.03112
429591 1.00237 1.01218 1.00082 1.01935 1.00765 1.0036 1.03146 1.02173
429592 0.983347 1.00381 1.0103 1.00926 1.0174 1.01003 1.02763 1.02948
429593 1.004 1.00861 1.01409 1 0.979454 1.01966 1 1.03223
429594 1.00613 1.0184 0.996908 1.01432 1.01714 1 1 1
429595 1.0125 1 1 1 1 1 1 1
429596 1.00235 1.01305 1.00745 1.01139 1.01204 1.02048 1.02756 1.02637
429676 1 0.993614 1.00303 1.0127 1.00931 1 1 1
429678 1 1 1 1 1 1 1 1
429679 1.00208 1.01979 1.01274 1.00867 1 1 1 1
429680 1 1 1 1 1 1 1 1
429685 1 1 1 1 1 1 1 1
429686 1 1 1 1 1 1 1 1
429687 1 1.00225 1 1 1 1 1 1
429688 1.00293 1.01165 1.00229 0.999388 1.00753 1.00964 1.02603 1.03001
429689 0.987272 1 0.986975 1.01624 1.02014 1.02484 1 1
429691 0.997863 1.01196 1.00019 1.0053 1.01339 1.01643 1.0225 1.03876
429696 1 1 1 1 1 1 1 1
429787 1 1 1 1 1 1 1 1
429789 1 1.02293 1 1 1 1.02125 1 1
429795 1 1 1 1 1 1 1 1
429796 0.995278 1.01009 0.99773 1.01033 1.01447 1.00082 1.03626 1.03482
429797 1.00326 1.00949 0.998125 1.01381 1.00106 1.01182 1.03277 1.03129
429798 1 1 1 1 1 1 1 1
429799 0.996869 1.00125 0.994334 1.00421 1.00591 1.00272 1.02873 1.03208
429800 0.994325 1.01453 0.995386 1.01063 1.01115 1.012 1.02665 1.02335
429801 1.00348 0.99491 1.00554 1.01776 1.01874 1.01934 1.02599 1.01971
429802 1.00246 1.00816 1.00126 1.00724 1.01049 1.01539 1.02111 1.02765
429886 0.988251 1 1 1 1 1 1 1
429887 1.00732 1.01352 0.996221 1.00701 1.00812 1.01081 1 1
429888 1 1 1 1 1 1 1 1
429889 0.997976 1.00664 0.994671 1.01128 1.00953 1.00602 1.01656 1.03701
429890 0.980194 1 1 1 1 1 1 1
429893 0.994364 1.01115 0.994146 1.00508 1.01722 1.01923 1.03926 1.03926
429894 0.994196 1.01053 0.99202 1.0129 0.995946 0.997713 1.02478 1.02103
429895 0.992483 1.00174 0.998034 0.993633 1.01057 1.00926 1 1.03873
429896 0.99188 1.00174 0.992307 1.00006 1.0148 1.00234 1.0252 1.02595
429905 0.994126 1.00689 0.998899 1.00386 1.00563 1.0031 1 1
429906 0.999158 1.00987 0.985532 1.01013 1 0.995786 1 1
429909 0.996641 1.01439 0.999965 1.01423 1.0168 1.02181 1.02699 1.02994
429910 1.00115 1.01063 0.997028 1.00773 1.01432 1.01345 1.02196 1.0295
429911 1.00421 1.01744 0.999081 1.00465 1.01366 1.01722 1.03372 1.0247
429912 0.997854 1.00542 0.993097 1.0085 1.00911 1.01312 1.02788 1.03245
429915 1.00363 1.00754 0.997466 1.01174 1.01417 1.01379 1.02861 1.03767
430013 1.00728 1.00052 0.998076 1.00948 0.99742 1.01064 1 1.02086
430014 1 1.02195 1 1.03163 1 1.01181 1 1
430016 1.01526 1.00962 1.0153 1.01635 1.00866 1.02558 1.03843 1.01973
430017 1.02006 1.00909 1.02733 1.02278 1.01253 1.03582 1.03215 1.02339
430022 1.01477 1.01576 1.00934 1.00841 1.01124 1.02302 1 1
430023 1.0084 1.01618 1.00707 1.00356 1.00288 1.01646 1.03507 1.01998
430024 1 1 1 1 1 1 1 1
430116 1.01579 1.00874 1.00937 1.0154 1.01411 1.016 1 1
430117 1.00649 1.00771 1 1.01404 1.01105 1.01255 1 1
430119 1 1 1 1 1 1 1 1
430120 1 1 1 1 1 1 1 1
430121 1 1 1 1 1 1 1 1
430123 1.01727 1.01682 1.00819 1.01373 1.01518 1.01957 1.03777 1.03787
430124 1.01507 1.01536 1.01727 1.00869 1.01913 1.01637 1.026 1.02454
430125 1.02241 1.029 1.02925 1.02298 1.02485 1.03333 1 1
430128 1.00787 1.00801 1 1 1 1.01111 1 1
430131 1.02844 1.00451 1.01023 1.0237 1.01516 1.02121 1.03454 1.03144
430133 1.0218 1.00895 0.992237 1.016 1.017 1.00922 1 1
430134 1.01417 1.01164 1.01181 1.01636 1.01466 1.02091 1 1.02762
430136 1 1 1 1 1 1 1 1
430141 1 1 1 1 1 1 1 1
430142 1.00719 1.0117 1.01 1.01584 0.999078 1.01106 1.02724 1.02242
430143 1.01277 1.01419 1.01158 1.01154 1.01202 1.01991 1.03367 1.03149
430234 1 1.0042 0.99954 1 1 1 1 1
430235 1 1 1.00589 1.01846 1.00334 1.02973 1 1
430236 1.01861 1.00313 1.01179 1.02007 1.01028 1.01513 1 1.03748
430237 1 1 1 1 1 1 1 1
430238 1.01125 1.00062 1 1.01904 1.01749 1.00423 1 1.03187
430239 1 1 1 1 1 1 1 1
430240 1.0148 1.0157 1.00946 1.00942 1.01802 1.02349 1.02672 1.02602
430241 1.02182 1.00662 1.00816 1.02365 1.02384 1.01064 1 1.01638
430242 1.02081 1.01846 1.01229 1.01907 1.01616 1.01844 1.03266 1.02274
430277 1.00737 1.01451 1.01809 1.00594 1.02838 1 1.03862 1
430278 1.0133 0.997331 1.01115 1.01273 1.01578 1.00598 1 1.0251
430279 1.01205 1.03083 1.00123 1.02996 1 1.02057 1.02783 1
430280 1.0136 1.02191 1.01204 1.0154 1.01083 1.01333 1.02431 1.03761
430281 1.01121 1.02259 1.00454 1.00995 1.00602 1.02316 1.03927 1.03032
430384 1 1 1 1 1 1 1 1
430386 1 1 1 1 1 1 1 1
430389 1 1 1 1 1 1 1 1
430390 1 1.00341 1.00293 1.00649 1.022 1.00297 1 1.02741
430393 1.01593 1.01448 1.00415 1.01896 1.01504 1.00992 1.04585 1.01824
430402 1.01896 1.00819 1.00909 1.00887 1.01706 1.02093 1.03264 1.02772
430406 1.01125 1.02664 1.00833 1.01547 1.01014 1.00403 1 1
430407 1.00513 1.01313 1.00921 1.01498 1 1 1.01083 1.04394
430408 1.01287 1.01652 1 1 1.04681 1.02659 1 1
430409 1.01583 1.00197 1.00908 1.01167 1.00931 1.00665 1.03652 1.02607
430414 1.02359 1.01643 1.01032 1.01607 1.02015 1.01428 1.03518 1.02861
430415 1.00884 1.01966 1.00498 1.01353 1.01511 1.01679 1.02425 1.02418
430494 1 1 1 1 1 1 1 1
430496 1.00516 0.988819 1.00224 1.00905 1.01357 1.00298 1.03445 1
430497 1.00696 1.00139 1.00111 1.00489 1 1.02392 1.02953 1.03013
430500 1.00917 1.00598 1.00829 1.00228 1.01126 1.01206 1.03928 1
430501 1.00054 1.00454 1.0028 1.01061 1.017 1.00637 1.03157 1.03584
430502 1 1 1 1 1 1 1 1
430519 1 1 1 1 1 1 1 1
430520 1.00884 1 1.00108 1 1 1.01514 1 1
430521 1.01517 1.01691 1 1.00045 1.01454 1.01183 1.02125 1.03296
430522 1 1 1 1 1 1 1 1
430524 1.00759 1.00763 1.00161 1.00716 1.01291 1.01065 1.02757 1.02373
430525 1.01636 1.01541 0.993819 1.004 1.01283 1.00945 1.02366 1.03136
430557 1.01715 1 0.991114 1.00916 1.01861 1.02894 1.03098 1
430558 1.02235 1.00963 1.00564 1.01171 0.994534 1.01593 1.03263 1.02594
430560 1 1 1 1 1 1 1 1
430562 1.01787 1.0076 0.997157 1.00907 1.01395 1.01354 1.03619 1.03135
430563 1 1 1 1 1 1 1 1
430565 1.00751 1.00286 1.00246 1.01879 1.00886 1.01492 1.03545 1.02033
430566 1.01788 1.01084 1.01008 1.02406 1.01154 1.01295 1.01766 1.03953
430594 1 1 1 1 1 1 1 1
430595 1.01405 1.00168 1.00245 1.00568 1.00553 1.00413 1.0261 1.02703
430596 1.0198 1.02886 1.01153 1.01433 1.01565 1.01909 1.02706 1.00792
430598 1.00908 1.01543 0.999645 1 1.00943 1.01034 1.02444 1.03184
430599 1.0119 1.00169 0.99638 0.998901 1.00963 1.00872 1.03627 1.02417
430600 1 1 1 1 1 1 1 1
430607 1.00438 1.01399 1.0001 1.01135 1.0012 1.01107 1 1.02954
430608 1 1 1 1 1 1 1 1
430676 1.0098 1.0095 0.978907 0.994653 1 1.00748 1 1
430679 0.989095 1.03153 1 0.998293 1 1.00909 1 1
430680 1.00228 1.01093 1.00596 1.00147 1.01547 1.00517 1 1.02703
430681 1.02578 1.01966 1.01613 1.00922 0.995409 1.00871 1.02224 1.03308
430682 1.01852 1.0098 1.00853 1.01129 1.01605 1.00294 1.02392 1.01573
430683 1.00929 1.01557 1.00539 1.00505 1.01334 1.00662 1.02816 1.03063
430692 1 1 1 1 1 1.00378 1 1
430693 1 1 1 1 1 1 1 1
430694 1.01312 1 1 1.00449 1 0.990706 1 1
430696 1.00753 1.01416 1.00033 1.0095 1 1.01288 1.02626 1.02774
430697 1.01505 1.00775 0.996261 1.00007 1.01429 1.00533 1.02948 1.03779
430699 1.01187 1.01013 0.997569 1.01213 1.01091 1.0077 1.02496 1.02087
430700 1.00848 1.02379 1.00269 1.00768 1.01494 1.01581 1.03504 1.0326
430701 1 1 1 1 1 1 1 1
430702 0.996866 1.00662 1.00847 1.00006 1.01688 1.00256 1.02767 1.01796
430905 1 1 1 1 1 1 1 1
430906 1 1 1 1 1 1 1 1
430907 1 1 1 1 1 1 1 1
430909 1 1.01398 1 1 1.01369 1.00307 1 1
430911 0.997683 1.00987 0.991586 0.996917 0.999594 0.992453 1.02829 1
430912 1.00865 1.00227 0.989845 1.02079 1.01279 1.01014 1.02716 1.02454
430913 1.0087 1 0.99858 1 1 1.01802 1 1
430914 1.00385 1 0.993107 1 1 1.00488 1 1
430920 1 1 0.994632 1 1 1 1 1
430921 1 1.0298 1.01342 1 1 1 1 1
430923 1.00485 1.00634 0.993136 1.00611 1.01315 1.0038 1 1.0367
430924 1.01341 1.02134 1 1 1.02398 1.00842 1 1
430925 1.00389 1.00962 0.986848 1.00357 1.00984 0.999742 1 1
430927 1 1 1 1 1 1 1 1
430928 1.00573 1.01068 0.986731 1.01323 1.01387 1.00471 1.04187 1.02111
430929 1 1 1 1 1 1 1 1
430930 1.00216 1.00017 0.98764 0.997196 1.01651 0.994951 1.03535 1
430931 1.00083 1.01314 0.993334 0.989154 1.02012 1.00022 1.02544 1.02519
430932 0.988918 1.00814 1.00589 1 0.994832 0.991179 1 1
430933 1.01432 1.01673 0.99927 1.0115 1.02707 1.0123 1 1.02278
430935 1 0.991328 0.994632 1 1 1.00524 1 1
430936 1.00464 1.01251 0.992721 0.999051 1.01687 1.00941 1.02699 1.02041
431020 1 1 1 1 1 1 1 1
431021 1.01252 1.0132 0.995823 1.01944 1 1.01613 1 1.03702
431022 1.0137 1.01023 0.995962 1.01015 1.01603 1.00686 1.02921 1.01793
431023 1.01761 1.0108 0.993918 1.0057 1.03247 1.00268 1 1.01777
431026 1 0.980785 1.00276 1 1 1 1 1
431027 1.00693 1.00966 1.00879 1.01283 1.01731 0.999129 1.02492 1.04016
431028 1 1 1 1 1 1 1 1
431030 1.01218 1.00922 1.00025 1.01434 1.02206 1.01876 1.03495 1.04055
431031 0.995218 1.01009 0.991991 1.00929 1.00606 1 1.01801 1
431033 1 0.980097 0.985347 0.989507 1 1.01802 1 1
431040 1.00653 1.01376 1.01037 1.01402 1.03547 1.0162 1.03888 1.04545
431122 1 1 1 1 1 1 1 1
431123 1 0.990131 1 1.00454 1 1.00611 1 1
431125 1 1 1 1 1 1 1 1
431126 1.00854 1.01398 0.990897 1.00073 1.01866 1.00247 1.02203 1.03209
431127 0.997542 1.00062 0.993225 1.00742 1.00984 1.00177 1.04393 1.03552
431130 1.00511 1.00313 0.987102 1.00442 1.02274 1.01409 1.02474 1.03255
431131 1.00533 1.00401 0.995624 1.00242 1.02408 1.0119 1.03106 1.02253
431134 1 1 1 1 1 1 1 1
431135 0.9992 1.00407 0.998027 1 1.0141 1.00648 1 1
431136 1.00596 1.01189 0.994057 0.995228 1.02208 1.00578 1.02149 1.03044
431137 1 1 1 1 1 1 1 1
431138 0.999053 1.00862 1.00441 1.00379 1.01755 1.01298 1.01897 1.02419
431139 1 1.00314 1 0.99952 1.02694 0.990233 1 1
431142 0.992977 0.993769 0.982455 1.0044 1.00785 1.0043 1 1.02434
431143 1 1 0.990749 1 1 1 1 1
431144 0.99711 1.00801 0.983181 1.01203 1.018 1.00533 1.02556 1.03383
431145 0.99935 1.01406 0.994285 1.00219 1.01335 0.998786 1.0336 1.02297
431146 1 1 1 1 1 1 1 1
431147 1.01503 1.00929 1.01105 1.00722 1.02092 1.00449 1 1.02075
431148 0.999467 0.99958 0.994314 0.998531 1.02294 1.00177 1.03092 1.02242
431149 1.00059 1.01812 1.00475 0.994257 1.03433 1.00579 1 1
431216 1 1 1 1 1 1 1 1
431217 0.997656 1.01351 0.990671 1.01022 1 1.01042 1.04116 1
431219 1.01129 1.01899 1.00247 1.00485 1.02105 1.00447 1.02913 1.02223
431220 0.998996 1.00987 0.993097 1.00425 1.02225 1.01281 1.02098 1.03371
431221 0.995795 0.999571 0.991104 1.00548 1.01989 1.01369 1.03388 1.02468
431224 1.00637 1.01259 0.999175 1.00038 1.03646 1.0139 1 1
431233 1 1 1 1 1 1 1 1
431234 0.996342 1.00899 0.995297 1.01306 1.02002 1.00468 1.03895 1
431235 0.996292 1.00155 0.994305 0.99633 1.02211 1.00089 1.02704 1.03894
431239 1.00847 1.01423 0.999204 1.00327 1.01783 1.0167 1.02533 1.02089
431240 0.987908 1.01685 1.0043 1.01122 1.01446 1.00999 1.02774 1.03357
431256 0.991861 0.995124 0.983104 0.996022 0.996901 1.00171 1 1
431257 1.00202 1.01136 0.996659 1.01162 1.02859 1 1 1.03452
431258 0.996906 1.00427 0.986653 0.992586 1.02097 1.00489 1.02989 1.0271
431259 1.00732 0.999777 0.993166 1.00289 1.02389 1.00351 1 1.03047
431260 0.993185 0.999722 0.997068 1.0057 1.02093 0.99934 1.01176 1.02221
431261 0.991072 1.00457 0.995525 0.997934 1.01919 0.999744 1.03974 1.02069
431294 1.00451 1.00301 0.992336 0.996987 1.00863 0.99989 1.02764 1
431295 0.990973 1.00113 0.999403 1.00607 1.02156 1.00021 1.0292 1.02486
431298 0.992819 1.00204 0.995317 1.0071 1.01658 1.01205 1.04345 1.02887
431299 1 0.993391 0.993978 0.992527 1 1.01331 1 1
431301 0.999261 1.01265 1.00209 1.00769 1.0271 1.00767 1.0184 1.02776
431302 0.998463 1.0111 0.98419 0.990538 1.03691 0.997596 1.04269 1.02372
431357 0.992285 0.995194 0.991508 1.00818 1 0.993919 1 1
431358 0.999032 0.994394 0.992257 1.01847 0.999533 1.00757 1.05952 1.04247
431360 0.996312 1.01352 0.993928 1.00028 1.02633 1.00876 1.02359 1
431361 1.01059 1.01355 1.00444 1.00956 1.01755 1.01726 1.02612 1.03988
431362 1 1 1 1 1 1 1 1
431428 0.997065 1.01695 0.985464 1 1.02368 1 1 1
431429 0.99499 1.00781 0.99863 0.988371 1.03057 1.00505 1.03009 1.02547
431430 0.995437 1.00426 0.989727 1.0045 1.02716 1.00005 1.02615 1.04074
431432 1.00054 1.0124 0.988442 1.00752 1.02059 1.01411 1.01454 1.02171
431437 1 1 1 1 1 1 1 1
431447 0.998764 1.01516 0.991242 1.00151 1.03313 1.01072 1.05091 1
431448 0.990894 1 1 1 1 1 1 1
431453 0.9846 0.989352 0.987151 1.00277 1.01377 1.00195 1.03276 1.02457
431454 1.00034 1.00686 0.98807 1.00119 1.02825 1.00348 1.04423 1.03667
431458 0.993849 1.00765 0.998568 1.00382 1.01867 1.00415 1.02455 1.03035
431608 1 1 1 1 1 1 1 1
431609 1 1 1 1 1 1 1 1
431612 1 1 1 1 1 1 1 1
431615 1.00685 1.00303 0.999044 0.999671 1.02093 1.00018 1 1.03773
431616 1.00327 1.00692 0.995039 1.02255 1.02284 1.00668 1 1.03427
431618 1.01102 1.01093 0.995734 1.01139 1.02514 1.01644 1.02286 1
431619 1.00381 0.997081 0.982445 1.00033 1 1.02793 1 1.01438
431620 0.997848 1.02503 0.982939 0.996211 1.01331 0.993671 1 1
431622 0.995029 1.01277 0.994582 0.997007 1.03499 1.01343 1.02557 1.03027
431717 0.998082 0.997055 0.987259 0.990469 1.0178 1.00061 1.03061 1.01641
431720 1.00459 1.01596 0.991685 1.0074 1.00946 1.00622 1 1
431725 0.989763 1.00149 0.991064 1.00759 1.02609 1.003 1.0272 1.03118
431727 0.996352 1.00206 0.987474 0.99643 1.01844 1.00338 1.02628 1.02962
431731 1.00193 1.01556 1.00667 1 1.02306 1.00336 1.03429 1
431732 0.996863 1.00651 0.995227 1.01217 1.02923 1.01371 1.03089 1.03025
431733 0.999744 1.01096 1.00182 1.01338 1.03156 1.02143 1 1.02707
431736 1.03023 1.00638 0.986136 0.998862 1.02348 0.996976 1 1
431738 1.01009 1.01267 0.997227 1.00561 1.03299 1.01943 1.0302 1.02687
431739 1.00335 1.00986 1.0041 1.00233 1.03391 1.01506 1.03393 1.02258
431744 0.995218 1.00998 1.00204 1.01126 1.0194 1.01911 1.04191 1.02835
431745 1.00247 1.00564 0.99483 1.02133 1.031 1.01921 1 1.02502
431746 1.0085 1.01147 0.999441 0.995863 1.02169 1.01087 1.02759 1.01989
431831 0.991644 0.99712 0.983579 1.00361 1.02799 1.01735 1 1.01204
431832 1.00363 1.01336 0.992791 0.993396 1.03149 1.02247 1 1
431833 1 1 0.988149 0.998731 1.02913 1.01693 1 1
431834 1.00727 1.01073 0.995287 1.01451 1.03037 1.01538 1.03844 1.01908
431835 0.996995 1.00036 0.98454 1.00209 1.02562 1.01761 1.02751 1.01948
431836 1 1 1 1 1 1 1 1
431837 1.0053 1.01859 0.991271 1.00548 1.03519 1.0158 1.02524 1.02358
431839 1 1 1 1 1 1 1 1
431840 0.997293 1.01154 0.991202 0.986544 1.02176 1.01128 1.01865 1.02166
431844 1 1 1 1 1 1 1 1
431845 1.00153 1 1 1 1 1.01896 1 1
431846 1.0007 1.01399 0.992652 1.0105 1.03265 1.0108 1 1.02701
431854 1.00309 1.01133 0.987347 1.0002 1.02421 0.99902 1.02542 1.01743
431859 0.993126 1.00113 0.976225 0.99229 1.02155 1.00483 1.03158 1.01775
431860 0.98358 1 0.976904 1.00594 1 1 1 1
431886 1 1 1 1 1 1 1 1
431888 0.995317 1.0027 0.989148 1.0061 1.0299 1.00647 1.02504 1.0153
431889 1.00805 1.01161 0.992721 1.01265 1.0133 1.0042 1.02541 1
431891 0.9927 1.00911 1.00125 1.01086 1.02754 1.00967 1.02824 1.02191
431892 1 0.990932 0.980456 0.998736 1.02062 1.00837 1 1
431893 1.0012 1.02084 0.998869 1.01692 1.03391 1.0153 1.05898 1.02817
431894 1 1 1 1 1 1 1 1
431932 1.00385 1.00652 0.983715 1 1 1.01685 1 1
431937 1.00267 1.00398 0.985883 1.01401 1.03048 1.01176 1.03822 1.02618
431938 0.99951 1.0121 0.991872 1.00049 1.01926 1.01618 1.02747 1.04294
431939 0.996342 0.997928 0.99137 1.00112 1.02523 0.996135 1.03424 1.04606
431940 0.990077 1.00849 0.977047 1.00955 1 1.00636 1 1.05534
431941 0.989311 1.00115 0.980119 1.00369 1.02187 1.00576 1.04521 1.0199
431942 0.987351 0.99706 0.989727 0.994049 1.02027 1.00101 1.01998 1.01025
431943 0.983056 0.993821 0.9842 0.999299 1 1.00016 1 1
431948 0.982717 0.997858 1 1.00709 1 1.00092 1 1
431951 1 1 1 1 1 1 1 1
431960 1 1.00809 0.976779 1 1 1 1 1
431963 0.984017 0.995898 0.994196 0.999191 1.02084 1.01491 1.02784 1.02971
431997 0.979847 1 1 1 1.04274 0.991199 1 1
432001 1 0.993855 0.970252 0.999098 1.04149 1 1 1
432007 0.975503 0.992052 0.983589 0.993455 1.02837 0.998953 1.01374 1.02774
432008 0.975923 0.999044 0.976655 0.99227 1.0301 1.0016 1.02109 1.01566
432008 0.975923 0.999044 0.976655 0.99227 1.0301 1.0016 1.02109 1.01566
432008 0.975923 0.999044 0.976655 0.99227 1.0301 1.0016 1.02109 1.01566
432008 0.975923 0.999044 0.976655 0.99227 1.0301 1.0016 1.02109 1.01566
432008 0.975923 0.999044 0.976655 0.99227 1.0301 1.0016 1.02109 1.01566
432008 0.975923 0.999044 0.976655 0.99227 1.0301 1.0016 1.02109 1.01566
432008 0.975923 0.999044 0.976655 0.99227 1.0301 1.0016 1.02109 1.01566
432008 0.975923 0.999044 0.976655 0.99227 1.0301 1.0016 1.02109 1.01566
432008 0.975923 0.999044 0.976655 0.99227 1.0301 1.0016 1.02109 1.01566
432008 0.975923 0.999044 0.976655 0.99227 1.0301 1.0016 1.02109 1.01566
432008 0.975923 0.999044 0.976655 0.99227 1.0301 1.0016 1.02109 1.01566
432008 0.975923 0.999044 0.976655 0.99227 1.0301 1.0016 1.02109 1.01566
432008 0.975923 0.999044 0.976655 0.99227 1.0301 1.0016 1.02109 1.01566
432008 0.975923 0.999044 0.976655 0.99227 1.0301 1.0016 1.02109 1.01566
432008 0.975923 0.999044 0.976655 0.99227 1.0301 1.0016 1.02109 1.01566
432008 0.975923 0.999044 0.976655 0.99227 1.0301 1.0016 1.02109 1.01566
432008 0.975923 0.999044 0.976655 0.99227 1.0301 1.0016 1.02109 1.01566
432008 0.975923 0.999044 0.976655 0.99227 1.0301 1.0016 1.02109 1.01566
432008 0.975923 0.999044 0.976655 0.99227 1.0301 1.0016 1.02109 1.01566
432008 0.975923 0.999044 0.976655 0.99227 1.0301 1.0016 1.02109 1.01566
432008 0.975923 0.999044 0.976655 0.99227 1.0301 1.0016 1.02109 1.01566
432008 0.975923 0.999044 0.976655 0.99227 1.0301 1.0016 1.02109 1.01566
432008 0.975923 0.999044 0.976655 0.99227 1.0301 1.0016 1.02109 1.01566
432008 0.975923 0.999044 0.976655 0.99227 1.0301 1.0016 1.02109 1.01566
432008 0.975923 0.999044 0.976655 0.99227 1.0301 1.0016 1.02109 1.01566
432008 0.975923 0.999044 0.976655 0.99227 1.0301 1.0016 1.02109 1.01566
432008 0.975923 0.999044 0.976655 0.99227 1.0301 1.0016 1.02109 1.01566
432008 0.975923 0.999044 0.976655 0.99227 1.0301 1.0016 1.02109 1.01566
432008 0.975923 0.999044 0.976655 0.99227 1.0301 1.0016 1.02109 1.01566
432008 0.975923 0.999044 0.976655 0.99227 1.0301 1.0016 1.02109 1.01566
432008 0.975923 0.999044 0.976655 0.99227 1.0301 1.0016 1.02109 1.01566
432008 0.975923 0.999044 0.976655 0.99227 1.0301 1.0016 1.02109 1.01566
432008 0.975923 0.999044 0.976655 0.99227 1.0301 1.0016 1.02109 1.01566
432008 0.975923 0.999044 0.976655 0.99227 1.0301 1.0016 1.02109 1.01566
432008 0.975923 0.999044 0.976655 0.99227 1.0301 1.0016 1.02109 1.01566
432008 0.975923 0.999044 0.976655 0.99227 1.0301 1.0016 1.02109 1.01566
432008 0.975923 0.999044 0.976655 0.99227 1.0301 1.0016 1.02109 1.01566
432008 0.975923 0.999044 0.976655 0.99227 1.0301 1.0016 1.02109 1.01566
432008 0.975923 0.999044 0.976655 0.99227 1.0301 1.0016 1.02109 1.01566
432008 0.975923 0.999044 0.976655 0.99227 1.0301 1.0016 1.02109 1.01566
432008 0.975923 0.999044 0.976655 0.99227 1.0301 1.0016 1.02109 1.01566
432008 0.975923 0.999044 0.976655 0.99227 1.0301 1.0016 1.02109 1.01566
432008 0.975923 0.999044 0.976655 0.99227 1.0301 1.0016 1.02109 1.01566
432008 0.975923 0.999044 0.976655 0.99227 1.0301 1.0016 1.02109 1.01566
432008 0.975923 0.999044 0.976655 0.99227 1.0301 1.0016 1.02109 1.01566
432008 0.975923 0.999044 0.976655 0.99227 1.0301 1.0016 1.02109 1.01566
432008 0.975923 0.999044 0.976655 0.99227 1.0301 1.0016 1.02109 1.01566
432008 0.975923 0.999044 0.976655 0.99227 1.0301 1.0016 1.02109 1.01566
432008 0.975923 0.999044 0.976655 0.99227 1.0301 1.0016 1.02109 1.01566
432008 0.975923 0.999044 0.976655 0.99227 1.0301 1.0016 1.02109 1.01566
432008 0.975923 0.999044 0.976655 0.99227 1.0301 1.0016 1.02109 1.01566
432008 0.975923 0.999044 0.976655 0.99227 1.0301 1.0016 1.02109 1.01566
432008 0.975923 0.999044 0.976655 0.99227 1.0301 1.0016 1.02109 1.01566
432008 0.975923 0.999044 0.976655 0.99227 1.0301 1.0016 1.02109 1.01566
432008 0.975923 0.999044 0.976655 0.99227 1.0301 1.0016 1.02109 1.01566
432008 0.975923 0.999044 0.976655 0.99227 1.0301 1.0016 1.02109 1.01566
432008 0.975923 0.999044 0.976655 0.99227 1.0301 1.0016 1.02109 1.01566
432008 0.975923 0.999044 0.976655 0.99227 1.0301 1.0016 1.02109 1.01566
432008 0.975923 0.999044 0.976655 0.99227 1.0301 1.0016 1.02109 1.01566
432008 0.975923 0.999044 0.976655 0.99227 1.0301 1.0016 1.02109 1.01566
432008 0.975923 0.999044 0.976655 0.99227 1.0301 1.0016 1.02109 1.01566
432008 0.975923 0.999044 0.976655 0.99227 1.0301 1.0016 1.02109 1.01566
432008 0.975923 0.999044 0.976655 0.99227 1.0301 1.0016 1.02109 1.01566
432008 0.975923 0.999044 0.976655 0.99227 1.0301 1.0016 1.02109 1.01566
432008 0.975923 0.999044 0.976655 0.99227 1.0301 1.0016 1.02109 1.01566
432008 0.975923 0.999044 0.976655 0.99227 1.0301 1.0016 1.02109 1.01566
432008 0.975923 0.999044 0.976655 0.99227 1.0301 1.0016 1.02109 1.01566
432008 0.975923 0.999044 0.976655 0.99227 1.0301 1.0016 1.02109 1.01566
432008 0.975923 0.999044 0.976655 0.99227 1.0301 1.0016 1.02109 1.01566
432008 0.975923 0.999044 0.976655 0.99227 1.0301 1.0016 1.02109 1.01566
432008 0.975923 0.999044 0.976655 0.99227 1.0301 1.0016 1.02109 1.01566
432008 0.975923 0.999044 0.976655 0.99227 1.0301 1.0016 1.02109 1.01566
432008 0.975923 0.999044 0.976655 0.99227 1.0301 1.0016 1.02109 1.01566
432008 0.975923 0.999044 0.976655 0.99227 1.0301 1.0016 1.02109 1.01566
432008 0.975923 0.999044 0.976655 0.99227 1.0301 1.0016 1.02109 1.01566
432008 0.975923 0.999044 0.976655 0.99227 1.0301 1.0016 1.02109 1.01566
432008 0.975923 0.999044 0.976655 0.99227 1.0301 1.0016 1.02109 1.01566
432008 0.975923 0.999044 0.976655 0.99227 1.0301 1.0016 1.02109 1.01566
432008 0.975923 0.999044 0.976655 0.99227 1.0301 1.0016 1.02109 1.01566
432008 0.975923 0.999044 0.976655 0.99227 1.0301 1.0016 1.02109 1.01566
432008 0.975923 0.999044 0.976655 0.99227 1.0301 1.0016 1.02109 1.01566
432008 0.975923 0.999044 0.976655 0.99227 1.0301 1.0016 1.02109 1.01566
432008 0.975923 0.999044 0.976655 0.99227 1.0301 1.0016 1.02109 1.01566
432008 0.975923 0.999044 0.976655 0.99227 1.0301 1.0016 1.02109 1.01566
432008 0.975923 0.999044 0.976655 0.99227 1.0301 1.0016 1.02109 1.01566
432008 0.975923 0.999044 0.976655 0.99227 1.0301 1.0016 1.02109 1.01566
432008 0.975923 0.999044 0.976655 0.99227 1.0301 1.0016 1.02109 1.01566
432008 0.975923 0.999044 0.976655 0.99227 1.0301 1.0016 1.02109 1.01566
432008 0.975923 0.999044 0.976655 0.99227 1.0301 1.0016 1.02109 1.01566
432008 0.975923 0.999044 0.976655 0.99227 1.0301 1.0016 1.02109 1.01566
432008 0.975923 0.999044 0.976655 0.99227 1.0301 1.0016 1.02109 1.01566
432008 0.975923 0.999044 0.976655 0.99227 1.0301 1.0016 1.02109 1.01566
432008 0.975923 0.999044 0.976655 0.99227 1.0301 1.0016 1.02109 1.01566
432008 0.975923 0.999044 0.976655 0.99227 1.0301 1.0016 1.02109 1.01566
432008 0.975923 0.999044 0.976655 0.99227 1.0301 1.0016 1.02109 1.01566
432008 0.975923 0.999044 0.976655 0.99227 1.0301 1.0016 1.02109 1.01566
432008 0.975923 0.999044 0.976655 0.99227 1.0301 1.0016 1.02109 1.01566
432008 0.975923 0.999044 0.976655 0.99227 1.0301 1.0016 1.02109 1.01566
432008 0.975923 0.999044 0.976655 0.99227 1.0301 1.0016 1.02109 1.01566
432008 0.975923 0.999044 0.976655 0.99227 1.0301 1.0016 1.02109 1.01566
432008 0.975923 0.999044 0.976655 0.99227 1.0301 1.0016 1.02109 1.01566
432008 0.975923 0.999044 0.976655 0.99227 1.0301 1.0016 1.02109 1.01566
432008 0.975923 0.999044 0.976655 0.99227 1.0301 1.0016 1.02109 1.01566
432008 0.975923 0.999044 0.976655 0.99227 1.0301 1.0016 1.02109 1.01566
432008 0.975923 0.999044 0.976655 0.99227 1.0301 1.0016 1.02109 1.01566
432008 0.975923 0.999044 0.976655 0.99227 1.0301 1.0016 1.02109 1.01566
432008 0.975923 0.999044 0.976655 0.99227 1.0301 1.0016 1.02109 1.01566
432008 0.975923 0.999044 0.976655 0.99227 1.0301 1.0016 1.02109 1.01566
432008 0.975923 0.999044 0.976655 0.99227 1.0301 1.0016 1.02109 1.01566
432008 0.975923 0.999044 0.976655 0.99227 1.0301 1.0016 1.02109 1.01566
432008 0.975923 0.999044 0.976655 0.99227 1.0301 1.0016 1.02109 1.01566
432008 0.975923 0.999044 0.976655 0.99227 1.0301 1.0016 1.02109 1.01566
432008 0.975923 0.999044 0.976655 0.99227 1.0301 1.0016 1.02109 1.01566
432008 0.975923 0.999044 0.976655 0.99227 1.0301 1.0016 1.02109 1.01566
432008 0.975923 0.999044 0.976655 0.99227 1.0301 1.0016 1.02109 1.01566
432008 0.975923 0.999044 0.976655 0.99227 1.0301 1.0016 1.02109 1.01566
432008 0.975923 0.999044 0.976655 0.99227 1.0301 1.0016 1.02109 1.01566
432008 0.975923 0.999044 0.976655 0.99227 1.0301 1.0016 1.02109 1.01566
432008 0.975923 0.999044 0.976655 0.99227 1.0301 1.0016 1.02109 1.01566
432008 0.975923 0.999044 0.976655 0.99227 1.0301 1.0016 1.02109 1.01566
432008 0.975923 0.999044 0.976655 0.99227 1.0301 1.0016 1.02109 1.01566
432008 0.975923 0.999044 0.976655 0.99227 1.0301 1.0016 1.02109 1.01566
432008 0.975923 0.999044 0.976655 0.99227 1.0301 1.0016 1.02109 1.01566
432008 0.975923 0.999044 0.976655 0.99227 1.0301 1.0016 1.02109 1.01566
432008 0.975923 0.999044 0.976655 0.99227 1.0301 1.0016 1.02109 1.01566
432008 0.975923 0.999044 0.976655 0.99227 1.0301 1.0016 1.02109 1.01566
432008 0.975923 0.999044 0.976655 0.99227 1.0301 1.0016 1.02109 1.01566
432008 0.975923 0.999044 0.976655 0.99227 1.0301 1.0016 1.02109 1.01566
432008 0.975923 0.999044 0.976655 0.99227 1.0301 1.0016 1.02109 1.01566
432008 0.975923 0.999044 0.976655 0.99227 1.0301 1.0016 1.02109 1.01566
432008 0.975923 0.999044 0.976655 0.99227 1.0301 1.0016 1.02109 1.01566
432008 0.975923 0.999044 0.976655 0.99227 1.0301 1.0016 1.02109 1.01566
432008 0.975923 0.999044 0.976655 0.99227 1.0301 1.0016 1.02109 1.01566
432008 0.975923 0.999044 0.976655 0.99227 1.0301 1.0016 1.02109 1.01566
432008 0.975923 0.999044 0.976655 0.99227 1.0301 1.0016 1.02109 1.01566
432008 0.975923 0.999044 0.976655 0.99227 1.0301 1.0016 1.02109 1.01566
432008 0.975923 0.999044 0.976655 0.99227 1.0301 1.0016 1.02109 1.01566
432008 0.975923 0.999044 0.976655 0.99227 1.0301 1.0016 1.02109 1.01566
432008 0.975923 0.999044 0.976655 0.99227 1.0301 1.0016 1.02109 1.01566
432008 0.975923 0.999044 0.976655 0.99227 1.0301 1.0016 1.02109 1.01566
432008 0.975923 0.999044 0.976655 0.99227 1.0301 1.0016 1.02109 1.01566
432008 0.975923 0.999044 0.976655 0.99227 1.0301 1.0016 1.02109 1.01566
432008 0.975923 0.999044 0.976655 0.99227 1.0301 1.0016 1.02109 1.01566
432008 0.975923 0.999044 0.976655 0.99227 1.0301 1.0016 1.02109 1.01566
432008 0.975923 0.999044 0.976655 0.99227 1.0301 1.0016 1.02109 1.01566
432008 0.975923 0.999044 0.976655 0.99227 1.0301 1.0016 1.02109 1.01566
432008 0.975923 0.999044 0.976655 0.99227 1.0301 1.0016 1.02109 1.01566
432008 0.975923 0.999044 0.976655 0.99227 1.0301 1.0016 1.02109 1.01566
432008 0.975923 0.999044 0.976655 0.99227 1.0301 1.0016 1.02109 1.01566
432008 0.975923 0.999044 0.976655 0.99227 1.0301 1.0016 1.02109 1.01566
432008 0.975923 0.999044 0.976655 0.99227 1.0301 1.0016 1.02109 1.01566
432008 0.975923 0.999044 0.976655 0.99227 1.0301 1.0016 1.02109 1.01566
