455792 2312.308 2331.254 2212.980 2163.465 2330.702 2390.336 940.126 940.515  -22.5898 -22.2695 -22.3657 -22.6888 -22.5411 -22.6113 -22.7766 -22.8495 
455793 2313.231 2325.514 2201.799 2165.347 2336.104 2397.663 945.924 929.657  -22.5611 -22.4579 -22.7594 -22.6152 -22.368 -22.362 -22.6121 -23.1127 
455794 2317.140 2331.471 2207.434 2181.381 2332.437 2396.634 950.555 952.133  -22.359 -22.1934 -22.4836 -21.9935 -22.4153 -22.3155 -22.448 -22.4693 
455795 2324.181 2330.858 2208.540 2175.492 2333.552 2391.363 947.650 949.873  -22.2665 -22.3352 -22.5746 -22.3141 -22.5181 -22.6326 -22.6161 -22.6653 
455832 2304.675 2318.850 2198.872 2156.022 2327.524 2384.716 942.379 948.546  -22.7965 -22.6651 -22.8337 -22.9368 -22.6227 -22.7626 -22.6767 -22.59 
455836 2320.467 2322.722 2212.425 2164.581 2335.973 2389.468 945.084 951.511  -22.3599 -22.5789 -22.4072 -22.6743 -22.4107 -22.6682 -22.608 -22.5796 
455837 2311.077 2322.029 2201.140 2164.010 2336.895 2381.003 939.161 952.019  -22.6358 -22.5793 -22.7579 -22.6446 -22.3434 -22.9285 -22.7712 -22.5415 
455874 2311.044 2320.387 2204.506 2162.883 2325.054 2391.714 939.295 944.915  -22.5636 -22.5666 -22.5951 -22.6518 -22.6818 -22.4905 -22.6995 -22.6719 
455877 2324.427 2321.460 2210.454 2169.997 2328.992 2395.662 948.860 951.538  -22.3691 -22.5622 -22.3674 -22.3895 -22.5265 -22.3352 -22.4673 -22.4652 
455896 2316.797 2326.136 2210.061 2163.205 2334.179 2395.370 950.836 948.571  -22.4156 -22.3942 -22.4333 -22.6595 -22.4013 -22.3815 -22.4145 -22.5857 
455897 2318.991 2322.319 2208.039 2172.126 2338.583 2400.629 946.433 956.518  -22.2941 -22.4855 -22.4517 -22.3067 -22.2096 -22.162 -22.5223 -22.3189 
455898 2319.993 2328.333 2215.654 2170.821 2332.597 2403.672 947.221 950.895  -22.2541 -22.2802 -22.1848 -22.3358 -22.4095 -22.0589 -22.4971 -22.4884 
455909 2313.953 2329.993 2212.179 2161.562 2338.462 2394.197 949.551 948.630  -22.5003 -22.2701 -22.3342 -22.7112 -22.2724 -22.46 -22.4806 -22.6164 
455910 2312.303 2324.964 2208.808 2167.796 2341.708 2398.227 936.134 946.801  -22.5243 -22.4162 -22.4265 -22.4561 -22.1182 -22.2656 -22.8163 -22.6576 
455911 2324.275 2329.300 2211.325 2171.822 2337.290 2394.708 955.667 956.710  -22.1002 -22.2402 -22.315 -22.29 -22.233 -22.3717 -22.2869 -22.342 
455912 2316.080 2329.644 2208.844 2181.402 2334.867 2399.725 948.930 949.610  -22.3359 -22.209 -22.3527 -21.9219 -22.2698 -22.1527 -22.4593 -22.5413 
455914 2324.452 2326.709 2206.029 2155.961 2328.221 2392.036 951.072 946.817  -22.1934 -22.4335 -22.6028 -22.9683 -22.6285 -22.5586 -22.4813 -22.7285 
455915 2318.715 2327.610 2212.040 2172.259 2337.325 2393.051 948.667 956.425  -22.3774 -22.3856 -22.3953 -22.4 -22.3355 -22.5351 -22.5153 -22.4494 
455916 2312.658 2326.916 2204.875 2168.018 2338.299 2393.378 950.781 952.444  -22.5871 -22.4044 -22.6276 -22.5359 -22.2876 -22.4839 -22.4461 -22.5468 
455917 2315.563 2325.805 2210.510 2172.715 2333.827 2386.229 946.957 958.493  -22.5093 -22.4585 -22.4658 -22.4135 -22.4634 -22.7678 -22.5345 -22.3824 
455918 2310.452 2322.201 2210.394 2170.703 2335.889 2391.713 951.078 951.510  -22.5959 -22.527 -22.4121 -22.4083 -22.3237 -22.4927 -22.4237 -22.5256 
455919 2317.375 2327.374 2210.951 2172.711 2330.173 2393.005 939.164 947.583  -22.4492 -22.4177 -22.4704 -22.4323 -22.5953 -22.5336 -22.7679 -22.6858 
455950 2305.983 2308.660 2207.456 2160.859 2316.951 2385.210 937.078 945.756  -22.7863 -23.0224 -22.5864 -22.8293 -23.0063 -22.7524 -22.7581 -22.7092 
455951 2313.017 2320.148 2207.749 2167.526 2329.944 2392.628 943.204 949.172  -22.5106 -22.5779 -22.5286 -22.5444 -22.5206 -22.4528 -22.5476 -22.563 
455952 2316.562 2319.931 2208.502 2168.040 2333.826 2391.566 945.168 950.593  -22.3597 -22.5605 -22.4632 -22.4836 -22.3562 -22.4466 -22.4828 -22.5056 
455953 2322.986 2328.078 2211.941 2172.545 2336.969 2398.077 947.919 953.014  -22.1302 -22.2695 -22.3287 -22.3156 -22.2522 -22.2288 -22.4195 -22.4355 
455954 2319.675 2332.556 2209.428 2174.089 2342.297 2403.442 954.336 957.037  -22.2342 -22.1307 -22.4007 -22.2424 -22.085 -22.0469 -22.2755 -22.3509 
455979 2311.110 2327.406 2211.222 2169.442 2337.089 2391.644 943.029 951.386  -22.5283 -22.3078 -22.3595 -22.4151 -22.2712 -22.4652 -22.5739 -22.5109 
455980 2322.505 2325.853 2212.688 2166.313 2339.438 2397.171 954.067 956.586  -22.1484 -22.3634 -22.2948 -22.5073 -22.2028 -22.2863 -22.2949 -22.3771 
455981 2312.073 2327.368 2209.772 2170.594 2333.829 2396.933 948.777 955.393  -22.4633 -22.2891 -22.395 -22.3561 -22.3623 -22.2604 -22.3957 -22.3834 
455982 2319.633 2327.401 2211.716 2170.769 2340.929 2401.044 953.974 952.357  -22.2274 -22.2958 -22.321 -22.3381 -22.1329 -22.1338 -22.2784 -22.4774 
455983 2320.626 2328.561 2213.631 2167.839 2342.760 2397.110 945.582 948.912  -22.2943 -22.3151 -22.3336 -22.5214 -22.147 -22.3316 -22.524 -22.6384 
455985 2322.619 2329.917 2217.376 2168.633 2336.265 2397.244 950.150 958.293  -22.1353 -22.2072 -22.1339 -22.425 -22.2838 -22.2509 -22.3673 -22.3072 
455986 2321.335 2331.048 2213.883 2180.560 2340.353 2394.116 951.531 958.337  -22.1337 -22.136 -22.204 -21.965 -22.1076 -22.3255 -22.3246 -22.2665 
455987 2319.798 2325.630 2214.421 2175.395 2328.161 2387.258 944.450 948.711  -22.2366 -22.3634 -22.2552 -22.2123 -22.5566 -22.608 -22.5338 -22.5759 
456015 2315.999 2326.406 2209.812 2166.889 2337.092 2391.888 944.978 956.711  -22.4029 -22.3754 -22.4224 -22.5203 -22.2897 -22.4801 -22.526 -22.3786 
456016 2308.971 2321.455 2206.299 2162.700 2329.083 2383.287 937.073 937.959  -22.7236 -22.6151 -22.6428 -22.7637 -22.6427 -22.8695 -22.7697 -22.9408 
456017 2320.861 2331.294 2211.050 2164.736 2335.512 2395.997 949.367 957.592  -22.2236 -22.1949 -22.3637 -22.5833 -22.3374 -22.3384 -22.4122 -22.3484 
456021 2319.330 2328.009 2214.130 2169.923 2337.335 2396.667 950.762 959.429  -22.2389 -22.2764 -22.2293 -22.3713 -22.254 -22.2935 -22.3763 -22.2767 
456022 2323.316 2334.528 2213.494 2173.548 2337.911 2405.906 951.152 956.011  -22.1194 -22.0758 -22.283 -22.2848 -22.2303 -21.9871 -22.3778 -22.377 
456023 2300.710 2337.451 2207.694 2160.245 2308.163 2400.047 955.460 964.469  -22.8925 -21.9939 -22.4751 -22.7303 -23.2458 -22.1999 -22.2823 -22.1451 
456024 2316.317 2331.335 2216.919 2173.625 2343.134 2400.672 955.275 956.083  -22.3411 -22.1594 -22.1455 -22.2611 -22.023 -22.1417 -22.2496 -22.359 
456025 2318.695 2329.419 2210.694 2170.291 2328.484 2399.982 948.608 957.210  -22.2424 -22.2036 -22.3205 -22.342 -22.4821 -22.1503 -22.4256 -22.3232 
456083 2312.543 2323.497 2208.993 2176.777 2329.285 2386.698 946.547 951.897  -22.5608 -22.5006 -22.4761 -22.2036 -22.5384 -22.6978 -22.5523 -22.5479 
456084 2318.721 2332.395 2210.998 2163.276 2329.453 2388.190 947.030 942.729  -22.3779 -22.2244 -22.4267 -22.7 -22.5741 -22.6802 -22.5473 -22.8068 
456085 2332.285 2317.731 2201.217 2149.509 2330.767 2382.068 953.416 912.894  -21.9824 -22.7877 -22.8473 -23.2702 -22.6158 -22.9848 -22.4572 -23.4324 
456086 2298.242 2323.032 2206.952 2167.173 2343.535 2398.829 954.235 943.674  -23.0935 -22.5598 -22.6084 -22.5962 -22.1425 -22.3362 -22.3756 -22.796 
456087 2321.705 2332.234 2210.271 2168.378 2333.490 2399.777 950.666 946.391  -22.2879 -22.2452 -22.4741 -22.5373 -22.4724 -22.3039 -22.475 -22.7278 
456088 2321.875 2330.001 2211.922 2176.281 2339.333 2400.243 955.999 954.582  -22.2376 -22.2791 -22.3921 -22.2394 -22.2364 -22.2267 -22.3229 -22.4612 
456089 2321.508 2327.062 2217.782 2168.880 2338.202 2391.702 947.044 948.901  -22.2767 -22.3986 -22.2077 -22.5107 -22.2887 -22.543 -22.5818 -22.6323 
456090 2319.213 2330.980 2218.343 2170.938 2338.432 2397.329 956.131 955.468  -22.3602 -22.2768 -22.2134 -22.4553 -22.2991 -22.3525 -22.3432 -22.4641 
456106 2319.137 2325.611 2213.350 2168.441 2329.119 2398.656 945.982 948.561  -22.4179 -22.4904 -22.4216 -22.5943 -22.6478 -22.3339 -22.5938 -22.687 
456107 2319.283 2330.166 2209.177 2166.733 2334.546 2396.768 949.297 952.859  -22.3272 -22.2877 -22.4998 -22.5883 -22.4015 -22.3486 -22.5011 -22.523 
456109 2314.495 2318.464 2208.261 2170.712 2346.809 2405.009 938.194 959.902  -22.5639 -22.7453 -22.6162 -22.5179 -22.0691 -22.1464 -22.8083 -22.4031 
456110 2321.740 2332.719 2217.877 2169.915 2339.395 2399.742 952.310 957.758  -22.3014 -22.2448 -22.2589 -22.5354 -22.2882 -22.2841 -22.4505 -22.4314 
456111 2325.813 2330.270 2212.321 2177.218 2338.092 2402.025 953.538 951.783  -22.1603 -22.2961 -22.4274 -22.2516 -22.3123 -22.1842 -22.4117 -22.5792 
456112 2325.023 2331.785 2213.692 2170.265 2338.008 2397.785 957.472 961.043  -22.1481 -22.2365 -22.3471 -22.4701 -22.3032 -22.343 -22.2862 -22.317 
456113 2319.022 2328.331 2220.958 2176.540 2332.591 2398.107 954.500 960.925  -22.3775 -22.3589 -22.1248 -22.2816 -22.5009 -22.3368 -22.4048 -22.3382 
456141 2321.952 2327.101 2217.284 2169.320 2337.826 2394.704 953.218 959.281  -22.2492 -22.3507 -22.1979 -22.4738 -22.2814 -22.3931 -22.3772 -22.344 
456142 2322.439 2328.119 2210.692 2176.448 2333.618 2397.869 958.189 957.377  -22.1947 -22.2738 -22.3937 -22.1937 -22.3747 -22.2249 -22.2106 -22.3442 
456144 2321.655 2325.637 2211.368 2174.817 2335.994 2397.987 952.997 952.111  -22.2112 -22.3469 -22.3595 -22.2428 -22.2823 -22.1972 -22.3479 -22.4726 
456145 2324.504 2331.049 2214.945 2174.220 2340.284 2398.027 956.268 956.995  -22.1155 -22.1587 -22.2099 -22.2305 -22.1303 -22.1869 -22.269 -22.3306 
456200 2300.256 2328.662 2209.520 2165.323 2323.540 2380.962 955.117 940.299  -20.6022 -22.3241 -22.5641 -22.7085 -22.7973 -22.908 -22.3653 -22.88 
456201 2321.866 2332.260 2214.981 2176.650 2334.894 2400.514 953.483 960.259  -19.9259 -22.1965 -22.3141 -22.2521 -22.3787 -22.1888 -22.3811 -22.3128 
456203 2325.586 2325.104 2209.202 2173.765 2326.862 2395.768 948.671 946.247  -19.8568 -22.4762 -22.5592 -22.403 -22.6926 -22.4173 -22.5572 -22.743 
456207 2315.575 2325.379 2207.262 2173.179 2330.899 2395.978 950.181 955.400  -20.09 -22.3828 -22.4107 -22.2133 -22.4826 -22.3453 -22.4489 -22.4017 
456208 2324.476 2326.303 2214.229 2169.336 2335.344 2394.674 951.321 958.405  -19.805 -22.3199 -22.198 -22.3672 -22.33 -22.3842 -22.3953 -22.306 
456209 2317.630 2328.926 2213.200 2170.358 2333.785 2398.005 954.519 952.042  -20.0127 -22.2473 -22.2706 -22.3723 -22.3804 -22.26 -22.3064 -22.4835 
456211 2317.332 2330.025 2219.031 2172.039 2337.095 2400.410 950.233 951.874  -20.0527 -22.2426 -22.124 -22.363 -22.2762 -22.1745 -22.4596 -22.5263 
456212 2330.704 2331.845 2205.302 2164.790 2331.979 2382.463 937.194 953.760  -19.7524 -22.2744 -22.7062 -22.7307 -22.53 -22.9056 -22.8278 -21.2698 
