454774	0.2318	0.226132	0.203835	0.18987	0.312972	0.27729	-0.179519	-0.280303
454777	0.277106	0.314257	0.335223	0.314187	0.39619	0.308688	-0.10022	-0.0959492
454778	0.363844	0.330792	0.304479	0.367489	0.378865	0.425797	0.127439	0.03653
454782	0.337359	0.369542	0.382531	0.411775	0.381848	0.378213	0.0571118	-0.003197
454783	0.495998	0.490402	0.379057	0.407997	0.488282	0.471866	0.159929	0.189224
454784	0.350699	0.330398	0.544042	0.404798	0.437996	0.467295	0.0701127	0.226433
454785	0.435286	0.455723	0.480249	0.491438	0.534987	0.489967	0.137038	0.266232
454786	0.458306	0.462561	0.537777	0.347581	0.566991	0.423924	0.0177966	0.196245
454789	0.464514	0.524229	0.587109	0.587097	0.60673	0.562613	0.240435	0.435864
454794	0.118264	0.136225	0.12873	-0.0164575	0.0211938	0.0284397	-0.278156	-0.333264
454797	0.247311	0.198384	0.18948	0.126106	0.237542	0.235031	-0.199169	-0.116849
454798	0.244347	0.258353	0.351882	0.244405	0.339361	0.266129	-0.0430818	-0.0639547
454799	0.298768	0.29805	0.303686	0.272812	0.342802	0.28757	0.0188279	0.00707632
454800	0.295422	0.33866	0.346158	0.340223	0.362533	0.409228	-0.0014853	0.117727
454802	0.328787	0.351396	0.341041	0.315133	0.375004	0.346799	0.107117	0.0633654
454808	0.280841	0.297201	0.303745	0.314421	0.345185	0.276787	0.043425	-0.0249199
454809	0.308017	0.295634	0.338746	0.308526	0.342088	0.315742	0.0848761	-0.0355939
454810	0.275912	0.309564	0.307354	0.313329	0.356156	0.314752	0.0614363	0.100825
454811	0.295095	0.308767	0.330006	0.346842	0.368422	0.318057	0.0779365	0.0642801
454933	0.0624786	-0.0111231	-0.0877978	-0.0793685	0.0670735	-0.0227432	-0.456928	-0.781309
454934	0.15824	0.115602	0.0820116	0.0851436	0.141496	0.127852	-0.298032	-0.404789
454935	0.24543	0.191562	0.129271	0.17178	0.219571	0.209235	-0.193385	-0.285524
454936	0.247055	0.224043	0.210656	0.200278	0.241028	0.242536	-0.0920979	-0.191899
454937	0.278943	0.222714	0.219031	0.270442	0.312083	0.268032	-0.0436148	-0.0894809
454943	0.160665	0.143707	0.169338	0.160088	0.226098	0.172547	-0.174103	-0.309704
454944	0.249813	0.240701	0.251121	0.250091	0.282921	0.240128	-0.0268587	-0.0770693
454945	0.328612	0.301075	0.301074	0.26461	0.36812	0.293918	-0.0360052	-0.0840563
454946	0.323755	0.345786	0.356435	0.32368	0.364288	0.410256	0.0946611	0.00522546
454947	0.398163	0.381229	0.391247	0.404222	0.4214	0.464152	0.132184	0.0780609
454948	0.441065	0.365459	0.444551	0.38769	0.471116	0.429643	0.162978	0.143394
455049	0.159007	0.0846381	0.0607858	0.0241856	0.132101	0.117465	-0.426272	-0.527081
455050	0.151451	0.13883	0.140992	0.115184	0.18054	0.141149	-0.17434	-0.357354
455051	0.234232	0.204451	0.16254	0.143323	0.209857	0.202303	-0.135055	-0.237426
455052	0.25611	0.263662	0.242735	0.232243	0.269744	0.226863	-0.0398856	-0.126114
455053	0.288199	0.278723	0.292433	0.269896	0.330583	0.275092	0.0469844	-0.095624
455056	0.249631	0.221839	0.209736	0.212919	0.207791	0.237685	-0.0533831	-0.282097
455060	0.270125	0.311475	0.285745	0.298499	0.306557	0.276641	0.305783	-0.114038
455071	0.0248191	0.0513332	-0.0546149	0.0214944	0.105312	0.0286612	-1.50155	-0.671249
455073	0.0804135	0.10298	0.111733	0.153725	0.164694	0.128908	-1.33473	-0.448285
455074	0.14667	0.174677	0.162985	0.149375	0.184268	0.180356	-0.216352	-0.316765
455077	0.205668	0.196937	0.193268	0.228939	0.210966	0.159194	-0.115543	-0.271959
455078	0.24469	0.234593	0.21892	0.214709	0.249321	0.28399	-0.121193	-0.146636
455080	0.290805	0.233277	0.275638	0.264877	0.292716	0.26507	-0.000761885	-0.0955463
455081	0.270642	0.2889	0.291152	0.268968	0.334191	0.301339	-0.0522935	-0.0945276
455082	0.325905	0.316584	0.360343	0.342765	0.367016	0.340435	0.18967	-0.0230445
455083	0.318325	0.336554	0.344717	0.437799	0.358014	0.24722	0.0888951	-0.000299978
455200	0.132701	0.156295	0.128233	0.0972845	0.178099	0.13782	-0.313137	-0.421843
455201	0.236191	0.2172	0.19259	0.197643	0.231052	0.215814	-0.0933306	-0.267849
455202	0.288633	0.265815	0.264655	0.269811	0.277618	0.275138	-0.0453092	-0.142276
455203	0.322293	0.314621	0.314817	0.2731	0.323232	0.337593	-0.0124209	-0.0862336
455206	-0.00411311	-0.0483603	-0.0908442	-0.105577	0.0140931	-0.0093752	-0.63734	-0.859045
455207	0.0518185	0.0721924	0.0239635	0.0175757	0.0539805	0.0515608	-0.40083	-0.49658
455208	0.0760867	0.0824519	0.0439002	0.0679034	0.0651055	0.100236	-0.29303	-0.490326
455209	0.130308	0.1259	0.0537097	0.102953	0.132332	0.130356	-0.435204	-0.413104
455211	0.203441	0.167009	0.116831	0.125076	0.185579	0.161365	-0.188615	-0.307697
455212	0.159618	0.146978	0.146173	0.158181	0.139476	0.203455	-0.130675	-0.363714
455213	0.20008	0.245984	0.182884	0.257509	0.19776	0.200043	-0.204036	-0.310317
455218	0.151731	0.138423	0.0985391	0.0563409	0.136093	0.168508	-0.235348	-0.416808
455220	0.235321	0.217811	0.186606	0.234913	0.229001	0.345423	-0.148895	-0.245927
455221	0.323302	0.296527	0.327289	0.275616	0.326893	0.291524	-0.0131443	-0.100629
455223	0.33835	0.314963	0.292994	0.289077	0.368999	0.320069	0.0262523	-0.0956313
455302	0.10867	0.00129324	0.0209703	0.0246069	0.102128	0.135557	-0.453607	-0.560769
455303	0.142943	0.144371	0.103831	0.108873	0.126	0.128602	-0.257973	-0.37407
455304	0.168557	0.168765	0.140318	0.121526	0.191244	0.143048	-0.184615	-0.325678
455306	0.187239	0.233669	0.1628	0.0992612	0.202691	0.191552	-1.28009	-0.338783
455351	0.212351	0.194572	0.190654	0.13459	0.210666	0.0233075	-0.203858	-0.208734
455353	0.202556	0.244842	0.159769	0.143224	0.219357	0.156623	-0.149301	-0.121651
455355	0.239228	0.18946	0.194878	0.104827	0.232817	0.119248	-0.159443	-0.162412
455362	0.10003	-0.0524512	-0.0513963	-0.00190522	-0.0528309	-0.0937381	-0.610212	-0.696439
455363	0.0855013	0.0721191	0.046995	-0.000302981	0.0451814	0.0152287	-0.371327	-0.51753
455364	0.148736	0.0888836	0.0833345	0.0817001	0.14678	0.0648829	-0.267631	-0.381804
455366	0.206391	0.204081	0.170053	0.155371	0.218196	0.148383	-0.104142	-0.18553
455367	0.153307	0.192548	0.162571	0.158125	0.279842	0.0797102	-0.21711	-0.215455
455446	-0.0802298	-0.141029	-0.122948	-0.110882	-0.000419006	-0.184022	-0.736133	-0.830228
455450	0.140622	0.123864	0.0673018	0.0516206	0.130342	0.00334098	-0.252376	-0.323573
455451	0.197491	0.191868	0.149217	0.160356	0.17168	0.0942772	-0.143679	-0.221551
455452	0.250374	0.188356	0.187811	0.155245	0.232678	0.0687588	-0.084132	-0.254286
455476	0.185145	0.194324	0.116337	0.129384	0.168728	0.0747143	-0.220661	-0.320106
455477	0.224773	0.234675	0.157881	0.16316	0.216372	0.17013	-0.190781	-0.159245
455478	0.220894	0.232366	0.184048	0.206085	0.223228	0.142766	-0.210508	-0.138542
455545	0.139933	0.156642	0.0957672	0.0555351	0.110555	0.0571565	-0.456624	-0.27669
455547	0.230791	0.215114	0.196742	0.189747	0.220474	0.131914	-0.163111	-0.202611
455550	0.184714	0.255153	0.163744	0.221192	0.227288	0.167612	-0.188448	-0.325031
455551	0.258464	0.26335	0.241964	0.20372	0.294496	0.145154	-0.145459	-0.148481
455552	0.353155	0.289784	0.262799	0.279647	0.317764	0.210875	-0.0828433	-0.10168
455585	-0.278789	-0.200135	-0.301522	-0.231792	-0.282891	-0.290632	-1.68189	-1.33563
455586	-0.0393343	-0.131222	-0.261981	-0.230092	-0.097126	-0.158585	-1.05371	-1.08626
455587	-0.0694376	-0.073081	-0.0849015	-0.0529314	-0.0105082	-0.0795822	-0.898786	-0.809707
455589	0.0385986	-0.0178615	-0.08102	0.0138284	0.00674209	-0.0931818	-0.569393	-0.873586
455592	0.0843665	0.0614641	0.0649794	-0.0114003	0.127154	0.0449031	-0.666166	-0.499198
455604	0.125708	0.149401	0.0627731	0.0728666	0.12899	0.0145461	-0.354356	-0.330659
455605	0.151296	0.151471	0.138011	0.0888102	0.13781	0.0259346	-0.27549	-0.323187
455637	-0.692144	-0.249234	-0.571416	-0.382758	-0.594088	-0.607462	-1.45709	-2.54646
455638	-0.295562	-0.333613	-0.375591	-0.35887	-0.306402	-0.239308	-1.4172	-1.49132
455639	-0.164225	-0.251779	-0.299645	-0.225649	-0.347179	-0.239827	-1.42995	-1.5535
