454774 2303.472 2307.872 2174.072 2132.962 2326.381 2387.484 931.574 937.088  -22.4027 -22.5668 -22.339 -22.4563 -22.3592 -22.2735 -23.0916 -23.0576 
454777 2307.511 2313.572 2180.525 2137.453 2330.679 2393.000 942.374 936.675  -22.1845 -22.3107 -22.0853 -22.2545 -22.1378 -21.9895 -22.7425 -22.9864 
454778 2311.689 2318.363 2179.763 2142.223 2333.768 2392.988 948.426 950.676  -22.0207 -22.1234 -22.12 -22.093 -22.0358 -21.997 -22.6154 -22.5615 
454782 2312.650 2321.570 2186.009 2149.885 2333.940 2391.755 945.251 948.899  -21.9932 -22.0299 -21.8992 -21.8076 -22.0088 -22.0216 -22.6664 -22.6047 
454783 2319.924 2326.254 2184.309 2144.394 2335.830 2398.327 953.576 951.147  -21.7181 -21.8729 -21.9472 -21.9917 -21.9364 -21.7889 -22.4505 -22.5219 
454784 2310.859 2320.781 2191.509 2141.570 2336.458 2391.610 948.343 945.120  -22.0385 -22.0394 -21.7278 -22.1136 -21.9258 -22.0304 -22.624 -22.7137 
454785 2316.280 2325.479 2190.417 2146.718 2340.499 2399.019 957.375 953.589  -21.8356 -21.8679 -21.7439 -21.9124 -21.7753 -21.749 -22.3131 -22.4364 
454786 2323.093 2333.361 2197.619 2150.783 2346.452 2407.984 959.954 958.988  -21.8289 -21.7911 -21.6623 -21.9174 -21.7358 -21.6712 -22.3917 -22.4477 
454789 2319.898 2332.920 2190.339 2152.547 2344.765 2405.221 965.095 962.324  -21.7869 -21.6823 -21.7719 -21.7287 -21.7111 -21.6376 -22.1774 -22.2772 
454794 2296.650 2300.637 2164.103 2116.847 2307.059 2361.116 925.452 924.990  -22.7065 -22.8746 -22.7698 -23.1088 -23.0593 -23.3023 -23.3868 -23.4827 
454797 2304.185 2311.673 2168.429 2125.934 2325.138 2382.286 941.454 935.805  -22.3896 -22.4592 -22.5557 -22.706 -22.4219 -22.5122 -22.9031 -23.1414 
454798 2302.758 2313.256 2183.255 2136.893 2324.205 2389.098 942.263 945.726  -22.4508 -22.4337 -22.1051 -22.3773 -22.4745 -22.2873 -22.9264 -22.8496 
454799 2307.360 2317.151 2175.298 2135.006 2328.277 2389.593 944.576 945.229  -22.2505 -22.2748 -22.324 -22.3797 -22.3145 -22.2427 -22.8036 -22.8275 
454800 2311.070 2320.621 2180.528 2140.864 2335.151 2392.099 949.426 947.831  -22.1592 -22.2004 -22.1593 -22.185 -22.1093 -22.1697 -22.6956 -22.7866 
454802 2312.637 2321.369 2180.395 2137.054 2334.322 2393.245 949.040 950.396  -22.0784 -22.1215 -22.1179 -22.2735 -22.1239 -22.108 -22.6896 -22.7048 
454808 2309.402 2316.549 2174.664 2135.852 2330.174 2390.361 943.065 944.785  -22.2046 -22.303 -22.3335 -22.3319 -22.2774 -22.2338 -22.8376 -22.8872 
454809 2308.849 2317.162 2178.294 2138.074 2331.186 2391.295 943.563 949.468  -22.2335 -22.2748 -22.2346 -22.2848 -22.2374 -22.1934 -22.8157 -22.7724 
454810 2309.602 2318.785 2179.257 2138.919 2331.316 2392.440 949.155 950.054  -22.2022 -22.2218 -22.207 -22.2644 -22.2172 -22.1438 -22.6788 -22.7264 
454811 2311.622 2322.211 2180.798 2142.735 2332.989 2392.553 949.657 953.125  -22.1556 -22.1299 -22.1811 -22.1526 -22.1705 -22.1538 -22.6609 -22.6256 
454933 2283.869 2288.623 2142.706 2106.202 2301.588 2365.086 906.307 915.596  -23.0723 -23.2206 -23.4297 -23.3827 -23.2025 -23.1031 -23.7252 -23.6578 
454934 2291.539 2298.471 2156.307 2116.251 2313.535 2370.434 920.241 922.394  -22.7206 -22.8036 -22.8415 -22.9127 -22.7353 -22.8456 -23.3494 -23.4168 
454935 2300.345 2305.552 2159.987 2123.827 2319.423 2377.615 928.450 929.957  -22.4164 -22.5583 -22.7092 -22.6377 -22.5357 -22.5806 -23.153 -23.2184 
454936 2300.356 2308.473 2165.931 2126.362 2323.837 2379.711 931.282 937.045  -22.3913 -22.4517 -22.4979 -22.5392 -22.3883 -22.5109 -23.0421 -22.9859 
454937 2304.378 2308.958 2167.541 2133.925 2326.168 2386.555 937.944 941.922  -22.2721 -22.4459 -22.4512 -22.2764 -22.3169 -22.2726 -22.8635 -22.8659 
454943 2295.133 2304.166 2166.330 2126.534 2319.133 2381.213 929.193 934.418  -22.6962 -22.7089 -22.6121 -22.6696 -22.6518 -22.5731 -23.2286 -23.1883 
454944 2300.552 2310.458 2170.446 2130.755 2323.249 2386.739 938.588 941.069  -22.3859 -22.3886 -22.368 -22.4099 -22.409 -22.3766 -22.8235 -22.8659 
454945 2308.038 2314.923 2173.648 2131.158 2326.468 2392.282 938.653 939.799  -22.1187 -22.2125 -22.2423 -22.3843 -22.2858 -22.071 -22.8124 -22.8992 
454946 2310.513 2320.771 2179.088 2136.844 2335.625 2392.781 944.213 950.822  -22.0621 -22.0576 -22.0749 -22.1954 -22.019 -22.0926 -22.6564 -22.5873 
454947 2315.681 2323.360 2181.166 2143.320 2338.583 2395.803 949.554 953.855  -21.8686 -21.9601 -22.0161 -21.9805 -21.9067 -21.9656 -22.5213 -22.4994 
454948 2318.016 2322.117 2184.698 2141.486 2338.707 2398.775 952.368 956.026  -21.7961 -22.0123 -21.902 -22.045 -21.9013 -21.8624 -22.424 -22.4313 
455049 2293.929 2296.755 2152.802 2113.602 2313.376 2370.773 917.384 917.920  -22.7261 -22.9483 -23.0641 -23.1189 -22.8293 -22.9038 -23.464 -23.6048 
455050 2293.290 2302.228 2162.103 2121.714 2317.001 2375.218 924.955 931.228  -22.7252 -22.7476 -22.7237 -22.8082 -22.6954 -22.7409 -23.2376 -23.2344 
455051 2302.230 2308.050 2163.979 2123.944 2322.150 2377.638 931.465 934.407  -22.4052 -22.5401 -22.6502 -22.7207 -22.5091 -22.6337 -23.0674 -23.1623 
455052 2303.094 2313.184 2169.974 2130.408 2323.873 2383.176 936.339 939.565  -22.3655 -22.3702 -22.4355 -22.4805 -22.4555 -22.4465 -22.9123 -22.9971 
455053 2307.163 2316.198 2174.516 2133.789 2328.296 2389.808 939.528 945.358  -22.2779 -22.3299 -22.3734 -22.4547 -22.3752 -22.2719 -22.9028 -22.8947 
455056 2299.850 2307.034 2166.483 2128.521 2323.550 2375.429 927.727 936.074  -22.4099 -22.4978 -22.5148 -22.5091 -22.3987 -22.6269 -23.1328 -23.0315 
455060 2302.127 2316.076 2172.692 2135.459 2327.178 2384.971 936.407 969.762  -22.3199 -22.1946 -22.3011 -22.2621 -22.2815 -22.2895 -22.8831 -21.975 
455062 2302.893 2311.854 2176.819 2145.578 2334.005 2387.691 938.528 938.893  -22.3802 -22.4333 -22.2878 -22.0247 -22.1395 -22.3032 -22.8916 -21.9647 
455063 2313.119 2326.485 2176.350 2139.671 2346.422 2393.277 943.370 948.372  -22.0403 -21.9415 -22.279 -22.205 -21.7661 -22.1063 -22.7274 -21.684 
455064 2314.161 2320.720 2180.553 2141.801 2353.396 2396.897 946.697 953.865  -21.9991 -22.111 -22.1321 -22.1212 -8.76801 -21.9465 -22.6057 -21.5108 
455065 2310.567 2324.481 2187.648 2141.771 2339.959 2392.257 951.179 952.218  -22.1438 -22.0235 -21.9673 -22.2733 -22.1919 -22.1497 -22.5235 -21.6027 
455066 2321.968 2330.467 2187.174 2147.621 2341.508 2398.994 949.919 953.145  -21.7735 -21.8401 -21.9898 -22.0346 -22.0056 -21.9383 -22.493 -21.5003 
455071 2279.953 2294.928 2149.571 2119.732 2307.891 2370.426 911.966 917.996  -23.2761 -23.0677 -23.3738 -23.0782 -23.069 -22.965 -23.596 -22.5185 
455073 2286.715 2300.336 2163.727 2127.432 2315.936 2373.653 920.035 923.927  -22.9662 -22.8213 -22.8151 -22.7452 -22.7243 -22.7852 -23.3769 -22.3322 
455074 2291.466 2304.057 2163.735 2124.046 2317.533 2372.791 923.569 928.122  -22.7431 -22.6369 -22.7181 -22.7746 -22.6181 -22.7388 -23.207 -23.3047 
455077 2297.212 2306.413 2166.692 2131.354 2314.566 2376.387 926.614 932.591  -22.5401 -22.5479 -22.5955 -22.4856 -22.6971 -22.5971 -23.1469 -23.1018 
455078 2300.677 2310.340 2169.153 2130.239 2326.773 2379.320 932.331 932.290  -22.4004 -22.3845 -22.4962 -22.5116 -22.2764 -22.4831 -22.9364 -23.0851 
455080 2305.536 2309.653 2174.618 2135.006 2324.327 2382.866 936.357 941.859  -22.2522 -22.4207 -22.3786 -22.4141 -22.3592 -22.3578 -22.8321 -22.8068 
455081 2305.851 2317.206 2178.353 2137.716 2329.879 2389.159 938.193 939.322  -22.3106 -22.2422 -22.3395 -22.3971 -22.2407 -22.2176 -22.8156 -22.9431 
455082 2313.090 2319.120 2183.296 2143.536 2332.773 2391.603 942.877 949.306  -22.0625 -22.1679 -22.2166 -22.2372 -22.135 -22.1248 -22.7043 -22.7617 
455083 2310.621 2322.364 2182.274 2147.863 2325.011 2391.353 944.596 949.386  -22.1694 -22.0936 -22.2632 -22.0942 -22.4086 -22.1693 -22.6671 -22.6691 
455200 2290.353 2303.248 2169.968 2128.128 2311.971 2373.537 919.698 920.031  -22.803 -22.658 -22.7662 -22.8819 -22.7565 -22.689 -23.2933 -23.4381 
455201 2301.597 2309.328 2174.526 2137.281 2320.749 2378.298 927.324 935.146  -22.4156 -22.4599 -22.6102 -22.558 -22.4697 -22.5357 -23.0851 -23.0118 
455202 2304.078 2311.337 2180.615 2142.447 2323.201 2380.257 931.545 936.719  -22.2789 -22.3395 -22.4316 -22.4109 -22.3454 -22.4084 -22.9574 -22.9302 
455203 2308.264 2316.510 2189.188 2147.153 2329.400 2385.218 936.458 940.413  -22.1515 -22.1914 -22.2585 -22.3608 -22.1499 -22.2482 -22.8097 -22.8282 
455206 2275.928 2284.903 2161.589 2124.540 2299.143 2357.065 901.582 904.784  -23.3516 -23.3673 -23.3698 -23.3148 -23.2385 -23.3347 -23.7449 -23.8246 
455207 2284.258 2296.316 2167.658 2129.783 2304.677 2362.721 916.125 916.604  -23.0667 -22.9921 -23.0986 -23.0689 -23.0624 -23.1493 -23.424 -23.5642 
455208 2286.968 2296.887 2174.918 2136.275 2310.699 2364.662 917.066 922.547  -22.9815 -22.9706 -22.8999 -22.895 -22.8686 -23.0925 -23.4032 -23.4259 
455209 2291.520 2300.680 2173.704 2136.779 2311.360 2370.002 920.945 923.530  -22.7877 -22.8236 -22.9224 -22.8527 -22.8174 -22.8587 -23.3167 -23.232 
455211 2298.640 2303.927 2179.192 2141.502 2315.638 2375.060 926.445 930.245  -22.545 -22.7224 -22.7868 -22.7422 -22.6864 -22.6862 -23.193 -23.2068 
455212 2292.533 2300.271 2179.994 2142.086 2317.773 2368.214 922.100 931.738  -22.6924 -22.7761 -22.6911 -22.66 -22.5544 -22.8697 -23.2559 -23.1098 
455213 2296.227 2309.389 2183.823 2151.709 2317.570 2375.267 923.117 925.487  -22.5571 -22.4544 -22.5705 -22.3278 -22.5563 -22.6248 -23.2117 -23.2736 
455218 2293.595 2301.826 2181.481 2136.764 2315.471 2370.345 921.476 926.198  -22.7193 -22.7794 -22.7532 -22.9663 -22.6815 -22.8596 -23.3302 -23.3288 
455220 2301.127 2307.146 2186.812 2152.672 2334.118 2378.045 929.094 931.195  -22.3998 -22.5297 -22.4906 -22.3182 -22.092 -22.5235 -23.0615 -23.133 
455221 2308.562 2314.904 2197.950 2153.879 2328.317 2388.475 936.706 941.451  -22.1248 -22.2603 -22.083 -22.2537 -22.2503 -22.145 -22.8457 -22.8151 
455222 2308.472 2320.622 2194.108 2159.637 2328.939 2385.138 940.701 945.285  -22.2075 -22.1404 -22.2824 -22.119 -22.2795 -22.3662 -22.7949 -22.7931 
455223 2312.647 2319.079 2194.039 2155.653 2331.392 2393.966 940.557 945.405  -22.0635 -22.1976 -22.2596 -22.2337 -22.1777 -22.0346 -22.7913 -22.772 
455224 0.000 0.000 0.000 0.000 0.000 0.000 0.000 0.000  0 0 0 0 0 0 0 0 
455302 2287.994 2290.043 2165.314 2129.378 2311.054 2365.628 911.755 911.686  -22.8666 -23.1376 -23.1336 -23.054 -22.7853 -22.9721 -23.5141 -23.6378 
455303 2290.748 2300.691 2173.543 2133.981 2310.124 2368.048 921.051 922.797  -22.7508 -22.7428 -22.8237 -22.874 -22.8103 -22.8904 -23.2971 -23.3607 
455304 2293.616 2303.547 2177.051 2136.742 2313.301 2373.788 923.664 927.279  -22.6589 -22.657 -22.7157 -22.7894 -22.7085 -22.683 -23.2352 -23.2498 
455306 2299.086 2312.598 2179.571 2136.320 2320.581 2377.484 922.858 925.947  -22.5575 -22.4329 -22.6725 -22.8446 -22.5246 -22.648 -23.2178 -22.1862 
455344 2282.391 2295.908 2164.281 2129.787 2303.855 2377.101 912.458 903.976  -23.2146 -23.0633 -23.0929 -22.9349 -23.1107 -22.7121 -23.6079 -23.8834 
455346 2292.619 2303.820 2169.321 2132.974 2309.342 2367.491 921.721 925.721  -22.8357 -22.755 -22.9147 -22.8203 -22.9059 -23.046 -23.3768 -23.3879 
455351 2298.449 2306.263 2174.984 2131.794 2309.362 2377.134 926.063 927.087  -22.5386 -22.5821 -22.6347 -22.7917 -22.791 -22.5989 -23.202 -23.2516 
455352 2293.062 2312.278 2169.555 2132.765 2314.033 2372.592 921.497 924.529  -20.1967 -19.9084 -22.8856 -22.8162 -22.6579 -22.7763 -23.3421 -23.3577 
455353 2301.303 2315.507 2181.419 2140.960 2322.748 2380.624 934.528 933.834  -22.5635 -22.3859 -22.6496 -22.7013 -22.4136 -22.5552 -23.0347 -23.147 
455355 2305.704 2310.428 2193.870 2148.358 2319.034 2381.386 930.496 931.395  -22.4469 -22.5902 -22.5318 -22.7441 -22.5438 -22.5231 -23.119 -23.1848 
455362 2290.036 2287.154 2172.043 2137.354 2296.738 2353.031 904.975 904.964  -22.9455 -23.3473 -23.2507 -23.0869 -23.2694 -23.4765 -23.6969 -23.8029 
455363 2288.417 2297.562 2177.071 2136.214 2306.290 2361.831 912.823 917.637  -22.9846 -22.9817 -23.0545 -23.1121 -22.9289 -23.1482 -23.5241 -23.5173 
455364 2294.554 2300.759 2182.882 2143.171 2313.684 2371.544 919.256 922.977  -22.7599 -22.8469 -22.8363 -22.8482 -22.6749 -22.7972 -23.367 -23.371 
455366 2301.448 2311.206 2190.570 2151.497 2320.817 2378.769 929.427 934.170  -22.5333 -22.505 -22.5833 -22.5654 -22.4358 -22.5537 -23.1073 -23.0688 
455367 2297.939 2310.785 2191.262 2154.096 2315.525 2386.877 930.343 928.127  -22.737 -22.6098 -22.6501 -22.5711 -22.7067 -22.3725 -23.1473 -23.3115 
455446 2274.813 2279.556 2167.580 2133.651 2291.556 2358.885 904.275 903.959  -23.5437 -23.6628 -23.5095 -23.3419 -23.5126 -23.3525 -23.7691 -23.8668 
455449 0.000 0.000 0.000 0.000 0.000 0.000 0.000 0.000  0 0 0 0 0 0 0 0 
455450 2294.460 2302.869 2182.355 2144.006 2309.288 2373.306 923.443 925.022  -22.8042 -22.831 -22.9294 -22.9023 -22.8688 -22.8707 -23.314 -23.3614 
455451 2299.608 2308.098 2188.803 2151.698 2315.439 2375.192 927.106 931.715  -22.5785 -22.6007 -22.645 -22.5589 -22.6088 -22.7022 -23.171 -23.1391 
455452 2305.830 2309.206 2192.488 2151.096 2314.016 2380.868 925.876 937.641  -22.3952 -22.5803 -22.5375 -22.5945 -22.7012 -22.5357 -23.2222 -22.9819 
455476 2298.883 2308.384 2187.944 2151.716 2315.505 2375.022 923.998 928.720  -22.6141 -22.618 -22.7314 -22.6107 -22.5978 -22.6827 -23.2829 -23.229 
455477 2301.970 2310.082 2190.148 2152.572 2321.970 2377.528 930.483 930.708  -22.475 -22.5535 -22.6367 -22.5736 -22.3497 -22.5579 -23.1074 -23.1081 
455478 2300.863 2310.924 2191.847 2154.270 2319.824 2378.998 931.764 929.618  -22.4998 -22.4954 -22.5439 -22.4678 -22.4389 -22.5235 -23.0598 -23.1306 
455545 2295.523 2306.033 2185.157 2143.494 2312.678 2369.691 926.380 916.792  -22.7627 -22.7407 -22.8609 -22.9376 -22.7711 -22.919 -23.2435 -23.5277 
455547 2303.171 2309.596 2192.542 2154.312 2320.055 2378.385 928.924 932.046  -22.4457 -22.5902 -22.5508 -22.5 -22.4787 -22.5579 -23.1161 -23.0828 
455550 2298.324 2312.940 2189.195 2155.800 2324.976 2379.703 924.940 932.500  -22.5983 -22.4651 -22.6417 -22.4163 -22.3159 -22.5149 -23.218 -23.0507 
455551 2304.815 2314.624 2196.930 2154.507 2321.751 2385.510 932.321 935.301  -22.3582 -22.388 -22.3777 -22.4684 -22.4222 -22.308 -23.0183 -22.958 
455552 2315.014 2318.289 2198.945 2160.818 2327.986 2388.610 937.436 941.613  -22.0316 -22.2542 -22.3045 -22.2331 -22.2298 -22.223 -22.8912 -22.7995 
455585 2259.092 2275.639 2153.492 2121.647 2282.612 2338.824 888.929 879.392  -23.9724 -23.7451 -23.8755 -23.6538 -23.7892 -23.9713 -23.9357 -23.9529 
455586 2276.619 2283.382 2159.298 2125.290 2295.774 2353.061 896.944 896.236  -23.4895 -23.5808 -23.7862 -23.6236 -23.4253 -23.5884 -23.8859 -23.9179 
455587 2277.083 2287.734 2170.640 2133.722 2301.619 2358.608 905.473 900.916  -23.4555 -23.4141 -23.4072 -23.3271 -23.2249 -23.4153 -23.7702 -23.8777 
455589 2283.455 2291.561 2171.367 2139.921 2301.885 2358.497 903.550 913.860  -23.2406 -23.2844 -23.3752 -23.0961 -23.1988 -23.3961 -23.7906 -23.6389 
455590 2289.593 2299.902 2174.474 2139.789 2308.013 2364.756 916.054 915.338  -22.9839 -22.9329 -23.2146 -23.0489 -22.9166 -23.0882 -23.5004 -23.5612 
455592 2292.078 2300.916 2179.365 2137.458 2310.911 2374.579 914.589 910.567  -23.0493 -23.0073 -23.1629 -23.244 -22.9488 -22.8697 -23.6014 -23.7318 
455604 2294.404 2306.230 2184.749 2145.241 2307.691 2370.825 923.589 923.678  -22.8311 -22.751 -22.9209 -22.9054 -22.9618 -22.8867 -23.3155 -23.3399 
455605 2296.544 2305.917 2190.451 2148.112 2311.802 2371.859 925.632 927.704  -22.7359 -22.7477 -22.7095 -22.7926 -22.8227 -22.8514 -23.2352 -23.2289 
455637 2246.681 2273.806 2147.797 2119.238 2271.052 2327.975 862.357 883.918  -24.2105 -23.8438 -24.0799 -23.8245 -24.089 -24.1805 -23.9064 -23.9612 
455638 2257.666 2267.813 2151.995 2117.084 2287.780 2337.048 883.324 882.975  -23.9971 -23.9411 -23.9649 -23.8344 -23.6345 -23.9949 -23.9521 -23.9649 
455639 2266.501 2273.245 2156.462 2125.592 2286.653 2334.263 882.122 882.750  -23.7781 -23.8212 -23.884 -23.619 -23.6783 -24.0584 -23.9586 -23.9563 
