DY from E772

x2 -> 0.041,0.062,0.087,0.111,0.136,0.161,0.186,0.216,0.269
M2 -> 25.,33.,43.,51.,59.,70.,87.,108.,138.

DIS

E665 (small-x)
 ADAMS 95   ZP C67, 403

0.00010  0.00037   0.15
0.00037  0.00087   0.26
0.00087  0.00133   0.39
0.00133  0.00205   0.51
0.00205  0.00316   0.67
0.00316  0.00487   0.93
0.00487  0.00750   1.35
0.00750  0.01555   2.42
0.01555  0.02500   4.45
0.02500  0.05500   7.91
0.05500  0.56234  22.5 

NMC (small-x)
ARNEODO 95   NP B441, 12 (Li/D and C/D)

  0.00014  0.034  
  0.00028  0.066  
  0.00045  0.11   
  0.00067  0.15   
  0.0009   0.21   
  0.0015   0.34   
  0.0035   0.61   
  0.0055   1.0    
  0.0085   1.4    
  0.0125   1.8    
  0.0175   2.3    

NMC (small and large-x)
(ratios over Carbon)

0.0125     3.4
0.0175     4.5
0.0250     6.0
0.0350     8.0
0.0450     9.8
0.0550     11.4
0.0700     13.8
0.0900     16.8
0.1250     21.4
0.1750     27.6
0.2500     35.5
0.3500     45.4
0.4500     53.9
0.5500     60.5
0.7000     66.7
