3943.94
3949.22
3953.11
3952.98
3931.42
3931.72
3931.29
3926.97
3917.45
3915.11
3921.86
3920.09
3934.92
3933.28
3938.62
3941.06
3925.74
3928.37
3921.84
3922.69
3937.29
3935.98
3933.79
3932.1
3932.07
3924.02
3930.16
3931.69
3913.77
3919.24
3915.12
3919.84
3938.74
3934.45
3937.22
3929.95
3944.34
3939.39
3947.36
3947.36
3971.75
3971.98
3979.97
3972.56
3938.64
3935.42
3936.75
3937.93
3941.82
3949.33
3954.37
3953.76
3936.24
3933.95
3935.56
3934.41
3957.79
3964.52
3961.04
3965.8
3976.4
3965.91
3968.19
3974.24
3910.39
3921.71
3915.76
3915.42
3932.23
3932.59
3927.9
3940.78
3931.08
3934.78
3917.65
3931.3
3945.17
3935.78
3934.72
3934.24
3946.35
3936.5
3930.47
3936.55
3926.45
3919.55
3922.39
3922.6
3924.62
3929.83
3933.78
3937.5
3952.62
3959.44
3956.99
3946.75
3956.03
3952.9
3956.27
3963.56
3951.05
3946.09
3951.79
3952.61
3941.73
3939.35
3933.01
3938.65
3957.28
3951.94
3948.94
3951.31
3941.69
3935.59
3934.76
3941.76
3941.66
3938.71
3946.92
3938.05
3922.29
3926.17
3929.51
3931.39
3949.01
3950.76
3943.82
3944.4
3938.06
3944.5
3941.95
3939.16
3943.46
3943.19
3947.84
3943.7
3924.59
3930.88
3931.21
3924.67
3918.07
3922.7
3925.11
3923.9
3917.57
3927.25
3928.16
3922.25
3913.01
3913.8
3918.28
3922.33
3919.72
3922.68
3928.42
3925.58
3920.99
3915.63
3922.06
3924.53
3929.77
3933.19
3937.1
3930.24
3948.86
3955.23
3949.57
3946.51
3950.24
3946.13
3949.43
3958.44
3932.86
3928.91
3943.09
3935.98
3920
3920
3920
3920
3918.42
3921.1
3923.22
3920.92
3906.43
3909.18
3910.34
3912.95
3927.32
3936.98
3934.31
3927.24
