21.3645
21.1487
21.3956
21.1542
21.3209
21.3403
20.8722
21.2552
20.9788
20.625
20.8323
20.8646
21.8495
21.984
21.9768
22.2493
20.9631
20.9083
21.3539
20.5744
21.9935
22.1964
20.5669
21.3415
21.2627
20.9645
21.3496
20.8322
20.4384
21.5155
21.2537
20.4696
21.4491
21.2051
21.251
21.3308
21.8468
21.7165
21.4607
21.7765
21.3624
21.5895
21.6502
21.4622
21.563
21.3946
21.5116
21.5564
21.1993
21.3607
20.962
21.9431
21.155
21.5249
21.6542
20.5759
21.718
21.0166
21.7546
22.322
21.9767
22.1778
21.8942
21.665
22.8211
22.8829
22.4087
22.722
22.3692
22.6918
22.6235
22.5313
21.8615
22.1313
22.5864
22.3748
21.7783
21.8447
22.0339
22.11
22.3944
22.712
22.7568
22.4505
22.011
21.8221
22.0457
22.0355
21.6353
22.0714
21.8593
22.0186
22.0069
22.2991
22.1541
21.9706
22.0356
22.0707
21.9118
22.2801
21.8251
21.2911
22.3729
21.9998
22.069
21.6493
22.8123
21.7255
21.4361
22.1563
21.2492
21.4109
22.3514
22.3559
22.2713
22.3816
21.6722
21.5507
21.5215
21.4846
21.0817
21.5141
21.2572
21.5036
21.7112
22.136
22.0433
21.8284
21.3781
21.4811
21.3269
21.2989
21.5999
21.7154
21.7295
21.6219
21.3373
21.0283
20.9686
21.321
21.6503
21.7337
21.467
21.3574
20.4994
21.1255
20.8396
21.1023
20.7373
20.887
20.7167
20.9118
21.3515
21.6402
21.6237
21.1754
21.489
21.4121
21.4379
21.1831
21.5272
21.5916
21.7094
21.2351
21.2828
21.8358
21.6699
21.3597
21.6941
21.9672
21.9742
21.933
21.368
21.6431
21.5691
21.1887
21.2603
21.8107
21.4832
21.1048
20.8683
21.0815
20.9631
21.0822
21.0726
21.0854
20.7972
21.277
21.1282
20.9614
20.986
20.9951
