0.0279527
0.0278234
0.0281442
0.0282602
0.0283666
0.0277584
0.0276733
0.0281352
0.0284309
0.0287257
0.028486
0.0293436
0.0287742
0.0286969
0.0288119
0.0284797
0.0278811
0.0284827
0.027875
0.0281313
0.0280554
0.0283929
0.0273384
0.0271605
0.0287775
0.0286281
0.0288952
0.0285854
0.027761
0.0283179
0.0280381
0.0270605
0.0278237
0.0271285
0.0281812
0.0268771
0.0270723
0.0270599
0.0269186
0.0274306
0.0290774
0.0290706
0.0288234
0.0279798
0.0290192
0.0279309
0.0285041
0.0273068
0.0283945
0.0279969
0.027869
0.0279568
0.0283118
0.0288622
0.0291417
0.0291436
0.0286124
0.0282972
0.0286332
0.0285683
0.027539
0.0272375
0.0271969
0.0271236
0.0271969
0.0273876
0.0275652
0.0273527
0.0286156
0.0283498
0.0282247
0.0284727
0.0280932
0.0276404
0.0272221
0.0275614
0.0276962
0.0270399
0.0276097
0.0275935
0.0285795
0.0285879
0.0282797
0.027607
0.0287956
0.0276021
0.0281611
0.0285262
0.0279659
0.0272128
0.0279712
0.0272392
0.0282474
0.0275486
0.0290265
0.0287094
0.0272416
0.0276052
0.0278377
0.026421
0.0282291
0.0287631
0.0281367
0.0277461
0.0265921
0.0260236
0.0277364
0.0264615
0.0282903
0.0286107
0.0290557
0.0293546
0.0267071
0.0271289
0.0272165
0.0276133
0.0284178
0.0281226
0.0276246
0.0275081
0.029269
0.0288319
0.0275321
0.0278744
0.0274069
0.0271118
0.0276927
0.0270006
0.0272509
0.0274603
0.0275141
0.0271012
0.0249411
0.0252978
0.0252208
0.0255357
0.0279081
0.0288935
0.0283998
0.0276711
0.0273338
0.0278453
0.0279162
0.0281497
0.0281295
0.0282152
0.0281924
0.0281685
0.0281291
0.0289492
0.0279572
0.0278141
0.0273184
0.0277991
0.026707
0.0281897
0.0284192
0.0287611
0.0283428
0.0301688
0.0263214
0.0268149
0.0261687
0.0271749
0.0274247
0.0276359
0.0283475
0.0283613
0.0284085
0.0275421
0.0269318
0.0275574
0.0282679
0.0282491
0.0287886
0.0284179
0.0274048
0.0274915
0.0274417
0.0272283
0.0279239
0.0282021
0.0280083
0.027983
0.0281338
0.0264008
0.0270832
0.027684
0.0273685
0.0272739
0.0277673
0.0274349
