3919.35
3926.58
3934.99
3928.64
3944.65
3941.65
3936.49
3939.96
3942.64
3948.38
3950.3
3946.65
3947.69
3954.62
3951.12
3943.87
3951.11
3956.64
3954.96
3949.22
3960.6
3955.48
3955.39
3956.49
3920.97
3912.53
3918.06
3910.38
3965.29
3963.16
3960.47
3959.21
3941.84
3948.89
3948.02
3936
3957.19
3958.05
3964.36
3957.31
3934.97
3933.72
3942.7
3931.46
3948.28
3950.08
3948.19
3955.85
3957.07
3967.01
3962.95
3957.64
3981.41
3990.24
3988.69
3982.28
3950.58
3954.54
3940.98
3946.39
3936.84
3935.11
3932.26
3934.39
3919.8
3936.6
3913.64
3912.7
3917.37
3916.99
3914.62
3910.94
3905.06
3909.48
3899.17
3897.27
3907.85
3906.15
3908.25
3909.2
3905.71
3910.68
3916.61
3915.19
3937.53
3946.47
3937.76
3946.93
3928.26
3932.55
3924.53
3938.56
3915.74
3917.6
3923.43
3918.66
3915.89
3908.93
3908.34
3904.59
3907.73
3912.82
3910.93
3911.27
3913.43
3905.17
3920.22
3916.48
3970.77
3974.86
3973.4
3973.8
3928.93
3928.49
3923.37
3927.57
3954.27
3949.14
3946.48
3946.05
3990.06
3990.04
3989.41
3985.64
3932.4
3939.42
3939.58
3934.46
3931.9
3932.86
3930.12
3931.63
3928.58
3929.27
3931.3
3925.35
3922.15
3918.6
3920.39
3921.83
3939.44
3942.99
3937.46
3942.56
3922.75
3932.6
3926.28
3920.6
3932.41
3923.95
3933.09
3932.3
3927.46
3922.5
3930.1
3926.2
3944.59
3938.27
3938.83
3943.18
3908.32
3918.79
3911.44
3914.24
3923.97
3916.62
3915.1
3920.67
3917.32
3921.06
3922.79
3919.93
3906.57
3918.42
3910.65
3913.4
3903.67
3899.32
3909.46
3909.47
3915.34
3913.69
3914.93
3920.35
3911.76
3903.82
3910.64
3905.7
3908.95
3909.1
3904.85
3908
