-15.631		-80.5539
-15.3515	-59.5772
-35.9644	-18.479
-29.9229	-16.267
15.4129		31.2544
44.0837		35.4443
51.6276		13.5036
51.0525		-2.2668
0		0
0		0
0		0
0		0
0		0
0		0
0		0
0		0
0		0
0		0
0		0
0		0
0		0
0		0
0		0
0		0
0		0
0		0
0		0
0		0	
0		0
0		0
0		0
0		0
-49.3868	11.7417
-22.3901	19.255
-22.0977	-13.5604
-15.0144	24.6748
2.5741		-14.7188
18.2894		-39.0454
0		0
-36.6351	-23.8688
-17.1642	-2.9173
-35.5633	-26.0918
-27.1822	16.2067
-39.7498	30.9535
8.5609		0
68.8627		0
43.4321		0
15.3599		0
4.969		0
10.9703		0
6.5488		0
-5.78704	0
0		0
0		0
0		0
0		0
0		0
0		0
0		0
0		0
0		0
0		0
0		0
0		0
0		0
0		0
0		0
0		0
0		0
0		0
0		0
0		0
0		0
0		0
0		0
0		0
-94.2423	0
-90.5355	0
-15.0753	0
-36.4294	0
-1.7953		0
-3.6458		0
-26.8921	0
-51.4562	0
-35.8003	0
-33.3032	0
-58.5733	0
-67.4174	0
