-999.9 -999.9
-90.0863 -90.0876
-89.6803 -89.6811
-89.2733 -89.2765
-88.8683 -88.871
-88.4617 -88.4649
-88.0562 -88.0589
-87.6507 -87.6524
-87.2446 -87.2478
-86.8451 -86.8443
-86.4321 -86.4353
-86.0285 -86.0302
-85.627 -85.6262
-85.217 -85.2191
-84.8114 -84.8136
-84.4049 -84.4066
-84.0019 -84.001
-83.5933 -83.596
-83.1873 -83.1899
-82.7828 -82.7834
-82.3783 -82.3789
-81.9722 -81.9733
-81.5672 -81.5683
-81.1612 -81.1617
-80.7536 -80.7552
-80.3496 -80.3517
-79.9421 -79.9436
-79.543 -79.5401
-79.137 -79.135
-78.7245 -78.7265
-78.3224 -78.3215
-77.9119 -77.9139
-77.5059 -77.5064
-77.1068 -77.1044
-76.6963 -76.6993
-76.2993 -76.2978
-75.8888 -75.8922
-75.4812 -75.4867
-75.0747 -75.0797
-74.6752 -74.6746
-74.2641 -74.2671
-73.8566 -73.8586
-73.4551 -73.455
-73.0446 -73.0465
-72.64 -72.6414
-72.233 -72.2349
-71.828 -71.8294
-71.4219 -71.4238
-71.0189 -71.0188
-70.6099 -70.6112
-70.2053 -70.2082
-69.7988 -69.8002
-69.3938 -69.3941
-68.9877 -68.9891
-68.5817 -68.583
-68.1802 -68.179
-67.7726 -67.7715
-67.3646 -67.3654
-66.9581 -66.9604
-66.5536 -66.5538
-66.1495 -66.1483
-65.7415 -65.7428
-65.335 -65.3357
-64.9284 -64.9297
-64.5234 -64.5237
-64.1169 -64.1146
-63.7123 -63.7101
-63.3093 -63.311
-62.8993 -62.8995
-62.4938 -62.4945
-62.0877 -62.0879
-61.6827 -61.6809
-61.2761 -61.2759
-60.8716 -60.8698
-60.4656 -60.4643
-60.0641 -60.0582
-59.6585 -59.6527
-59.254 -59.2467
-58.8415 -58.8396
-58.4424 -58.4361
-58.0309 -58.029
-57.6244 -57.6235
-57.2173 -57.216
-56.8128 -56.8129
-56.4108 -56.4069
-56.0008 -55.9998
-55.5967 -55.5933
-55.1857 -55.1873
-54.7822 -54.7812
-54.3751 -54.3757
-53.9711 -53.9701
-53.5661 -53.5641
-53.164 -53.1591
-52.7535 -52.7505
-52.353 -52.3485
-51.9414 -51.94
-51.5399 -51.5359
-51.1319 -51.1289
-50.7254 -50.7223
-50.3178 -50.3178
-49.9133 -49.9118
-49.5038 -49.5047
-49.0997 -49.0997
-48.6947 -48.6926
-48.2907 -48.2876
-47.8811 -47.8821
-47.4781 -47.476
-47.0701 -47.07
-46.6646 -46.6645
-46.2595 -46.2584
-45.852 -45.8524
-45.449 -45.4473
-45.0404 -45.0418
-44.6374 -44.6358
-44.2289 -44.2297
-43.8253 -43.8232
-43.4193 -43.4186
-43.0133 -43.0121
-42.6072 -42.6046
-42.2012 -42.1995
-41.7962 -41.794
-41.3901 -41.3885
-40.9851 -40.9829
-40.5796 -40.5769
-40.1735 -40.1713
-39.7675 -39.7653
-39.3605 -39.3593
-38.956 -38.9547
-38.5509 -38.5497
-38.1454 -38.1451
-37.7424 -37.7396
-37.3353 -37.3341
-36.9263 -36.9255
-36.5208 -36.5195
-36.1147 -36.1134
-35.7117 -35.7099
-35.3052 -35.3039
-34.8992 -34.8978
-34.4911 -34.4913
-34.0916 -34.0873
-33.6801 -33.6792
-33.2745 -33.2742
-32.873 -32.8701
-32.4635 -32.4661
-32.0569 -32.0571
-31.6514 -31.6525
-31.2489 -31.248
-30.8418 -30.8399
-30.4318 -30.4314
-30.0293 -30.0279
-29.6218 -29.6268
-29.2162 -29.2158
-28.8107 -28.8113
-28.4067 -28.4052
-28.0001 -27.9987
-27.5991 -27.5946
-27.1901 -27.1876
-26.7795 -26.7811
-26.375 -26.376
-25.9695 -25.97
-25.5634 -25.5649
-25.1589 -25.1604
-24.7529 -24.7529
-24.3458 -24.3478
-23.9393 -23.9413
-23.5343 -23.5352
-23.1283 -23.1297
-22.7237 -22.7242
-22.3177 -22.3191
-21.9122 -21.9126
-21.5071 -21.5076
-21.1001 -21.1015
-20.6936 -20.6935
-20.2875 -20.2894
-19.8815 -19.8849
-19.4755 -19.4784
-19.0714 -19.0718
-18.6659 -18.6668
-18.2604 -18.2612
-17.8533 -17.8547
-17.4478 -17.4492
-17.0418 -17.0426
-16.6378 -16.6376
-16.2307 -16.2316
-15.8247 -15.825
-15.4182 -15.4185
-15.0126 -15.0129
-14.6071 -14.6049
-14.2021 -14.2014
-13.7966 -13.7953
-13.39 -13.3888
-12.986 -12.9837
-12.5775 -12.5767
-12.1729 -12.1707
-11.7664 -11.7636
-11.3599 -11.3576
-10.9543 -10.952
-10.5498 -10.5475
-10.1433 -10.142
-9.73874 -9.73743
-9.3342 -9.34039
-8.92767 -8.93285
-8.52014 -8.51882
-8.11311 -8.11327
-7.70808 -7.70773
-7.30256 -7.3032
-6.89653 -6.89716
-6.483 -6.49112
-6.08746 -6.08658
-5.67893 -5.68104
-5.2724 -5.2745
-4.86787 -4.86946
-4.46184 -4.46243
-4.05631 -4.05688
-3.65027 -3.65234
-3.24575 -3.24731
-2.83972 -2.84177
-2.43318 -2.43423
-2.02766 -2.02969
-1.62262 -1.62315
-1.21709 -1.21761
-0.812061 -0.811578
-0.404529 -0.405536
0 0
0.404535 0.405536
0.811066 0.810083
1.2176 1.21662
1.62313 1.62316
2.02866 2.02769
2.43319 2.43274
2.83822 2.83828
3.24475 3.24531
3.65278 3.65085
4.05581 4.05439
4.46035 4.46043
4.86937 4.86697
5.27291 5.2725
5.68044 5.67805
6.08397 6.08258
6.4915 6.48912
6.89603 6.89417
7.30306 7.3007
7.70759 7.70674
8.11212 8.11227
8.51965 8.51782
8.92518 8.92385
9.32871 9.32889
9.73574 9.73493
10.1418 10.1405
10.5483 10.547
10.9548 10.9535
11.3594 11.3596
11.7654 11.7636
12.1709 12.1702
12.5765 12.5752
12.9815 12.9812
13.3875 13.3883
13.792 13.7923
14.1986 14.1999
14.6056 14.6044
15.0106 15.0104
15.4167 15.4165
15.8237 15.821
16.2282 16.2276
16.6338 16.6336
17.0398 17.0386
17.4458 17.4462
17.8514 17.8507
18.2569 18.2557
18.6619 18.6618
19.069 19.0683
19.4725 19.4729
19.8785 19.8789
20.285 20.2859
20.6921 20.692
21.0966 21.0975
21.5026 21.5031
21.9062 21.9081
22.3137 22.3156
22.7192 22.7207
23.1263 23.1277
23.5313 23.5322
23.9383 23.9388
24.3443 24.3438
24.7499 24.7494
25.1549 25.1549
25.5604 25.5619
25.966 25.967
26.372 26.373
26.7775 26.7796
27.1846 27.1851
27.5886 27.5901
27.9951 27.9967
28.4007 28.4007
28.8062 28.8068
29.2127 29.2133
29.6193 29.6188
30.0253 30.0249
30.4318 30.4304
30.8363 30.8364
31.2429 31.2415
31.6474 31.6465
32.0524 32.0521
32.4605 32.4591
32.8635 32.8646
33.2695 33.2702
33.6751 33.6767
34.0806 34.0823
34.4871 34.4873
34.8937 34.8933
35.3022 35.2989
35.7057 35.7034
36.1107 36.1105
36.5168 36.5155
36.9213 36.9215
37.3258 37.3256
37.7329 37.7321
38.1399 38.1371
38.5459 38.5452
38.9545 38.9507
39.3575 39.3568
39.7635 39.7618
40.1701 40.1678
40.5731 40.5724
40.9811 40.9779
41.3866 41.385
41.7922 41.7895
42.1992 42.196
42.6062 42.6031
43.0108 43.0096
43.4148 43.4146
43.8223 43.8212
44.2259 44.2242
44.6324 44.6308
45.0384 45.0348
45.4465 45.4423
45.853 45.8494
46.2575 46.2539
46.6625 46.661
47.0696 47.067
47.4741 47.4705
47.8801 47.8776
48.2857 48.2826
48.6902 48.6897
49.0982 49.0962
49.5028 49.5012
49.9083 49.9068
50.3143 50.3123
50.7199 50.7183
51.1279 51.1259
51.5339 51.5319
51.9349 51.936
52.342 52.343
52.7505 52.7475
53.1535 53.1516
53.5591 53.5576
53.9666 53.9642
54.3711 54.3722
54.7792 54.7772
55.1842 55.1813
55.5882 55.5868
55.9943 55.9918
56.3993 56.3984
56.8053 56.7999
57.2128 57.2095
57.6174 57.615
58.0259 58.0215
58.4314 58.4276
58.837 58.8356
59.2425 59.2417
59.648 59.6447
60.0556 60.0517
60.4606 60.4588
60.8656 60.8618
61.2722 61.2673
61.6772 61.6739
62.0827 62.0789
62.4873 62.484
62.8928 62.889
63.2983 63.2945
63.7048 63.7011
64.1114 64.1076
64.5184 64.5182
64.9234 64.9192
65.329 65.3222
65.734 65.7318
66.1405 66.1358
66.5456 66.5419
66.9521 66.9459
67.3586 67.3529
67.7647 67.7605
68.1697 68.167
68.5757 68.5715
68.9817 68.9766
69.3883 69.3826
69.7908 69.7877
70.1978 70.1942
70.6074 70.5992
71.0094 71.0053
71.4149 71.4113
71.822 71.8164
72.226 72.2229
72.6335 72.6309
73.0396 73.0345
73.4451 73.441
73.8521 73.8501
74.2566 74.2521
74.6642 74.6581
75.0682 75.0607
75.4747 75.4677
75.8818 75.8737
76.2868 76.2828
76.6913 76.6863
77.0994 77.0934
77.5039 77.4979
77.9084 77.9084
78.3155 78.311
78.7195 78.715
79.1255 79.1226
79.5345 79.5286
79.9376 79.9251
80.3436 80.3392
80.7471 80.7437
81.1542 81.1507
81.5607 81.5533
81.9692 81.9633
82.3728 82.3674
82.7798 82.7729
83.1858 83.1779
83.5914 83.5865
83.9979 83.9915
84.4019 84.3966
84.8074 84.8021
85.214 85.2086
85.62 85.6132
86.0265 86.0197
86.4331 86.4258
86.8376 86.8303
87.2436 87.2368
87.6482 87.6419
88.0537 88.0454
88.4607 88.4529
88.8668 88.858
89.2718 89.267
89.6783 89.6711
90.0842 90.0769
-999.9 -999.9
