-999.9 -999.9
-83.4591 -83.4572
-83.0547 -83.0518
-82.6488 -82.6474
-82.2459 -82.2426
-81.8395 -81.8372
-81.4331 -81.4308
-81.0287 -81.0264
-80.6243 -80.6215
-80.2179 -80.2156
-79.813 -79.8117
-79.4066 -79.4063
-79.0017 -78.9999
-78.5973 -78.595
-78.1924 -78.1896
-77.783 -77.7847
-77.3826 -77.3804
-76.9772 -76.9745
-76.5723 -76.5701
-76.1679 -76.1662
-75.7605 -75.7588
-75.3566 -75.3554
-74.9522 -74.9495
-74.5463 -74.5441
-74.1419 -74.1397
-73.737 -73.7348
-73.3286 -73.3279
-72.9267 -72.924
-72.5183 -72.5187
-72.1144 -72.1138
-71.71 -71.7084
-71.3051 -71.303
-70.9037 -70.8986
-70.4973 -70.4942
-70.0884 -70.0863
-69.686 -69.6819
-69.2796 -69.275
-68.8737 -68.8676
-68.4683 -68.4627
-68.0619 -68.0563
-67.657 -67.6529
-67.2496 -67.2481
-66.8517 -66.8477
-66.4398 -66.4388
-66.0359 -66.0349
-65.63 -65.63
-65.2241 -65.2246
-64.8207 -64.8202
-64.4163 -64.4148
-64.0109 -64.0099
-63.6045 -63.6035
-63.2001 -63.1981
-62.7947 -62.7933
-62.3918 -62.3884
-61.9849 -61.983
-61.58 -61.5781
-61.1766 -61.1752
-60.7687 -60.7683
-60.3623 -60.3619
-59.9614 -59.9585
-59.5555 -59.5541
-59.1511 -59.1492
-58.7467 -58.7453
-58.3388 -58.3404
-57.9324 -57.9325
-57.527 -57.5271
-57.1226 -57.1208
-56.7197 -56.7164
-56.3118 -56.3105
-55.9074 -55.9076
-55.502 -55.5032
-55.1001 -55.0998
-54.6912 -54.6924
-54.2873 -54.2875
-53.8824 -53.8831
-53.477 -53.4777
-53.0716 -53.0723
-52.6697 -52.6689
-52.2618 -52.2591
-51.8559 -51.8537
-51.452 -51.4493
-51.048 -51.0429
-50.6416 -50.639
-50.2377 -50.2331
-49.8318 -49.8282
-49.4269 -49.4238
-49.02 -49.0179
-48.6146 -48.6125
-48.2082 -48.2066
-47.8048 -47.8007
-47.3999 -47.3964
-46.994 -46.9915
-46.5896 -46.5861
-46.1837 -46.1817
-45.7773 -45.7758
-45.3739 -45.3709
-44.97 -44.967
-44.5666 -44.5621
-44.1602 -44.1562
-43.7538 -43.7503
-43.3474 -43.3444
-42.9415 -42.939
-42.5391 -42.5331
-42.1312 -42.1273
-41.7278 -41.7239
-41.3229 -41.32
-40.9165 -40.9151
-40.5091 -40.5102
-40.1082 -40.1043
-39.7013 -39.6984
-39.2979 -39.295
-38.8925 -38.8891
-38.4871 -38.4842
-38.0837 -38.0793
-37.6743 -37.6719
-37.2714 -37.2681
-36.8665 -36.8632
-36.4601 -36.4578
-36.0562 -36.0549
-35.6513 -35.649
-35.2449 -35.2421
-34.8415 -34.8377
-34.4351 -34.4323
-34.0322 -34.0274
-33.6258 -33.6235
-33.2184 -33.2171
-32.816 -32.8127
-32.4101 -32.4079
-32.0057 -32.0025
-31.5983 -31.5961
-31.1934 -31.1907
-30.7905 -30.7858
-30.3831 -30.3809
-29.9782 -29.9755
-29.5733 -29.5701
-29.1699 -29.1662
-28.7625 -28.7593
-28.3576 -28.3549
-27.9532 -27.9505
-27.5493 -27.5471
-27.1424 -27.1418
-26.7385 -26.7354
-26.3311 -26.33
-25.9262 -25.9256
-25.5198 -25.5202
-25.1144 -25.1153
-24.7085 -24.7094
-24.3046 -24.304
-23.9012 -23.8996
-23.4963 -23.4942
-23.0929 -23.0903
-22.685 -22.6839
-22.2816 -22.2791
-21.8757 -21.8727
-21.4698 -21.4683
-21.0649 -21.0639
-20.6645 -20.66
-20.2561 -20.2556
-19.8532 -19.8502
-19.4433 -19.4448
-19.0409 -19.0449
-18.6325 -18.6335
-18.235 -18.2316
-17.8252 -17.8242
-17.4213 -17.4179
-17.0159 -17.0125
-16.6109 -16.6081
-16.2065 -16.2027
-15.7996 -15.7943
-15.3942 -15.3909
-14.9908 -14.986
-14.5849 -14.5811
-14.181 -14.1767
-13.7746 -13.7713
-13.3687 -13.3669
-12.9633 -12.9605
-12.5594 -12.5561
-12.1585 -12.1528
-11.7511 -11.7469
-11.3437 -11.341
-10.9373 -10.9351
-10.5324 -10.5297
-10.129 -10.1248
-9.72662 -9.7204
-9.31973 -9.31401
-8.91332 -8.90812
-8.50792 -8.50373
-8.10352 -8.09984
-7.70012 -7.69545
-7.29222 -7.29005
-6.88882 -6.88566
-6.48242 -6.47927
-6.08102 -6.07637
-5.67512 -5.67048
-5.26421 -5.26409
-4.86381 -4.8602
-4.45641 -4.45481
-4.05301 -4.05142
-3.64711 -3.64603
-3.2412 -3.23913
-2.83681 -2.83524
-2.43141 -2.42985
-2.0275 -2.02496
-1.6211 -1.61957
-1.2137 -1.21368
-0.809302 -0.809283
-0.4034 -0.404889
0 0
0.403406 0.405389
0.810309 0.811285
1.2157 1.21617
1.62011 1.62057
2.02501 2.02496
2.42841 2.43035
2.83581 2.83524
3.24071 3.24063
3.64561 3.64553
4.05251 4.05192
4.45242 4.45431
4.85632 4.8597
5.26622 5.2666
5.67162 5.67198
6.07252 6.07538
6.47992 6.48228
6.88732 6.88817
7.29272 7.29305
7.69612 7.69695
8.10352 8.10384
8.50493 8.50673
8.91333 8.91362
9.31573 9.31802
9.72513 9.72491
10.13 10.1328
10.5274 10.5322
10.9358 10.9386
11.3447 11.3455
11.7486 11.7494
12.1515 12.1528
12.5564 12.5586
12.9593 12.9635
13.3677 13.3694
13.7686 13.7723
14.1785 14.1787
14.5829 14.5846
14.9888 14.989
15.3947 15.3969
15.7997 15.8008
16.2035 16.2047
16.6104 16.6111
17.0133 17.015
17.4203 17.4204
17.8247 17.8247
18.2315 18.2311
18.6375 18.635
19.0429 19.0414
19.4458 19.4453
19.8467 19.8592
20.2556 20.2561
20.662 20.661
21.0674 21.0659
21.4713 21.4698
21.8752 21.8762
22.2816 22.2816
22.6875 22.6879
23.0924 23.0923
23.4968 23.4967
23.9012 23.9011
24.3076 24.3065
24.7135 24.7124
25.1124 25.1143
25.5213 25.5222
25.9242 25.9261
26.3341 26.3325
26.7405 26.7389
27.1489 27.1453
27.5513 27.5492
27.9562 27.9545
28.3596 28.3589
28.7645 28.7628
29.1674 29.1677
29.5698 29.5711
29.9742 29.976
30.3836 30.3829
30.7915 30.7903
31.1964 31.1942
31.6013 31.6001
32.0052 32.005
32.4036 32.4064
32.8145 32.8143
33.2224 33.2211
33.6288 33.626
34.0317 34.0294
34.4311 34.4328
34.839 34.8412
35.2444 35.2461
35.6518 35.652
36.0552 36.0564
36.4606 36.4628
36.8605 36.8642
37.2644 37.2696
37.6698 37.676
38.0807 38.0828
38.4781 38.4847
38.8825 38.8891
39.2874 39.294
39.6988 39.7024
40.1042 40.1078
40.5076 40.5117
40.9155 40.9191
41.3209 41.325
41.7273 41.7299
42.1307 42.1343
42.5321 42.5372
42.939 42.9425
43.3464 43.3494
43.7498 43.7538
44.1582 44.1607
44.5621 44.5656
44.965 44.9695
45.3759 45.3774
45.7808 45.7808
46.1842 46.1857
46.5861 46.5896
46.9905 46.995
47.3979 47.4013
47.8048 47.8072
48.2127 48.2131
48.6156 48.6175
49.016 49.0199
49.4189 49.4238
49.8303 49.8327
50.2373 50.2381
50.6406 50.643
51.0491 51.0494
51.4519 51.4533
51.8578 51.8597
52.2633 52.2646
52.6697 52.669
53.0681 53.0718
53.479 53.4797
53.8784 53.8836
54.2883 54.29
54.6867 54.6919
55.0986 55.0993
55.4985 55.5032
55.9104 55.9106
56.3098 56.3125
56.7192 56.7199
57.1236 57.1238
57.531 57.5307
57.9374 57.937
58.3408 58.3414
58.7467 58.7463
59.1491 59.1502
59.5565 59.5566
59.9594 59.9615
60.3658 60.3674
60.7727 60.7718
61.1786 61.1777
61.583 61.5821
61.9869 61.987
62.3938 62.3929
62.7982 62.7972
63.2041 63.2031
63.6085 63.6065
64.0139 64.0144
64.4188 64.4188
64.8247 64.8242
65.2311 65.2296
65.6355 65.636
66.0414 66.0399
66.4433 66.4438
66.8492 66.8502
67.2526 67.2541
67.661 67.6609
68.0614 68.0643
68.4708 68.4712
68.8782 68.8766
69.2826 69.282
69.6865 69.6859
70.0949 70.0928
70.4993 70.4982
70.9047 70.9031
71.3096 71.308
71.715 71.7134
72.1209 72.1203
72.5248 72.5242
72.9307 72.9305
73.3316 73.3329
73.739 73.7388
74.1454 74.1452
74.5518 74.5501
74.9567 74.9545
75.3611 75.3594
75.764 75.7638
76.1709 76.1702
76.5778 76.5771
76.9807 76.9805
77.3876 77.3854
77.7895 77.7918
78.1959 78.1971
78.5968 78.6
79.0052 79.0074
79.4116 79.4133
79.8155 79.8177
80.2214 80.2231
80.6283 80.628
81.0287 81.0319
81.4371 81.4388
81.84 81.8437
82.2454 82.2506
82.6483 82.653
83.0562 83.0588
83.4657 83.4717
-999.9 -999.9
