-999.9 -999.9
-91.9842 -91.9885
-91.5707 -91.5785
-91.1537 -91.1585
-90.7377 -90.7415
-90.3227 -90.3274
-89.9056 -89.9114
-89.4911 -89.4974
-89.0771 -89.0828
-88.6611 -88.6658
-88.2461 -88.2518
-87.8306 -87.8358
-87.4161 -87.4212
-86.999 -87.0062
-86.584 -86.5902
-86.169 -86.1762
-85.7545 -85.7601
-85.3405 -85.3456
-84.9255 -84.9316
-84.509 -84.5151
-84.0939 -84.101
-83.6764 -83.6845
-83.2629 -83.2695
-82.8479 -82.856
-82.4319 -82.4404
-82.0169 -82.0239
-81.6004 -81.6094
-81.1863 -81.1929
-80.7708 -80.7788
-80.3563 -80.3648
-79.9428 -79.9498
-79.5273 -79.5332
-79.1133 -79.1182
-78.6983 -78.7052
-78.2797 -78.2877
-77.8662 -77.8737
-77.4502 -77.4581
-77.0342 -77.0426
-76.6187 -76.6276
-76.2037 -76.211
-75.7861 -75.796
-75.3741 -75.382
-74.9566 -74.963
-74.5416 -74.5504
-74.1271 -74.1339
-73.7136 -73.7209
-73.2966 -73.3054
-72.8826 -72.8918
-72.467 -72.4763
-72.05 -72.0608
-71.637 -71.6468
-71.2185 -71.2307
-70.804 -70.8147
-70.39 -70.3982
-69.9745 -69.9832
-69.5579 -69.5666
-69.1434 -69.1506
-68.7274 -68.7336
-68.3129 -68.3175
-67.8959 -67.9015
-67.4814 -67.4855
-67.0674 -67.071
-66.6508 -66.6574
-66.2358 -66.2419
-65.8193 -65.8274
-65.4053 -65.4119
-64.9898 -64.9978
-64.5758 -64.5828
-64.1597 -64.1683
-63.7447 -63.7518
-63.3282 -63.3357
-62.9122 -62.9207
-62.4997 -62.5057
-62.0817 -62.0892
-61.6667 -61.6726
-61.2502 -61.2581
-60.8356 -60.8426
-60.4206 -60.4281
-60.0061 -60.0125
-59.5906 -59.5965
-59.1746 -59.1805
-58.7591 -58.7655
-58.344 -58.3509
-57.929 -57.9374
-57.5135 -57.5214
-57.0985 -57.1053
-56.6835 -56.6893
-56.2665 -56.2748
-55.85 -55.8583
-55.4354 -55.4427
-55.0229 -55.0307
-54.6064 -54.6137
-54.1919 -54.1967
-53.7759 -53.7821
-53.3589 -53.3676
-52.9429 -52.9516
-52.5293 -52.536
-52.1128 -52.1195
-51.6988 -51.7055
-51.2818 -51.2895
-50.8673 -50.8745
-50.4518 -50.4589
-50.0378 -50.0434
-49.6207 -49.6279
-49.2057 -49.2124
-48.7917 -48.7973
-48.3762 -48.3823
-47.9607 -47.9668
-47.5442 -47.5512
-47.1292 -47.1347
-46.7151 -46.7207
-46.2996 -46.3057
-45.8846 -45.8906
-45.4701 -45.4751
-45.0546 -45.0591
-44.6386 -44.6436
-44.2246 -44.2285
-43.808 -43.813
-43.3925 -43.3985
-42.978 -42.9835
-42.562 -42.5689
-42.1455 -42.1514
-41.7315 -41.7389
-41.3154 -41.3218
-40.9009 -40.9068
-40.4854 -40.4923
-40.0709 -40.0753
-39.6549 -39.6597
-39.2384 -39.2457
-38.8259 -38.8337
-38.4103 -38.4157
-37.9938 -38.0011
-37.5793 -37.5846
-37.1638 -37.1711
-36.7498 -36.7551
-36.3333 -36.3375
-35.9183 -35.923
-35.5037 -35.507
-35.0877 -35.094
-34.6717 -34.6759
-34.2562 -34.2609
-33.8392 -33.8474
-33.4252 -33.4314
-33.0112 -33.0183
-32.5976 -32.6013
-32.1841 -32.1873
-31.7676 -31.7708
-31.3526 -31.3562
-30.9366 -30.9412
-30.5236 -30.5232
-30.1086 -30.1096
-29.6905 -29.6951
-29.2765 -29.2796
-28.861 -28.8636
-28.4485 -28.4485
-28.03 -28.032
-27.618 -27.618
-27.1984 -27.203
-26.7834 -26.7889
-26.3699 -26.3724
-25.9529 -25.9569
-25.5389 -25.5409
-25.1239 -25.1278
-24.7069 -24.7098
-24.2948 -24.2953
-23.8763 -23.8782
-23.4613 -23.4667
-23.0468 -23.0497
-22.6328 -22.6332
-22.2158 -22.2177
-21.7983 -21.8036
-21.3867 -21.3886
-20.9662 -20.9726
-20.5537 -20.56
-20.1382 -20.1435
-19.7267 -19.7255
-19.3082 -19.3105
-18.8927 -18.8954
-18.4761 -18.4794
-18.0611 -18.0699
-17.6496 -17.6509
-17.2361 -17.2328
-16.8171 -16.8168
-16.4051 -16.4038
-15.9866 -15.9863
-15.5685 -15.5707
-15.155 -15.1547
-14.7405 -14.7422
-14.3225 -14.3241
-13.9045 -13.9091
-13.4925 -13.4971
-13.0765 -13.0831
-12.6644 -12.661
-12.2464 -12.249
-11.8319 -11.844
-11.4159 -11.4195
-11.0004 -10.9994
-10.5844 -10.5844
-10.1724 -10.1699
-9.75434 -9.75587
-9.33983 -9.33984
-8.91932 -8.92231
-8.5113 -8.51229
-8.09628 -8.10426
-7.68027 -7.68423
-7.26475 -7.26721
-6.85024 -6.85468
-6.43373 -6.43815
-6.01871 -6.01963
-5.6037 -5.6046
-5.18868 -5.19108
-4.77267 -4.77455
-4.35865 -4.35952
-3.94214 -3.945
-3.52963 -3.53397
-3.11261 -3.11595
-2.6991 -2.69842
-2.28308 -2.28439
-1.86807 -1.86937
-1.45305 -1.45435
-1.03754 -1.03832
-0.622522 -0.623785
-0.205505 -0.205261
0.205505 0.205261
0.624518 0.62179
1.04053 1.03832
1.45705 1.45385
1.87056 1.86937
2.28558 2.2814
2.69909 2.69892
3.11511 3.11395
3.52913 3.52847
3.94614 3.9435
4.35765 4.35853
4.77516 4.77455
5.19068 5.19008
5.60519 5.60261
6.0217 6.02013
6.43622 6.43566
6.84974 6.85068
7.26775 7.26671
7.68077 7.67974
8.09279 8.09476
8.5113 8.51028
8.92482 8.92781
9.33932 9.34184
9.75834 9.75937
10.1659 10.1309
10.5884 10.5854
10.9994 11.0009
11.4194 11.4185
11.8354 11.8335
12.2489 12.2485
12.6629 12.664
13.078 13.0816
13.4945 13.4946
13.9105 13.9091
14.326 14.3247
14.741 14.7392
15.1575 15.1567
15.5715 15.5712
15.9881 15.9848
16.4016 16.4008
16.8176 16.8168
17.2341 17.2338
17.6496 17.6464
18.0651 18.0644
18.4801 18.4809
18.8947 18.8929
19.3112 19.3085
19.7237 19.7235
20.1382 20.1405
20.5557 20.5515
20.9717 20.9711
21.3862 21.3861
21.8013 21.8006
22.2178 22.2182
22.6318 22.6317
23.0458 23.0452
23.4618 23.4602
23.8773 23.8758
24.2919 24.2908
24.7084 24.7088
25.1224 25.1223
25.5384 25.5384
25.9549 25.9529
26.3709 26.3689
26.7869 26.7834
27.2 27.1985
27.615 27.6145
28.0325 28.03
28.4475 28.445
28.8625 28.8596
29.2775 29.2761
29.693 29.6911
30.1086 30.1061
30.5226 30.5222
30.9376 30.9382
31.3546 31.3527
31.7686 31.7693
32.1836 32.1828
32.5986 32.5973
33.0142 33.0133
33.4277 33.4273
33.8452 33.8434
34.2617 34.2609
34.6732 34.6719
35.0902 35.09
35.5057 35.506
35.9203 35.9195
36.3378 36.3365
36.7513 36.7481
37.1648 37.1646
37.5803 37.5811
37.9968 37.9951
38.4093 38.4072
38.8279 38.8257
39.2429 39.2397
39.6574 39.6547
40.0709 40.0723
40.4874 40.4868
40.9024 40.9003
41.3184 41.3169
41.733 41.7304
42.1485 42.1454
42.565 42.5629
42.9785 42.978
43.3965 43.3925
43.8105 43.8085
44.226 44.2235
44.6391 44.6356
45.0551 45.0541
45.4696 45.4656
45.8871 45.8846
46.3011 46.3017
46.7141 46.7162
47.1301 47.1292
47.5467 47.5452
47.9637 47.9608
48.3787 48.3788
48.7942 48.7928
49.2092 49.2068
49.6227 49.6229
50.0387 50.0389
50.4533 50.4529
50.8688 50.8665
51.2838 51.2825
51.7003 51.698
52.1148 52.1155
52.5308 52.5306
52.9459 52.9451
53.3599 53.3606
53.7774 53.7761
54.1954 54.1912
54.6089 54.6062
55.0214 55.0212
55.4359 55.4347
55.8525 55.8513
56.2665 56.2668
56.6825 56.6818
57.0985 57.0983
57.5125 57.5129
57.927 57.9289
58.344 58.3444
58.7571 58.7589
59.1736 59.1755
59.5911 59.591
60.0046 60.007
60.4211 60.4201
60.8361 60.8371
61.2516 61.2491
61.6647 61.6656
62.0822 62.0822
62.4967 62.4982
62.9122 62.9122
63.3267 63.3282
63.7417 63.7423
64.1567 64.1568
64.5738 64.5748
64.9853 64.9868
65.4033 65.4044
65.8178 65.8194
66.2333 66.2349
66.6498 66.6484
67.0638 67.0665
67.4799 67.4795
67.8949 67.895
68.3104 68.3101
68.7264 68.7261
69.1434 69.1396
69.5554 69.5561
69.9725 69.9707
70.3885 70.3862
70.8025 70.7992
71.217 71.2137
71.633 71.6328
72.0475 72.0458
72.4645 72.4618
72.8801 72.8768
73.2931 73.2924
73.7101 73.7084
74.1251 74.1219
74.5401 74.5374
74.9551 74.9525
75.3711 75.368
75.7842 75.7835
76.2012 76.1975
76.6162 76.6141
77.0327 77.0291
77.4477 77.4456
77.8632 77.8592
78.2777 78.2762
78.6933 78.6912
79.1093 79.1032
79.5248 79.5198
79.9418 79.9358
80.3558 80.3523
80.7708 80.7688
81.1858 81.1829
81.6009 81.5969
82.0149 82.0124
82.4339 82.4289
82.8479 82.8425
83.2634 83.2595
83.6809 83.6755
84.0944 84.0885
84.506 84.5051
84.922 84.9176
85.3375 85.3321
85.753 85.7496
86.1695 86.1647
86.585 86.5777
87.0015 86.9957
87.4206 87.4153
87.8296 87.8233
88.2491 88.2423
88.6631 88.6568
89.0766 89.0694
89.4921 89.4874
89.9061 89.8999
90.3222 90.3169
90.7377 90.7345
91.1527 91.15
91.5672 91.5615
91.9832 91.9785
-999.9 -999.9
