-999.9 -999.9
-85.4406 -85.4316
-85.0226 -85.0171
-84.6086 -84.6021
-84.1941 -84.1871
-83.7796 -83.7702
-83.3651 -83.3567
-82.9516 -82.9422
-82.5361 -82.5267
-82.1196 -82.1113
-81.7061 -81.6988
-81.2931 -81.2843
-80.8771 -80.8684
-80.4626 -80.4539
-80.0471 -80.0399
-79.6331 -79.6274
-79.2176 -79.21
-78.8031 -78.795
-78.3886 -78.3815
-77.9721 -77.9655
-77.5591 -77.5526
-77.1446 -77.1351
-76.7291 -76.7251
-76.3146 -76.3066
-75.9001 -75.8897
-75.4831 -75.4787
-75.0711 -75.0627
-74.6536 -74.6467
-74.2401 -74.2353
-73.8276 -73.8198
-73.4116 -73.4043
-72.9986 -72.9904
-72.5816 -72.5749
-72.1666 -72.1599
-71.7486 -71.7444
-71.3386 -71.3305
-70.9231 -70.9145
-70.5091 -70.501
-70.0931 -70.0855
-69.6771 -69.6711
-69.2636 -69.2576
-68.8486 -68.8421
-68.4346 -68.4277
-68.0181 -68.0107
-67.6056 -67.5982
-67.1886 -67.1827
-66.7751 -66.7668
-66.3601 -66.3538
-65.9446 -65.9378
-65.5316 -65.5248
-65.1151 -65.1099
-64.6996 -64.6939
-64.2871 -64.2794
-63.8711 -63.8644
-63.4581 -63.452
-63.0426 -63.036
-62.6261 -62.6205
-62.2116 -62.207
-61.7981 -61.7926
-61.3826 -61.3726
-60.9686 -60.9646
-60.5536 -60.5487
-60.1371 -60.1292
-59.7226 -59.7167
-59.3096 -59.3042
-58.8926 -58.8883
-58.4741 -58.4718
-58.0666 -58.0588
-57.6506 -57.6433
-57.2361 -57.2299
-56.8211 -56.8149
-56.4081 -56.4009
-55.9891 -55.9849
-55.5756 -55.5695
-55.1596 -55.1545
-54.7456 -54.7405
-54.3301 -54.325
-53.9141 -53.9096
-53.5031 -53.4996
-53.0881 -53.0811
-52.6741 -52.6672
-52.2586 -52.2512
-51.8436 -51.8372
-51.4286 -51.4227
-51.0131 -51.0067
-50.5996 -50.5918
-50.1836 -50.1778
-49.7701 -49.7643
-49.3546 -49.3474
-48.9386 -48.9344
-48.5241 -48.5169
-48.1086 -48.1054
-47.6961 -47.6895
-47.2796 -47.274
-46.8651 -46.86
-46.4491 -46.445
-46.0361 -46.0311
-45.6226 -45.6171
-45.2086 -45.2026
-44.7926 -44.7862
-44.3776 -44.3722
-43.9625 -43.9587
-43.5485 -43.5452
-43.1336 -43.1293
-42.7186 -42.7133
-42.3031 -42.2963
-41.889 -41.8803
-41.475 -41.4689
-41.0571 -41.0529
-40.6446 -40.6389
-40.2306 -40.2269
-39.8156 -39.8095
-39.4021 -39.393
-38.9836 -38.9795
-38.5735 -38.5655
-38.1551 -38.1506
-37.7416 -37.7356
-37.3265 -37.3211
-36.9115 -36.9071
-36.4951 -36.4902
-36.0831 -36.0757
-35.6655 -35.6612
-35.249 -35.2468
-34.8385 -34.8318
-34.422 -34.4173
-34.0085 -34.0033
-33.593 -33.5884
-33.1795 -33.1744
-32.762 -32.7589
-32.3475 -32.3449
-31.936 -31.9305
-31.521 -31.5155
-31.1045 -31.101
-30.6905 -30.686
-30.2745 -30.2716
-29.8615 -29.8581
-29.4455 -29.4416
-29.031 -29.0272
-28.617 -28.6142
-28.2015 -28.1987
-27.7885 -27.7842
-27.372 -27.3683
-26.958 -26.9513
-26.5415 -26.5398
-26.1285 -26.1243
-25.713 -25.7069
-25.2985 -25.2949
-24.884 -24.8794
-24.4675 -24.4644
-24.055 -24.051
-23.6405 -23.6365
-23.224 -23.2205
-22.811 -22.8056
-22.3955 -22.3911
-21.9795 -21.9756
-21.5665 -21.5591
-21.1515 -21.1472
-20.7365 -20.7322
-20.323 -20.3187
-19.907 -19.9027
-19.4925 -19.4878
-19.0745 -19.0718
-18.661 -18.6573
-18.247 -18.2448
-17.8345 -17.8284
-17.418 -17.4149
-17.002 -16.9989
-16.588 -16.5859
-16.174 -16.1695
-15.7565 -15.755
-15.3455 -15.341
-14.9285 -14.9255
-14.5145 -14.5111
-14.0995 -14.0961
-13.686 -13.6811
-13.271 -13.2657
-12.854 -12.8527
-12.44 -12.4367
-12.0255 -12.0227
-11.6115 -11.6088
-11.196 -11.1923
-10.7835 -10.7808
-10.367 -10.3648
-9.95251 -9.94987
-9.53751 -9.5354
-9.12301 -9.11992
-8.70751 -8.70544
-8.29551 -8.29297
-7.88051 -7.8765
-7.46401 -7.46053
-7.05051 -7.04805
-6.635 -6.63258
-6.21901 -6.2181
-5.8045 -5.80363
-5.389 -5.38766
-4.97601 -4.97418
-4.564 -4.55521
-4.1465 -4.14274
-3.73151 -3.73076
-3.31801 -3.31629
-2.902 -2.89732
-2.48851 -2.48635
-2.073 -2.07137
-1.657 -1.6554
-1.244 -1.24092
-0.832996 -0.828448
-0.414996 -0.41098
0 0
0.414502 0.415973
0.829504 0.83194
1.2445 1.24492
1.6595 1.66089
2.074 2.07686
2.48951 2.48934
2.90151 2.90381
3.32001 3.31928
3.73101 3.73476
4.15601 4.14224
4.56401 4.5642
4.97501 4.97918
5.3925 5.39465
5.80751 5.80862
6.22201 6.2256
6.63701 6.63807
7.05051 7.05405
7.46501 7.46852
7.88101 7.8835
8.29451 8.29897
8.70901 8.71494
9.12551 9.12892
9.54051 9.5429
9.95452 9.95736
10.369 10.3728
10.785 10.7898
11.1985 11.2003
11.615 11.6178
12.028 12.0327
12.4435 12.4482
12.8595 12.8622
13.2705 13.2772
13.688 13.6936
14.1025 14.1061
14.519 14.5221
14.931 14.9365
15.349 15.3505
15.762 15.7655
16.177 16.1805
16.5925 16.5954
17.006 17.0069
17.421 17.4239
17.835 17.8384
18.2495 18.2533
18.6655 18.6663
19.08 19.0833
19.4955 19.4983
19.9085 19.9137
20.326 20.3272
20.7375 20.7412
21.1545 21.1581
21.5675 21.5701
21.984 21.9871
22.3995 22.3991
22.812 22.8155
23.228 23.2295
23.644 23.6465
24.0595 24.0595
24.472 24.4744
24.888 24.8904
25.303 25.3049
25.7175 25.7199
26.1355 26.1363
26.5465 26.5493
26.961 26.9643
27.375 27.3783
27.7895 27.7922
28.2065 28.2087
28.621 28.6227
29.0355 29.0371
29.4475 29.4516
29.864 29.8676
30.279 30.2821
30.6955 30.696
31.1095 31.1135
31.522 31.523
31.937 31.94
32.354 32.3554
32.7665 32.7699
33.184 33.1849
33.596 33.5999
34.012 34.0158
34.427 34.4293
34.843 34.8428
35.2575 35.2578
35.6711 35.6722
36.0841 36.0872
36.5035 36.5042
36.9175 36.9186
37.3296 37.3311
37.7486 37.7476
38.1601 38.1616
38.5736 38.576
38.9916 38.9925
39.4066 39.4085
39.8181 39.822
40.2326 40.2354
40.6486 40.6504
41.0651 41.0654
41.4801 41.4814
41.8926 41.8938
42.3066 42.3093
42.7221 42.7238
43.1391 43.1388
43.5571 43.5532
43.9661 43.9672
44.3811 44.3822
44.7966 44.7971
45.2121 45.2121
45.6271 45.6256
46.0431 46.0441
46.4561 46.4555
46.8706 46.8705
47.2866 47.2845
47.7031 47.702
48.1146 48.1129
48.5326 48.5304
48.9441 48.9469
49.3596 49.3579
49.7761 49.7743
50.1896 50.1893
50.6071 50.6043
51.0221 51.0187
51.4361 51.4337
51.8471 51.8467
52.2621 52.2627
52.6771 52.6791
53.0941 53.0911
53.5091 53.5066
53.9236 53.9221
54.3381 54.3375
54.7531 54.7525
55.1691 55.1675
55.5826 55.58
55.9981 55.9964
56.4126 56.4099
56.8276 56.8254
57.2421 57.2419
57.6596 57.6543
58.0691 58.0703
58.4861 58.4848
58.9001 58.9002
59.3181 59.3162
59.7321 59.7287
60.1451 60.1437
60.5596 60.5581
60.9751 60.9726
61.3926 61.3891
61.8041 61.8031
62.2186 62.219
62.6371 62.636
63.0521 63.049
63.4646 63.466
63.8791 63.8774
64.2946 64.2949
64.7096 64.7094
65.1261 65.1244
65.5391 65.5363
65.9516 65.9513
66.3691 66.3678
66.7821 66.7818
67.1981 67.1962
67.6121 67.6117
68.0271 68.0267
68.4401 68.4406
68.8571 68.8561
69.2721 69.2706
69.6851 69.6826
70.1011 70.099
70.5141 70.5135
70.9311 70.9315
71.3451 71.3455
71.7606 71.7589
72.1746 72.1739
72.5896 72.5889
73.0026 73.0018
73.4216 73.4173
73.8316 73.8318
74.2476 74.2468
74.6626 74.6608
75.0766 75.0752
75.4926 75.4897
75.9036 75.9047
76.3206 76.3191
76.7351 76.7356
77.1511 77.1501
77.5641 77.5641
77.9781 77.977
78.3956 78.393
78.8101 78.8065
79.2241 79.2215
79.6381 79.6354
80.0531 80.0514
80.4681 80.4669
80.8836 80.8783
81.2981 81.2968
81.7126 81.7068
82.1266 82.1253
82.5421 82.5397
82.9576 82.9562
83.3706 83.3682
83.7861 83.7847
84.1991 84.1981
84.6161 84.6126
85.0306 85.0286
85.4456 85.4421
-999.9 -999.9
