-999.9 -999.9
-85.5379 -85.54
-85.1205 -85.1245
-84.7095 -84.7115
-84.292 -84.2946
-83.8765 -83.8796
-83.4595 -83.4637
-83.0461 -83.0472
-82.6316 -82.6327
-82.2176 -82.2188
-81.7996 -81.8008
-81.3881 -81.3863
-80.9711 -80.9749
-80.5557 -80.5589
-80.1412 -80.1434
-79.7267 -79.7265
-79.3092 -79.312
-78.8972 -78.8976
-78.4803 -78.4826
-78.0638 -78.0656
-77.6493 -77.6502
-77.2338 -77.2347
-76.8173 -76.8197
-76.4024 -76.4068
-75.9884 -75.9898
-75.5714 -75.5784
-75.1594 -75.1614
-74.7429 -74.7454
-74.327 -74.33
-73.9115 -73.9155
-73.4955 -73.4995
-73.082 -73.0841
-72.666 -72.6686
-72.2521 -72.2532
-71.8356 -71.8372
-71.4206 -71.4222
-71.0031 -71.0083
-70.5891 -70.5928
-70.1757 -70.1758
-69.7602 -69.7609
-69.3432 -69.3449
-68.9297 -68.9314
-68.5137 -68.515
-68.0988 -68.101
-67.6838 -67.6861
-67.2688 -67.2696
-66.8548 -66.8556
-66.4378 -66.4382
-66.0219 -66.0242
-65.6059 -65.6077
-65.1919 -65.1928
-64.7749 -64.7788
-64.3609 -64.3643
-63.9465 -63.9479
-63.5305 -63.5324
-63.115 -63.1175
-62.7 -62.703
-62.2845 -62.2875
-61.8716 -61.8721
-61.4546 -61.4566
-61.0381 -61.0421
-60.6256 -60.6262
-60.2101 -60.2092
-59.7937 -59.7952
-59.3787 -59.3793
-58.9622 -58.9653
-58.5487 -58.5504
-58.1322 -58.1339
-57.7188 -57.7169
-57.3043 -57.302
-56.8878 -56.888
-56.4713 -56.471
-56.0558 -56.0571
-55.6409 -55.6421
-55.2264 -55.2281
-54.8109 -54.8102
-54.3974 -54.3972
-53.9819 -53.9808
-53.566 -53.5653
-53.1505 -53.1493
-52.7365 -52.7344
-52.3195 -52.3194
-51.9055 -51.9049
-51.4896 -51.4885
-51.0746 -51.0735
-50.6591 -50.656
-50.2451 -50.2416
-49.8291 -49.8271
-49.4137 -49.4122
-48.9982 -48.9967
-48.5837 -48.5822
-48.1662 -48.1658
-47.7527 -47.7508
-47.3402 -47.3413
-46.9223 -46.9209
-46.5078 -46.5069
-46.0923 -46.0929
-45.6773 -45.677
-45.2603 -45.26
-44.8464 -44.8451
-44.4299 -44.4291
-44.0159 -44.0146
-43.6004 -43.5987
-43.1834 -43.1817
-42.769 -42.7667
-42.354 -42.3538
-41.9395 -41.9413
-41.5235 -41.5229
-41.11 -41.1129
-40.6921 -40.6934
-40.2776 -40.2785
-39.8631 -39.8645
-39.4461 -39.446
-39.0331 -39.0296
-38.6167 -38.6156
-38.2017 -38.2001
-37.7852 -37.7852
-37.3702 -37.3712
-36.9537 -36.9543
-36.5403 -36.5413
-36.1228 -36.1243
-35.7098 -35.7109
-35.2938 -35.2949
-34.8793 -34.8794
-34.4624 -34.464
-34.0479 -34.048
-33.6324 -33.6325
-33.2169 -33.2171
-32.8019 -32.8016
-32.3855 -32.3841
-31.9715 -31.9712
-31.5565 -31.5572
-31.1415 -31.1428
-30.7245 -30.7268
-30.3106 -30.3113
-29.8946 -29.8949
-29.4791 -29.4799
-29.0651 -29.0664
-28.6486 -28.6515
-28.2342 -28.2355
-27.8182 -27.8211
-27.4037 -27.4041
-26.9897 -26.9896
-26.5747 -26.5752
-26.1588 -26.1602
-25.7463 -25.7447
-25.3288 -25.3283
-24.9143 -24.9138
-24.4978 -24.4968
-24.0814 -24.0829
-23.6689 -23.6684
-23.2514 -23.2535
-22.8359 -22.8375
-22.4214 -22.4225
-22.0065 -22.0076
-21.592 -21.5936
-21.1755 -21.1786
-20.7615 -20.7627
-20.3455 -20.3472
-19.9301 -19.9322
-19.5156 -19.5163
-19.1006 -19.1018
-18.6861 -18.6879
-18.2686 -18.2724
-17.8536 -17.8574
-17.4407 -17.4425
-17.0212 -17.0255
-16.6077 -16.6105
-16.1927 -16.1946
-15.7763 -15.7786
-15.3633 -15.3632
-14.9483 -14.9497
-14.5323 -14.5337
-14.1158 -14.1198
-13.7018 -13.7058
-13.2849 -13.2888
-12.8704 -12.8744
-12.4554 -12.4574
-12.0379 -12.0414
-11.6254 -11.628
-11.211 -11.2125
-10.796 -10.7985
-10.38 -10.3836
-9.96752 -9.96762
-9.55105 -9.55166
-9.13456 -9.1367
-8.72008 -8.72023
-8.30411 -8.30677
-7.88912 -7.89081
-7.47314 -7.47534
-7.05666 -7.05988
-6.64368 -6.64442
-6.2262 -6.23095
-5.81423 -5.81499
-5.39824 -5.40002
-4.98226 -4.98556
-4.56678 -4.5696
-4.1528 -4.15413
-3.73632 -3.73767
-3.32234 -3.32371
-2.90587 -2.90724
-2.49138 -2.49378
-2.0769 -2.07882
-1.66143 -1.66436
-1.24644 -1.24939
-0.830457 -0.832428
-0.416479 -0.416461
0 0
0.413483 0.412964
0.831457 0.829425
1.24644 1.24489
1.66042 1.65986
2.0764 2.07532
2.49188 2.48978
2.90786 2.90575
3.32184 3.3207
3.73782 3.73467
4.1523 4.15063
4.56829 4.56509
4.98276 4.98056
5.39674 5.39603
5.81273 5.81049
6.2272 6.22595
6.64218 6.64042
7.05867 7.05688
7.47214 7.46834
7.88812 7.8878
8.30361 8.30327
8.71859 8.71874
9.13507 9.1337
9.54805 9.54866
9.96502 9.96462
10.38 10.3796
10.7945 10.7961
11.2085 11.211
11.6249 11.624
12.0404 12.0399
12.4534 12.4544
12.8694 12.8704
13.2854 13.2853
13.7008 13.6988
14.1158 14.1143
14.5313 14.5307
14.9458 14.9447
15.3623 15.3596
15.7768 15.7751
16.1907 16.1896
16.6072 16.605
17.0217 17.0205
17.4357 17.4355
17.8536 17.8504
18.2676 18.2674
18.6821 18.6809
19.1006 19.0973
19.5131 19.5118
19.9311 19.9273
20.343 20.3417
20.76 20.7577
21.174 21.1731
21.588 21.5886
22.004 22.0026
22.4199 22.4185
22.8354 22.834
23.2494 23.2475
23.6654 23.6629
24.0803 24.0789
24.4993 24.4959
24.9123 24.9113
25.3268 25.3263
25.7423 25.7402
26.1567 26.1557
26.5747 26.5727
26.9872 26.9871
27.4047 27.4026
27.8177 27.8165
28.2332 28.232
28.6491 28.647
29.0641 29.0614
29.4776 29.4769
29.8931 29.8924
30.31 30.3083
30.7255 30.7243
31.141 31.1388
31.555 31.5537
31.9725 31.9712
32.3875 32.3857
32.8024 32.7996
33.2189 33.2166
33.6309 33.632
34.0464 34.046
34.4629 34.4615
34.8783 34.8759
35.2938 35.2919
35.7083 35.7079
36.1233 36.1228
36.5388 36.5383
36.9548 36.9538
37.3692 37.3692
37.7852 37.7832
38.2002 38.2001
38.6152 38.6161
39.0307 39.0301
39.4461 39.4475
39.8611 39.8625
40.2771 40.276
40.6921 40.6919
41.1075 41.1064
41.5225 41.5198
41.9405 41.9363
42.354 42.3518
42.7695 42.7667
43.1809 43.1822
43.5984 43.5987
44.0149 44.0156
44.4294 44.4281
44.8454 44.844
45.2604 45.2605
45.6748 45.6735
46.0908 46.0919
46.5058 46.5039
46.9208 46.9204
47.3353 47.3348
47.7522 47.7508
48.1667 48.1663
48.5822 48.5812
48.9987 48.9982
49.4116 49.4107
49.8281 49.8261
50.2436 50.2411
50.6571 50.6581
51.0731 51.0715
51.4916 51.4875
51.902 51.9019
52.3185 52.3179
52.7335 52.7334
53.1495 53.1508
53.5655 53.5668
53.9784 53.9788
54.3944 54.3947
54.8109 54.8092
55.2259 55.2246
55.6413 55.6421
56.0568 56.0566
56.4703 56.4705
56.8873 56.886
57.3028 57.3
57.7172 57.7154
58.1312 58.1309
58.5462 58.5444
58.9632 58.9648
59.3772 59.3783
59.7932 59.7932
60.2091 60.2092
60.6231 60.6237
61.0396 61.0416
61.4536 61.4536
61.8711 61.8711
62.284 62.2835
62.6995 62.7015
63.116 63.1135
63.5355 63.5309
63.9465 63.9479
64.3624 64.3618
64.7759 64.7773
65.1924 65.1908
65.6084 65.6072
66.0239 66.0217
66.4393 66.4387
66.8523 66.8536
67.2688 67.2701
67.6843 67.683
68.0998 68.1
68.5157 68.518
68.9302 68.9304
69.3472 69.3449
69.7622 69.7614
70.1782 70.1758
70.5921 70.5918
71.0061 71.0083
71.4216 71.4227
71.8386 71.8387
72.2551 72.2541
72.6695 72.6686
73.0875 73.0861
73.501 73.501
73.916 73.914
74.3315 74.33
74.7464 74.7444
75.1604 75.1609
75.5829 75.5794
75.9894 75.9913
76.4119 76.4063
76.8268 76.8227
77.2403 77.2357
77.6543 77.6532
78.0723 78.0671
78.4853 78.4826
78.9018 78.8976
79.3182 79.315
79.7322 79.727
80.1482 80.1455
80.5657 80.5614
80.9781 80.9754
81.3961 81.3918
81.8111 81.8058
82.2291 82.2208
82.6401 82.6347
83.0576 83.0507
83.474 83.4652
83.8885 83.8801
84.308 84.2976
84.7195 84.7121
85.134 85.1305
85.5479 85.5435
-999.9 -999.9
