-999.9 -999.9
-83.5841 -83.5776
-83.1782 -83.1716
-82.7707 -82.7621
-82.3652 -82.3601
-81.9642 -81.9547
-81.5548 -81.5507
-81.1558 -81.1462
-80.7473 -80.7387
-80.3368 -80.3323
-79.9314 -79.9258
-79.5289 -79.5203
-79.1179 -79.1153
-78.7204 -78.7119
-78.3115 -78.3074
-77.9065 -77.9004
-77.4995 -77.4959
-77.0965 -77.0835
-76.6866 -76.6805
-76.2876 -76.2765
-75.8736 -75.87
-75.4692 -75.4641
-75.0617 -75.0591
-74.6637 -74.6546
-74.2582 -74.2497
-73.8458 -73.8412
-73.4418 -73.4372
-73.0383 -73.0292
-72.6303 -72.6248
-72.2254 -72.2193
-71.8244 -71.8158
-71.4139 -71.4073
-71.0064 -71.0019
-70.601 -70.5954
-70.1945 -70.1899
-69.7935 -69.7854
-69.3905 -69.3815
-68.9776 -68.9725
-68.5746 -68.569
-68.1706 -68.1641
-67.7532 -67.7566
-67.3582 -67.3511
-66.9502 -66.9466
-66.5437 -66.5387
-66.1403 -66.1347
-65.7328 -65.7257
-65.3268 -65.3242
-64.9213 -64.9183
-64.5154 -64.5118
-64.1094 -64.1063
-63.7034 -63.6978
-63.3049 -63.2954
-62.892 -62.8874
-62.49 -62.4839
-62.0865 -62.0775
-61.677 -61.672
-61.2731 -61.2675
-60.8661 -60.86
-60.4551 -60.4521
-60.0541 -60.0486
-59.6487 -59.6411
-59.2452 -59.2376
-58.8342 -58.8307
-58.4313 -58.4252
-58.0263 -58.0212
-57.6223 -57.6137
-57.2168 -57.2083
-56.8093 -56.8018
-56.4024 -56.3953
-55.9934 -55.9898
-55.5924 -55.5854
-55.1825 -55.1794
-54.7815 -54.7734
-54.374 -54.3675
-53.9655 -53.961
-53.5621 -53.5565
-53.1551 -53.148
-52.7531 -52.7461
-52.3421 -52.3386
-51.9397 -51.9331
-51.5357 -51.5286
-51.1302 -51.1217
-50.7232 -50.7152
-50.3198 -50.3102
-49.9083 -49.9047
-49.5078 -49.4998
-49.0958 -49.0913
-48.6944 -48.6898
-48.2849 -48.2799
-47.8809 -47.8759
-47.475 -47.4709
-47.0695 -47.0649
-46.6645 -46.6595
-46.2615 -46.2535
-45.8581 -45.8485
-45.4501 -45.4425
-45.0431 -45.0351
-44.6376 -44.6316
-44.2327 -44.2246
-43.8217 -43.8191
-43.4277 -43.4147
-43.0132 -43.0077
-42.6068 -42.6012
-42.2018 -42.1952
-41.7958 -41.7888
-41.3948 -41.3848
-40.9879 -40.9783
-40.5774 -40.5714
-40.1689 -40.1664
-39.7709 -39.7629
-39.3645 -39.3559
-38.9565 -38.9495
-38.55 -38.5435
-38.1455 -38.1375
-37.7401 -37.733
-37.3331 -37.3271
-36.9281 -36.9216
-36.5237 -36.5161
-36.1167 -36.1106
-35.7107 -35.7032
-35.3022 -35.2977
-34.8938 -34.8922
-34.4923 -34.4862
-34.0853 -34.0803
-33.6843 -33.6783
-33.2779 -33.2698
-32.8699 -32.8634
-32.4674 -32.4599
-32.0639 -32.0539
-31.655 -31.6479
-31.247 -31.241
-30.841 -30.838
-30.436 -30.4305
-30.0296 -30.0265
-29.6281 -29.6201
-29.2221 -29.2151
-28.8201 -28.8086
-28.4042 -28.4021
-28.0022 -27.9972
-27.5997 -27.5942
-27.1913 -27.1862
-26.7873 -26.7798
-26.3788 -26.3743
-25.9768 -25.9688
-25.5669 -25.5613
-25.1664 -25.1569
-24.7559 -24.7489
-24.3504 -24.3454
-23.945 -23.9389
-23.5405 -23.5335
-23.1365 -23.129
-22.7315 -22.7235
-22.3226 -22.3175
-21.9161 -21.9121
-21.5166 -21.5076
-21.1106 -21.1016
-20.7087 -20.6961
-20.2942 -20.2882
-19.8902 -19.8827
-19.4867 -19.4767
-19.0818 -19.0718
-18.6738 -18.6658
-18.2688 -18.2588
-17.8629 -17.8543
-17.4579 -17.4509
-17.0504 -17.0439
-16.6429 -16.6374
-16.238 -16.2329
-15.8355 -15.8265
-15.43 -15.421
-15.021 -15.015
-14.6181 -14.6085
-14.2096 -14.2021
-13.8061 -13.7966
-13.4006 -13.3911
-12.9897 -12.9837
-12.5902 -12.5802
-12.1852 -12.1742
-11.7787 -11.7697
-11.3743 -11.3643
-10.9673 -10.9548
-10.5613 -10.5518
-10.1558 -10.1463
-9.74788 -9.73536
-9.3484 -9.33489
-8.93793 -8.92792
-8.52896 -8.52294
-8.12398 -8.11647
-7.72 -7.71149
-7.31553 -7.30502
-6.91356 -6.90005
-6.50708 -6.49507
-6.10061 -6.0891
-5.69313 -5.68163
-5.28516 -5.27615
-4.87919 -4.87118
-4.47321 -4.4652
-4.06724 -4.05873
-3.66327 -3.65526
-3.25479 -3.24629
-2.85332 -2.84331
-2.44484 -2.43484
-2.03837 -2.03036
-1.6339 -1.62539
-1.22842 -1.21892
-0.827448 -0.81394
-0.412976 -0.40697
0 0
0.390973 0.401977
0.799945 0.808948
1.20342 1.21442
1.6099 1.6199
2.01637 2.02687
2.42084 2.43235
2.82632 2.83782
3.23429 3.24379
3.63876 3.65126
4.04324 4.05424
4.45071 4.45921
4.85519 4.86719
5.25916 5.26966
5.66863 5.67613
6.07761 6.08411
6.47608 6.48708
6.88156 6.89255
7.29153 7.29853
7.6955 7.7045
8.10548 8.11047
8.50546 8.51545
8.91743 8.92142
9.3184 9.3269
9.72238 9.73187
10.1303 10.1378
10.5343 10.5433
10.9393 10.9478
11.3463 11.3553
11.7542 11.7632
12.1567 12.1652
12.5647 12.5737
12.9702 12.9777
13.3751 13.3836
13.7806 13.7896
14.1846 14.1951
14.5896 14.6
14.9965 15.005
15.402 15.411
15.8065 15.817
16.2105 16.2209
16.6214 16.6299
17.0274 17.0359
17.4284 17.4399
17.8349 17.8458
18.2413 18.2518
18.6458 18.6568
19.0498 19.0633
19.4552 19.4672
19.8642 19.8752
20.2652 20.2787
20.6717 20.6827
21.0781 21.0901
21.4876 21.4956
21.8921 21.9041
22.2926 22.3086
22.7005 22.7135
23.1045 23.1195
23.517 23.528
23.9165 23.9314
24.3279 24.3379
24.7334 24.7444
25.1399 25.1489
25.5394 25.5518
25.9448 25.9593
26.3533 26.3643
26.7563 26.7708
27.1618 27.1797
27.5697 27.5822
27.9767 27.9902
28.3812 28.3941
28.7827 28.7986
29.1941 29.2066
29.5961 29.6106
30.0031 30.0165
30.4075 30.423
30.823 30.83
31.22 31.2345
31.625 31.6409
32.0379 32.0484
32.4364 32.4514
32.8414 32.8564
33.2514 33.2653
33.6523 33.6693
34.0583 34.0738
34.4628 34.4813
34.8708 34.8862
35.2792 35.2917
35.6877 35.6992
36.0887 36.1031
36.4967 36.5096
36.9046 36.9166
37.3041 37.3226
37.7176 37.729
38.1186 38.132
38.528 38.5405
38.932 38.9455
39.3395 39.3519
39.7444 39.7564
40.1459 40.1619
40.5549 40.5694
40.9584 40.9723
41.3628 41.3793
41.7693 41.7853
42.1748 42.1893
42.5823 42.5962
42.9887 43.0017
43.3937 43.4077
43.7997 43.8136
44.2102 44.2206
44.6116 44.6246
45.0176 45.0316
45.4286 45.437
45.8276 45.8415
46.237 46.2475
46.647 46.6535
47.0465 47.0589
47.451 47.4639
47.8564 47.8684
48.2659 48.2754
48.6699 48.6813
49.0788 49.0888
49.4838 49.4953
49.8908 49.8997
50.2963 50.3067
50.7017 50.7102
51.1002 51.1137
51.5162 51.5236
51.9197 51.9281
52.3191 52.3321
52.7331 52.7396
53.1366 53.145
53.5376 53.55
53.944 53.956
54.349 54.3595
54.753 54.7664
55.1635 55.1744
55.5674 55.5794
55.9769 55.9854
56.3779 56.3893
56.7834 56.7943
57.1938 57.2023
57.5918 57.6047
57.9983 58.0112
58.4067 58.4177
58.8102 58.8227
59.2222 59.2316
59.6187 59.6341
60.0346 60.0431
60.4336 60.4461
60.8486 60.855
61.2421 61.2575
61.649 61.662
62.0665 62.0735
62.4685 62.4764
62.8725 62.8829
63.2789 63.2884
63.6889 63.6959
64.0909 64.1003
64.4919 64.5063
64.9068 64.9148
65.3108 65.3192
65.7073 65.7247
66.1123 66.1272
66.5182 66.5332
66.9267 66.9401
67.3317 67.3431
67.7342 67.7506
68.1421 68.1576
68.5476 68.565
68.9546 68.9695
69.367 69.378
69.766 69.7804
70.179 70.1899
70.584 70.5954
70.9894 71.0024
71.3984 71.4098
71.7974 71.8123
72.2094 72.2198
72.6083 72.6238
73.0108 73.0282
73.4248 73.4352
73.8283 73.8402
74.2327 74.2472
74.6402 74.6541
75.0452 75.0596
75.4531 75.4646
75.8546 75.8681
76.2586 76.2745
76.6626 76.679
77.0725 77.086
77.4725 77.491
77.8785 77.8969
78.29 78.3034
78.6949 78.7089
79.0994 79.1143
79.5039 79.5203
79.9114 79.9268
80.3173 80.3318
80.7248 80.7382
81.1278 81.1427
81.5423 81.5507
81.9402 81.9547
82.3477 82.3611
82.7552 82.7666
83.1642 83.1731
83.5681 83.5781
-999.9 -999.9
