-999.9 -999.9
-83.5854 -83.583
-83.1784 -83.179
-82.7694 -82.7661
-82.3654 -82.3636
-81.9604 -81.9626
-81.5575 -81.5572
-81.1505 -81.1512
-80.746 -80.7462
-80.337 -80.3393
-79.931 -79.9333
-79.5275 -79.5283
-79.1206 -79.1209
-78.7161 -78.7149
-78.3101 -78.3104
-77.9051 -77.9045
-77.4991 -77.4985
-77.0932 -77.0926
-76.6852 -76.6851
-76.2812 -76.2806
-75.8762 -75.8762
-75.4692 -75.4692
-75.0647 -75.0618
-74.6593 -74.6568
-74.2513 -74.2493
-73.8488 -73.8474
-73.4433 -73.4399
-73.0353 -73.0349
-72.6299 -72.63
-72.2239 -72.225
-71.8179 -71.8165
-71.4129 -71.4116
-71.0069 -71.0061
-70.6004 -70.5991
-70.195 -70.1942
-69.7905 -69.7887
-69.3885 -69.3843
-68.979 -68.9788
-68.5755 -68.5693
-68.169 -68.1664
-67.7606 -67.7579
-67.3576 -67.3534
-66.9466 -66.9415
-66.5421 -66.538
-66.1381 -66.1325
-65.7332 -65.7271
-65.3267 -65.3231
-64.9197 -64.9176
-64.5162 -64.5112
-64.1082 -64.1072
-63.7052 -63.6973
-63.2978 -63.2943
-62.8943 -62.8918
-62.4888 -62.4854
-62.0828 -62.0784
-61.6753 -61.672
-61.2673 -61.266
-60.8634 -60.863
-60.4569 -60.4516
-60.0529 -60.0441
-59.6474 -59.6451
-59.2419 -59.2382
-58.8344 -58.8287
-58.429 -58.4237
-58.0235 -58.0178
-57.6185 -57.6118
-57.2115 -57.2084
-56.807 -56.8054
-56.4006 -56.3974
-55.9921 -55.988
-55.5891 -55.584
-55.1836 -55.1765
-54.7776 -54.7706
-54.3671 -54.3681
-53.9657 -53.9616
-53.5602 -53.5582
-53.1547 -53.1512
-52.7472 -52.7458
-52.3427 -52.3413
-51.9372 -51.9358
-51.5303 -51.5294
-51.1248 -51.1219
-50.7208 -50.7164
-50.3143 -50.314
-49.9068 -49.9055
-49.5038 -49.5015
-49.0944 -49.0941
-48.6894 -48.6881
-48.2839 -48.2817
-47.8779 -47.8732
-47.4729 -47.4727
-47.0685 -47.0673
-46.663 -46.6593
-46.2565 -46.2558
-45.849 -45.8474
-45.443 -45.4409
-45.0375 -45.039
-44.6326 -44.631
-44.2281 -44.2265
-43.8216 -43.8196
-43.4151 -43.4131
-43.0106 -43.0116
-42.6042 -42.6032
-42.1987 -42.1947
-41.7917 -41.7892
-41.3862 -41.3848
-40.9822 -40.9753
-40.5752 -40.5758
-40.1688 -40.1659
-39.7628 -39.7624
-39.3593 -39.355
-38.9503 -38.95
-38.5453 -38.5435
-38.1393 -38.1381
-37.7344 -37.7321
-37.3294 -37.3261
-36.9229 -36.9207
-36.5169 -36.5147
-36.1109 -36.1097
-35.705 -35.7033
-35.299 -35.2973
-34.892 -34.8919
-34.488 -34.4874
-34.0855 -34.0809
-33.677 -33.674
-33.2721 -33.2685
-32.8656 -32.8635
-32.4596 -32.4596
-32.0536 -32.0526
-31.6491 -31.6457
-31.2441 -31.2417
-30.8352 -30.8357
-30.4302 -30.4273
-30.0257 -30.0238
-29.6192 -29.6178
-29.2137 -29.2119
-28.8073 -28.8064
-28.4023 -28.4034
-27.9978 -28
-27.5913 -27.5915
-27.1843 -27.1821
-26.7778 -26.7791
-26.3734 -26.3736
-25.9684 -25.9697
-25.5619 -25.5602
-25.1554 -25.1552
-24.7504 -24.7513
-24.3434 -24.3438
-23.938 -23.9358
-23.534 -23.5339
-23.1255 -23.1234
-22.7215 -22.7214
-22.3165 -22.315
-21.9105 -21.9095
-21.5056 -21.5041
-21.0986 -21.0961
-20.6906 -20.6901
-20.2861 -20.2847
-19.8781 -19.8777
-19.4737 -19.4743
-19.0672 -19.0698
-18.6602 -18.6633
-18.2557 -18.2579
-17.8507 -17.8529
-17.4422 -17.4464
-17.0388 -17.0405
-16.6328 -16.6335
-16.2283 -16.227
-15.8208 -15.8236
-15.4163 -15.4181
-15.0098 -15.0131
-14.6044 -14.6087
-14.1984 -14.2012
-13.7894 -13.7948
-13.3869 -13.3898
-12.9809 -12.9848
-12.576 -12.5789
-12.1695 -12.1704
-11.7625 -11.7654
-11.3575 -11.3605
-10.951 -10.952
-10.5465 -10.5485
-10.1406 -10.1421
-9.73408 -9.73663
-9.3266 -9.33066
-8.92011 -8.9252
-8.51563 -8.51973
-8.11165 -8.11127
-7.70867 -7.70881
-7.29919 -7.30084
-6.8957 -6.89687
-6.48922 -6.49091
-6.08224 -6.08495
-5.67576 -5.67648
-5.27178 -5.27102
-4.86628 -4.86556
-4.4593 -4.4606
-4.05332 -4.05513
-3.64834 -3.65117
-3.24236 -3.24521
-2.83588 -2.83925
-2.4304 -2.43228
-2.02591 -2.02832
-1.61893 -1.62285
-1.21045 -1.21689
-0.807465 -0.810925
-0.397479 -0.404462
0 0
0.409485 0.405469
0.814966 0.80943
1.22195 1.2184
1.62643 1.62336
2.03241 2.02782
2.43739 2.43378
2.84238 2.84075
3.24886 3.24622
3.65334 3.65217
4.05832 4.05663
4.46431 4.4636
4.87079 4.86956
5.27577 5.27402
5.68176 5.68049
6.08824 6.08495
6.49322 6.49092
6.9017 6.89788
7.30469 7.30284
7.71117 7.70731
8.11515 8.11378
8.52263 8.51974
8.92761 8.9252
9.3296 9.32866
9.73908 9.73663
10.1446 10.1391
10.5505 10.5481
10.9555 10.9525
11.3625 11.3595
11.768 11.7659
12.174 12.1704
12.58 12.5754
12.9854 12.9828
13.3904 13.3883
13.7959 13.7928
14.2014 14.1997
14.6079 14.6052
15.0133 15.0112
15.4178 15.4151
15.8238 15.8231
16.2288 16.228
16.6343 16.633
17.0413 17.0385
17.4472 17.4439
17.8532 17.8499
18.2592 18.2559
18.6647 18.6608
19.0707 19.0663
19.4757 19.4727
19.8806 19.8797
20.2866 20.2842
20.6946 20.6916
21.0971 21.0956
21.5051 21.5001
21.9101 21.906
22.314 22.311
22.7205 22.7195
23.128 23.1264
23.5315 23.5279
23.939 23.9369
24.3439 24.3418
24.7494 24.7463
25.1554 25.1532
25.5604 25.5587
25.9669 25.9642
26.3729 26.3721
26.7778 26.7761
27.1853 27.1836
27.5903 27.589
27.9958 27.992
28.4018 28.4014
28.8068 28.8039
29.2122 29.2109
29.6187 29.6183
30.0242 30.0223
30.4312 30.4268
30.8352 30.8357
31.2416 31.2412
31.6481 31.6462
32.0521 32.0531
32.4596 32.4576
32.8651 32.865
33.2701 33.269
33.677 33.6765
34.0835 34.0809
34.4875 34.4889
34.892 34.8914
35.2995 35.2978
35.7065 35.7048
36.1114 36.1103
36.5169 36.5162
36.9234 36.9207
37.3289 37.3271
37.7369 37.7331
38.1383 38.1371
38.5468 38.5435
38.9508 38.95
39.3568 39.3555
39.7623 39.7644
40.1688 40.1699
40.5747 40.5729
40.9797 40.9798
41.3847 41.3843
41.7927 41.7907
42.1987 42.1957
42.6022 42.6017
43.0081 43.0076
43.4126 43.4126
43.8181 43.8151
44.2256 44.225
44.6306 44.63
45.037 45.038
45.443 45.4424
45.8495 45.8499
46.2545 46.2538
46.6615 46.6603
47.066 47.0673
47.4709 47.4707
47.8764 47.8762
48.2819 48.2807
48.6879 48.6866
49.0959 49.0951
49.4999 49.4991
49.9053 49.905
50.3113 50.3105
50.7173 50.7154
51.1238 51.1229
51.5288 51.5279
51.9348 51.9338
52.3417 52.3388
52.7462 52.7468
53.1512 53.1517
53.5577 53.5567
53.9627 53.9617
54.3676 54.3681
54.7751 54.7756
55.1806 55.1805
55.5876 55.5865
55.9911 55.9895
56.3976 56.3984
56.8025 56.8034
57.209 57.2089
57.616 57.6148
58.0205 58.0198
58.4285 58.4257
58.833 58.8312
59.2369 59.2357
59.6409 59.6406
60.0499 60.0476
60.4549 60.4541
60.8639 60.8605
61.2673 61.263
61.6743 61.6725
62.0798 62.0769
62.4853 62.4824
62.8908 62.8883
63.2958 63.2948
63.7032 63.7008
64.1092 64.1072
64.5142 64.5107
64.9197 64.9182
65.3252 65.3236
65.7317 65.7306
66.1356 66.1351
66.5436 66.54
66.9491 66.9465
67.3566 67.3539
67.7596 67.7579
68.1685 68.1634
68.572 68.5688
68.978 68.9763
69.3835 69.3798
69.79 69.7877
70.1945 70.1912
70.6029 70.5982
71.0064 71.0026
71.4144 71.4116
71.8169 71.8135
72.2229 72.2215
72.6319 72.6265
73.0328 73.0314
73.4413 73.4369
73.8473 73.8464
74.2503 74.2493
74.6613 74.6573
75.0637 75.0603
75.4707 75.4662
75.8772 75.8737
76.2812 76.2786
76.6887 76.6871
77.0937 77.0906
77.4981 77.4965
77.9031 77.9015
78.3111 78.3095
78.7151 78.7129
79.1236 79.1199
79.5266 79.5244
79.9345 79.9313
80.3405 80.3378
80.7425 80.7427
81.1515 81.1512
81.556 81.5562
81.962 81.9591
82.3679 82.3671
82.7739 82.7726
83.1809 83.177
83.5869 83.585
-999.9 -999.9
