-999.9 -999.9
-85.5529 -85.5451
-85.1399 -85.139
-84.7243 -84.7245
-84.3073 -84.3089
-83.8923 -83.8924
-83.4777 -83.4778
-83.0622 -83.0608
-82.6452 -82.6477
-82.2296 -82.2317
-81.8151 -81.8181
-81.4006 -81.3996
-80.986 -80.9881
-80.571 -80.572
-80.156 -80.159
-79.7405 -79.7384
-79.3254 -79.3288
-78.9109 -78.9133
-78.4959 -78.4898
-78.0813 -78.0812
-77.6643 -77.6572
-77.2478 -77.2501
-76.8337 -76.8356
-76.4182 -76.42
-76.0032 -76.006
-75.5886 -75.5869
-75.1726 -75.1759
-74.7586 -74.7558
-74.343 -74.3453
-73.926 -73.9282
-73.512 -73.5137
-73.0975 -73.0976
-72.6824 -72.6756
-72.2679 -72.27
-71.8524 -71.855
-71.4373 -71.4339
-71.0233 -71.0229
-70.6073 -70.6053
-70.1922 -70.1933
-69.7767 -69.7762
-69.3607 -69.3612
-68.9466 -68.9401
-68.5296 -68.5281
-68.1161 -68.1165
-67.7011 -67.6955
-67.2855 -67.2854
-66.87 -66.8714
-66.455 -66.4488
-66.0399 -66.0403
-65.6254 -65.6242
-65.2084 -65.2082
-64.7928 -64.7941
-64.3768 -64.3781
-63.9618 -63.9565
-63.5457 -63.5465
-63.1302 -63.1319
-62.7162 -62.7174
-62.3006 -62.3023
-61.8851 -61.8808
-61.4701 -61.4707
-61.0541 -61.0552
-60.6385 -60.6412
-60.2235 -60.2246
-59.8055 -59.8081
-59.3919 -59.3935
-58.9774 -58.9795
-58.5609 -58.5549
-58.1448 -58.1464
-57.7303 -57.7303
-57.3138 -57.3143
-56.8977 -56.8997
-56.4832 -56.4852
-56.0687 -56.0701
-55.6537 -55.6551
-55.2376 -55.2405
-54.8221 -54.8245
-54.4071 -54.4089
-53.9915 -53.9934
-53.576 -53.5768
-53.1615 -53.1623
-52.7459 -52.7467
-52.3304 -52.3302
-51.9149 -51.9151
-51.4988 -51.4986
-51.0838 -51.081
-50.6683 -50.6675
-50.2533 -50.2449
-49.8387 -49.8374
-49.4222 -49.4138
-49.0062 -49.0068
-48.5926 -48.5927
-48.1771 -48.1782
-47.7611 -47.7601
-47.3465 -47.3466
-46.9305 -46.9315
-46.517 -46.517
-46.1004 -46.0989
-45.6864 -45.6854
-45.2699 -45.2683
-44.8543 -44.8523
-44.4403 -44.4357
-44.0263 -44.0237
-43.6103 -43.6076
-43.1942 -43.1821
-42.7782 -42.766
-42.3637 -42.3535
-41.9486 -41.9439
-41.5321 -41.5309
-41.1181 -41.1158
-40.698 -40.7023
-40.286 -40.2858
-39.8715 -39.8707
-39.4554 -39.4552
-39.0389 -39.0381
-38.6254 -38.6191
-38.2098 -38.2085
-37.7953 -37.7945
-37.3793 -37.3679
-36.9628 -36.9639
-36.5462 -36.5483
-36.1322 -36.1338
-35.7187 -35.7187
-35.3011 -35.3047
-34.8861 -34.8876
-34.4716 -34.4711
-34.0575 -34.057
-33.6415 -33.6415
-33.2255 -33.2269
-32.811 -32.8109
-32.3949 -32.3958
-31.9794 -31.9778
-31.5649 -31.5647
-31.1498 -31.1477
-30.7338 -30.7346
-30.3188 -30.3206
-29.9022 -29.9025
-29.4877 -29.487
-29.0717 -29.0719
-28.6571 -28.6589
-28.2421 -28.2438
-27.8261 -27.8283
-27.411 -27.4117
-26.9965 -26.9922
-26.5795 -26.5731
-26.1655 -26.1621
-25.7499 -25.7495
-25.3359 -25.3315
-24.9199 -24.9204
-24.5048 -24.5044
-24.0898 -24.0898
-23.6738 -23.6733
-23.2577 -23.2592
-22.8432 -22.8447
-22.4267 -22.4286
-22.0121 -22.0016
-21.5971 -21.599
-21.1816 -21.181
-20.767 -20.7664
-20.35 -20.3504
-19.9355 -19.9349
-19.5205 -19.5213
-19.1044 -19.1047
-18.6889 -18.6902
-18.2744 -18.2767
-17.8583 -17.8596
-17.4438 -17.4431
-17.0288 -17.0275
-16.6132 -16.612
-16.1972 -16.1969
-15.7817 -15.7809
-15.3656 -15.3653
-14.9516 -14.9503
-14.5351 -14.5352
-14.1216 -14.1222
-13.705 -13.7046
-13.29 -13.2881
-12.8755 -12.876
-12.4599 -12.4595
-12.0439 -12.0449
-11.6289 -11.6269
-11.2123 -11.2138
-10.7968 -10.7993
-10.3808 -10.3837
-9.96824 -9.96768
-9.55271 -9.55163
-9.13668 -9.13858
-8.72065 -8.72203
-8.30512 -8.30548
-7.88959 -7.88793
-7.47306 -7.47488
-7.05903 -7.05933
-6.64349 -6.64528
-6.22947 -6.22874
-5.81343 -5.81418
-5.3984 -5.40114
-4.98287 -4.98409
-4.56834 -4.56804
-4.15081 -4.15199
-3.73678 -3.73644
-3.32225 -3.32189
-2.90671 -2.90635
-2.49019 -2.48979
-2.07565 -2.07574
-1.65963 -1.6612
-1.24509 -1.24565
-0.829559 -0.830597
-0.413531 -0.414551
0 0
0.41604 0.415051
0.831067 0.828595
1.2466 1.24515
1.66213 1.6607
2.07816 2.07524
2.49219 2.4908
2.90722 2.90585
3.32275 3.32139
3.73729 3.73745
4.15132 4.15248
4.56785 4.56804
4.98338 4.98408
5.39841 5.39863
5.81544 5.81468
6.22847 6.22874
6.6435 6.64528
7.05903 7.05933
7.47407 7.47488
7.89009 7.88993
8.30513 8.30498
8.72016 8.72053
9.13369 9.13558
9.55072 9.55063
9.96575 9.96617
10.3818 10.3822
10.7958 10.7968
11.2113 11.2128
11.6279 11.6264
12.0429 12.0419
12.4589 12.457
12.8725 12.873
13.286 13.2981
13.704 13.7026
14.1196 14.1257
14.5341 14.5432
14.9491 14.9548
15.3637 15.3628
15.7802 15.7779
16.1947 16.1934
16.6112 16.609
17.0268 17.025
17.4413 17.4396
17.8578 17.8546
18.2704 18.2692
18.6869 18.6862
19.1034 19.1007
19.5175 19.5168
19.933 19.9324
20.3475 20.3474
20.7626 20.764
21.1781 21.175
21.5931 21.594
22.0102 22.0091
22.4247 22.4241
22.8412 22.8397
23.2552 23.2552
23.6703 23.6703
24.0873 24.0853
24.5013 24.5009
24.9164 24.9164
25.3319 25.3305
25.7469 25.7445
26.161 26.1606
26.576 26.5756
26.9925 26.9917
27.4086 27.4072
27.8226 27.8213
28.2391 28.2373
28.6546 28.6519
29.0687 29.0669
29.4842 29.482
29.9012 29.898
30.3133 30.3151
30.7313 30.7296
31.1463 31.1442
31.5599 31.5607
31.9759 31.9733
32.3909 32.3893
32.807 32.8054
33.222 33.2209
33.637 33.638
34.052 34.0525
34.4681 34.4676
34.8811 34.8821
35.2976 35.2967
35.7127 35.7112
36.1297 36.1283
36.5442 36.5433
36.9588 36.9579
37.3738 37.3729
37.7883 37.7874
38.2034 38.2035
38.6179 38.618
39.0339 39.0351
39.4505 39.4507
39.8665 39.8672
40.281 40.2807
40.697 40.6948
41.1101 41.1093
41.5226 41.5239
41.9406 41.9389
42.3572 42.3565
42.7717 42.772
43.1872 43.1866
43.6018 43.6011
44.0173 44.0167
44.4323 44.4322
44.8478 44.8483
45.2619 45.2623
45.6784 45.6794
46.094 46.0944
46.5085 46.5095
46.9235 46.9245
47.339 47.3391
47.7541 47.7541
48.1676 48.1702
48.5846 48.5852
48.9997 49.0023
49.4172 49.4163
49.8317 49.8324
50.2458 50.2459
50.6618 50.661
51.0783 51.077
51.4928 51.4926
51.9109 51.9081
52.3239 52.3237
52.7379 52.7387
53.1555 53.1548
53.5705 53.5683
53.9865 53.9844
54.4031 54.3994
54.8186 54.8155
55.2321 55.2305
55.6471 55.6461
56.0642 56.0616
56.4782 56.4772
56.8933 56.8922
57.3073 57.3053
57.7233 57.7208
58.1393 58.1379
58.5539 58.5534
58.9699 58.9685
59.3844 59.382
59.7985 59.7981
60.2125 60.2121
60.627 60.6272
61.0441 61.0437
61.4586 61.4602
61.8766 61.8753
62.2917 62.2898
62.7062 62.7059
63.1232 63.1219
63.5352 63.5355
63.9518 63.9515
64.3663 64.3666
64.7833 64.7836
65.1994 65.1992
65.6139 65.6127
66.0284 66.0278
66.444 66.4443
66.859 66.8589
67.275 67.2749
67.6886 67.691
68.1061 68.1065
68.5216 68.5221
68.9357 68.9361
69.3507 69.3522
69.7662 69.7672
70.1807 70.1808
70.5973 70.5983
71.0123 71.0129
71.4258 71.4274
71.8439 71.844
72.2589 72.2575
72.6749 72.6746
73.089 73.0886
73.504 73.5032
73.92 73.9192
74.3341 74.3348
74.7491 74.7503
75.1646 75.1654
75.5781 75.5794
75.9942 75.995
76.4082 76.4105
76.8242 76.8256
77.2398 77.2416
77.6568 77.6577
78.0728 78.0722
78.4884 78.4873
78.9024 78.9023
79.3164 79.3173
79.7309 79.7324
80.147 80.1489
80.5635 80.5635
80.979 80.9785
81.3951 81.3931
81.8096 81.8091
82.2226 82.2232
82.6377 82.6387
83.0532 83.0538
83.4667 83.4698
83.8838 83.8844
84.2988 84.2989
84.7138 84.7145
85.1294 85.1295
85.5449 85.5456
85.9604 85.9616
