-999.9 -999.9
-94.1857 -94.2016
-93.7803 -93.7968
-93.373 -93.3874
-92.9691 -92.9866
-92.5647 -92.5802
-92.1603 -92.1748
-91.7565 -91.7705
-91.3506 -91.3661
-90.9452 -90.9602
-90.5399 -90.5544
-90.136 -90.1505
-89.7306 -89.7441
-89.3257 -89.3398
-88.9209 -88.9379
-88.5165 -88.531
-88.1126 -88.1257
-87.7068 -87.7193
-87.3009 -87.3144
-86.8955 -86.9061
-86.4916 -86.5032
-86.0873 -86.1003
-85.6824 -85.6945
-85.2765 -85.2886
-84.8732 -84.8842
-84.4648 -84.4769
-84.0614 -84.073
-83.656 -83.6657
-83.2497 -83.2608
-82.8463 -82.8584
-82.4409 -82.4541
-82.037 -82.0487
-81.6302 -81.6433
-81.2258 -81.2385
-80.8199 -80.8341
-80.4156 -80.4267
-80.0107 -80.0219
-79.6058 -79.6175
-79.2029 -79.2121
-78.7956 -78.8058
-78.3917 -78.4014
-77.9848 -77.9945
-77.58 -77.5892
-77.1731 -77.1838
-76.7692 -76.7794
-76.3648 -76.3756
-75.9605 -75.9712
-75.5556 -75.5654
-75.1507 -75.1605
-74.7454 -74.7561
-74.3385 -74.3498
-73.9311 -73.9444
-73.5282 -73.5395
-73.1244 -73.1342
-72.719 -72.7293
-72.3131 -72.3224
-71.9088 -71.9176
-71.5029 -71.5122
-71.097 -71.1063
-70.6921 -70.701
-70.2873 -70.2951
-69.8824 -69.8907
-69.4775 -69.4864
-69.0716 -69.0815
-68.6658 -68.6746
-68.2614 -68.2708
-67.856 -67.8634
-67.4507 -67.458
-67.0463 -67.0537
-66.6414 -66.6503
-66.2355 -66.2439
-65.8297 -65.8381
-65.4233 -65.4322
-65.0184 -65.0269
-64.6146 -64.622
-64.2092 -64.2171
-63.8058 -63.8128
-63.3989 -63.4074
-62.9946 -63.0025
-62.5887 -62.5977
-62.1823 -62.1908
-61.7785 -61.7869
-61.3721 -61.3806
-60.9672 -60.9757
-60.5623 -60.5708
-60.159 -60.167
-59.7521 -59.7606
-59.3472 -59.3557
-58.9419 -58.9494
-58.536 -58.5445
-58.1311 -58.1391
-57.7257 -57.7343
-57.3214 -57.3299
-56.9165 -56.9241
-56.5116 -56.5182
-56.1043 -56.1133
-55.6994 -55.7065
-55.2945 -55.3006
-54.8891 -54.8962
-54.4853 -54.4924
-54.0794 -54.0865
-53.675 -53.6821
-53.2697 -53.2758
-52.8648 -52.8699
-52.4599 -52.4655
-52.054 -52.0587
-51.6477 -51.6543
-51.2453 -51.2494
-50.8394 -50.8446
-50.4335 -50.4397
-50.0282 -50.0338
-49.6228 -49.6285
-49.2179 -49.2236
-48.8131 -48.8172
-48.4067 -48.4129
-48.0033 -48.0095
-47.5984 -47.6037
-47.1936 -47.1988
-46.7882 -46.7929
-46.3818 -46.3871
-45.9765 -45.9822
-45.5721 -45.5768
-45.1672 -45.1715
-44.7633 -44.7681
-44.356 -44.3617
-43.9516 -43.9569
-43.5467 -43.552
-43.1419 -43.1461
-42.735 -42.7408
-42.3321 -42.3369
-41.9272 -41.9315
-41.5239 -41.5277
-41.118 -41.1223
-40.7116 -40.7164
-40.3073 -40.3116
-39.8999 -39.9062
-39.496 -39.5003
-39.0911 -39.0955
-38.6853 -38.6921
-38.2799 -38.2868
-37.8755 -37.8814
-37.4711 -37.4755
-37.0668 -37.0702
-36.6609 -36.6643
-36.256 -36.2599
-35.8512 -35.8541
-35.4458 -35.4487
-35.0409 -35.0438
-34.6345 -34.639
-34.2287 -34.2321
-33.8243 -33.8272
-33.4184 -33.4234
-33.0146 -33.0175
-32.6092 -32.6146
-32.2033 -32.2078
-31.7984 -31.8024
-31.3941 -31.3985
-30.9877 -30.9932
-30.5818 -30.5863
-30.1775 -30.182
-29.7726 -29.7761
-29.3677 -29.3707
-28.9628 -28.9654
-28.5575 -28.56
-28.1526 -28.1561
-27.7472 -27.7503
-27.3414 -27.3454
-26.9375 -26.941
-26.5316 -26.5362
-26.1272 -26.1313
-25.7229 -25.7254
-25.316 -25.3196
-24.9116 -24.9142
-24.5057 -24.5088
-24.0999 -24.1035
-23.6955 -23.6976
-23.2911 -23.2927
-22.8858 -22.8884
-22.4814 -22.4835
-22.076 -22.0786
-21.6696 -21.6713
-21.2658 -21.2669
-20.8584 -20.8605
-20.455 -20.4562
-20.0497 -20.0513
-19.6438 -19.6475
-19.2394 -19.2421
-18.8345 -18.8387
-18.4267 -18.4329
-18.0243 -18.0265
-17.6194 -17.6211
-17.2131 -17.2163
-16.8097 -16.8109
-16.4043 -16.407
-15.9994 -16.0012
-15.5946 -15.5968
-15.1882 -15.1904
-14.7848 -14.7861
-14.378 -14.3792
-13.9736 -13.9743
-13.5692 -13.571
-13.1633 -13.1646
-12.7585 -12.7592
-12.3536 -12.3549
-11.9492 -11.9485
-11.5419 -11.5422
-11.1385 -11.1378
-10.7321 -10.7329
-10.3282 -10.3291
-9.92336 -9.92419
-9.51849 -9.51933
-9.11262 -9.11346
-8.70775 -8.70859
-8.30288 -8.30223
-7.89701 -7.89786
-7.49313 -7.4925
-7.08826 -7.08764
-6.68439 -6.68427
-6.27852 -6.27841
-5.87265 -5.87254
-5.46877 -5.46718
-5.0634 -5.06281
-4.65903 -4.65795
-4.25066 -4.25308
-3.84929 -3.84821
-3.44391 -3.44335
-3.03854 -3.03748
-2.63367 -2.63312
-2.2283 -2.22826
-1.82193 -1.82239
-1.41855 -1.41802
-1.01368 -1.01466
-0.608307 -0.607794
-0.202936 -0.20293
0.202936 0.202936
0.605811 0.6078
1.01118 1.01217
1.41755 1.41803
1.82242 1.8244
2.22579 2.22726
2.63066 2.63212
3.03704 3.03749
3.44141 3.44186
3.84728 3.84772
4.25316 4.25259
4.65753 4.65795
5.0624 5.06282
5.46627 5.46669
5.87114 5.87255
6.27751 6.27791
6.68289 6.68328
7.08826 7.08914
7.49313 7.49401
7.898 7.89937
8.30187 8.30424
8.70724 8.70809
9.11262 9.11346
9.51798 9.51884
9.93086 9.9252
10.3377 10.3311
10.7331 10.7334
11.138 11.1383
11.5433 11.5432
11.9482 11.948
12.3526 12.3534
12.7575 12.7588
13.1643 13.1646
13.5682 13.569
13.9756 13.9759
14.3789 14.3792
14.7838 14.7841
15.1897 15.1895
15.5946 15.5938
15.9999 15.9997
16.4058 16.4051
16.8102 16.8094
17.2161 17.2148
17.6214 17.6196
18.0238 18.024
18.4297 18.4289
18.834 18.8347
19.2394 19.2401
19.6458 19.645
20.0511 20.0508
20.4555 20.4557
20.8614 20.8626
21.2648 21.2669
21.6706 21.6703
22.077 22.0777
22.4819 22.482
22.8868 22.8869
23.2926 23.2922
23.6975 23.6976
24.1024 24.1025
24.5068 24.5068
24.9121 24.9122
25.3175 25.3176
25.7244 25.7255
26.1282 26.1283
26.5331 26.5332
26.937 26.938
27.3433 27.3434
27.7482 27.7478
28.1526 28.1521
28.5585 28.558
28.9643 28.9634
29.3702 29.3687
29.7751 29.7746
30.178 30.1785
30.5818 30.5833
30.9877 30.9877
31.3936 31.3941
31.7999 31.8004
32.2068 32.2073
32.6097 32.6092
33.0151 33.0145
33.4194 33.4184
33.8248 33.8238
34.2292 34.2281
34.6355 34.6345
35.0429 35.0448
35.4453 35.4452
35.8517 35.8536
36.2555 36.2569
36.6609 36.6633
37.0638 37.0647
37.4696 37.4695
37.8755 37.8749
38.2824 38.2833
38.6873 38.6881
39.0901 39.091
39.496 39.4954
39.9009 39.9002
40.3057 40.3051
40.7106 40.7104
41.116 41.1163
41.5214 41.5207
41.9277 41.9271
42.3316 42.3314
42.736 42.7363
43.1418 43.1422
43.5462 43.546
43.9521 43.9514
44.358 44.3572
44.7623 44.7631
45.1672 45.1675
45.5741 45.5753
45.976 45.9772
46.3838 46.3836
46.7872 46.7864
47.1921 47.1918
47.5974 47.5972
48.0053 48.0025
48.4087 48.4084
48.8146 48.8133
49.2179 49.2181
49.6233 49.623
50.0287 50.0284
50.4325 50.4327
50.8399 50.8391
51.2443 51.2439
51.6492 51.6483
52.0535 52.0557
52.4589 52.462
52.8638 52.8629
53.2706 53.2728
53.6745 53.6771
54.0814 54.0835
54.4863 54.4889
54.8906 54.8897
55.295 55.2941
55.6999 55.7
56.1047 56.1048
56.5101 56.5097
56.916 56.9156
57.3224 57.3259
57.7277 57.7258
58.1321 58.1312
58.537 58.536
58.9418 58.9419
59.3477 59.3528
59.7521 59.7526
60.1595 60.1635
60.5643 60.5678
60.9677 60.9692
61.3721 61.3721
61.778 61.7774
62.1828 62.1823
62.5862 62.5867
62.9926 62.991
63.3994 63.3994
63.8038 63.8043
64.2137 64.2096
64.612 64.6135
65.0164 65.0174
65.4233 65.4242
65.8287 65.8291
66.2335 66.2335
66.6399 66.6388
67.0448 67.0462
67.4497 67.4501
67.855 67.8549
68.2594 68.2608
68.6638 68.6641
69.0711 69.075
69.4745 69.4739
69.8799 69.8797
70.2848 70.2836
70.6896 70.6895
71.097 71.0993
71.4999 71.4992
71.9067 71.9086
72.3106 72.3099
72.7155 72.7143
73.1219 73.1207
73.5262 73.5265
73.9326 73.9369
74.3375 74.3398
74.7414 74.7406
75.1457 75.146
75.5521 75.5519
75.958 75.9582
76.3623 76.3621
76.7687 76.768
77.1751 77.1783
77.5765 77.5762
77.9838 77.9865
78.3867 78.3864
78.7921 78.7913
79.1994 79.2006
79.6023 79.602
80.0107 80.0134
80.4131 80.4127
80.8184 80.8171
81.2243 81.2215
81.6302 81.6338
82.035 82.0337
82.4414 82.4391
82.8473 82.8509
83.2497 83.2488
83.6575 83.6617
84.0619 84.064
84.4663 84.4654
84.8696 84.8688
85.2765 85.2791
85.6844 85.6885
86.0888 86.0934
86.4936 86.4952
86.8965 86.8951
87.3034 87.3084
87.7088 87.7133
88.1111 88.1097
88.519 88.5215
88.9224 88.9214
89.3302 89.3343
89.7346 89.7386
90.14 90.144
90.5434 90.5459
90.9517 90.9562
91.3526 91.3506
91.7605 91.7665
92.1668 92.1723
92.5687 92.5677
-999.9 -999.9
-999.9 -999.9
-999.9 -999.9
-999.9 -999.9
-999.9 -999.9
