  921.12 3006.60  1.79 -13.04 42.99 0.007 0.429
  860.37 2973.42  1.70 -11.04 22.92 0.007 0.432
  804.35 2971.05  1.22 -11.72 38.47 0.007 0.415
  812.44 3057.02  0.77 -11.66 28.01 0.007 0.396
  744.04 3019.05  0.44 -13.26 36.92 0.007 0.436
  804.51 2999.39  1.02 -12.52 36.40 0.007 0.417
  935.19 2977.93  1.62 -10.12 30.79 0.007 0.392
  827.03 2972.18  2.09 -13.26 56.98 0.007 0.418
  770.47 2986.96  2.07 -13.47 61.02 0.007 0.481
  758.02 2977.45  1.94 -12.90 40.60 0.007 0.457
  754.04 2949.59  1.35 -12.54 41.91 0.007 0.460
  689.41 3002.34  0.59 -13.51 41.99 0.007 0.463
  813.73 3086.07  0.79 -12.13 28.15 0.007 0.465
  776.08 2964.70  1.26 -12.13 37.43 0.007 0.430
  865.29 3014.21  1.88 -14.03 33.20 0.007 0.405
  806.89 2960.67  2.45 -11.35 34.89 0.007 0.448
  899.18 3080.77  2.03 -13.42 33.05 0.007 0.427
  883.72 3085.36  1.42 -15.52 46.91 0.007 0.419
  852.64 3168.24  0.42 -13.86 39.40 0.007 0.414
  822.66 3116.98 -0.48 -13.37 45.61 0.007 0.456
  920.40 3097.74  0.53 -12.61 45.67 0.007 0.443
  810.63 2961.87  1.45 -12.81 48.66 0.007 0.433
  958.03 2932.22  1.71 -13.27 42.85 0.007 0.447
  772.94 2969.75  2.46 -12.07 36.76 0.007 0.459
  998.00 2976.79  2.87 -12.80 40.69 0.007 0.473
  885.83 3002.42  1.35 -14.74 37.17 0.007 0.485
  953.80 2889.42  0.82 -13.55 50.87 0.008 0.508
  836.53 3010.63  0.26 -11.72 36.62 0.007 0.455
  771.09 3019.49 -0.30 -11.76 36.36 0.007 0.556
  848.18 3008.86  0.95 -14.53 70.02 0.007 0.485
  827.90 2973.69  1.62 -12.92 38.21 0.007 0.485
  833.74 3030.15  1.71 -12.05 31.82 0.007 0.472
  890.22 2971.43  2.09 -11.63 33.04 0.007 0.463
  861.67 2922.43  1.75 -12.43 39.90 0.007 0.424
  961.22 3041.63  1.28 -12.06 40.92 0.007 0.441
 1076.45 3045.38  0.55 -11.71 31.99 0.007 0.429
  926.14 2851.61  1.00 -12.70 44.51 0.008 0.486
  804.28 2984.82  1.46 -11.67 44.12 0.007 0.427
  908.09 2926.00  1.74 -12.66 44.31 0.007 0.459
  986.91 3002.38  1.13 -11.72 46.64 0.007 0.488
  777.84 3001.95  1.03 -12.85 49.82 0.007 0.463
  803.70 2993.23  2.35 -10.52 39.92 0.007 0.465
  983.09 2973.81  1.33 -13.17 57.56 0.007 0.436
  777.97 3023.90 -0.63 -11.99 47.56 0.007 0.482
  888.44 3017.94  0.87 -12.31 45.95 0.007 0.416
  739.22 3042.14  1.60 -12.62 36.27 0.007 0.440
  796.46 2932.55  0.80 -12.42 33.87 0.007 0.408
  867.05 2947.46  2.36 -13.78 61.68 0.007 0.413
  911.16 3018.24  0.53 -12.04 42.07 0.007 0.405
  737.81 2944.97  2.23 -12.64 48.15 0.007 0.500
  808.60 3005.31  1.40 -12.36 48.70 0.007 0.489
  815.55 3037.21 -0.64 -11.74 38.31 0.007 0.430
  754.61 3003.76  0.99 -13.45 39.08 0.007 0.407
  637.93 2969.67  1.38 -12.41 40.70 0.007 0.447
  831.91 2927.88  0.94 -12.15 43.66 0.007 0.442
  877.84 3069.65  1.92 -11.51 38.20 0.007 0.426
  828.74 2922.72  2.47 -14.15 60.71 0.007 0.454
  784.62 2989.82  0.37 -12.37 44.03 0.007 0.454
  835.93 2922.42  1.46 -13.16 33.55 0.007 0.425
  854.21 3038.48  0.88 -12.41 37.56 0.007 0.451
  822.28 3041.77  0.65 -14.20 24.64 0.007 0.415
  755.27 2962.42  1.02 -12.07 32.76 0.007 0.424
  902.95 2938.83  1.86 -12.13 31.05 0.007 0.436
  761.29 2967.04  2.51 -12.21 48.44 0.007 0.469
  816.26 2978.33  1.12 -11.35 37.79 0.007 0.511
  836.69 3041.24  0.47 -12.06 45.47 0.007 0.499
  917.73 2986.09  1.30 -12.94 50.44 0.007 0.516
  910.51 3037.08  0.36 -12.87 39.45 0.007 0.421
  810.13 2988.63 -0.44 -12.84 50.67 0.007 0.483
  768.47 3087.15  1.20 -12.94 48.78 0.007 0.498
  845.32 2973.11  1.69 -13.28 43.71 0.007 0.489
  886.80 2928.02  2.22 -12.07 45.87 0.007 0.477
  835.29 2955.25  2.42 -11.95 49.71 0.007 0.406
  870.45 3000.96  1.59 -11.60 37.74 0.007 0.424
  894.31 3068.45  0.98 -13.73 50.52 0.007 0.398
  829.30 3003.24  0.75 -12.43 39.42 0.007 0.404
  896.78 3054.14  0.72 -11.97 38.32 0.007 0.398
  892.46 3021.25  0.47 -14.31 51.46 0.007 0.398
  822.38 3094.92  1.67 -12.13 39.08 0.007 0.391
  790.65 3004.01  1.68 -13.02 33.02 0.007 0.423
  724.26 2961.21  2.29 -11.85 39.16 0.007 0.406
  883.50 2937.57  1.46 -10.59 31.89 0.007 0.409
  880.51 2976.14  1.01 -13.71 49.35 0.007 0.403
  875.63 3010.25  0.58 -11.41 39.71 0.007 0.396
  780.95 3024.55  0.59 -12.51 41.83 0.007 0.390
  823.82 3027.40  0.87  -9.46 24.68 0.007 0.382
  905.92 2977.95  2.12 -13.13 45.74 0.007 0.411
  776.86 2927.17  2.20 -12.33 32.33 0.007 0.394
  853.74 3038.09  2.25 -13.24 52.83 0.007 0.482
  748.21 3014.62  1.93 -13.93 43.19 0.007 0.438
  909.89 3006.20  0.14 -12.03 49.22 0.007 0.454
  716.84 3028.23  0.58 -10.41 40.33 0.007 0.461
  761.01 2971.22 -0.06 -11.24 45.27 0.007 0.519
  845.28 3053.91  0.03 -11.58 36.89 0.007 0.500
  907.34 2956.77  0.50 -11.31 39.99 0.007 0.481
  728.11 3010.54  1.42 -10.77 39.85 0.007 0.477
  868.35 2929.60  2.14 -11.66 36.82 0.007 0.491
  888.23 2870.87  1.43 -14.24 37.76 0.007 0.516
  753.46 2950.64  1.12 -11.52 45.45 0.007 0.491
  830.70 3040.20  0.38 -12.58 46.99 0.007 0.482
  864.75 3086.30  0.45 -13.34 56.67 0.007 0.535
  887.35 3008.94  1.11 -11.84 38.33 0.007 0.517
  784.48 2960.35  1.53 -12.62 45.81 0.007 0.475
  814.08 2981.67  2.53 -13.37 49.99 0.007 0.528
  851.30 2907.74  2.04 -12.60 42.53 0.007 0.433
  764.36 2983.19  1.45 -12.38 45.79 0.007 0.463
  909.13 3013.31  1.00 -12.62 35.56 0.007 0.431
  879.34 3019.80  0.20 -12.64 42.45 0.007 0.435
  749.19 3090.75  0.69 -11.05 35.70 0.007 0.445
  743.62 2976.87  1.59 -12.06 45.14 0.007 0.419
  833.76 2960.73  1.52 -12.88 45.60 0.007 0.427
  795.13 3024.30  2.11 -12.30 34.08 0.007 0.398
  925.29 2903.64  1.96 -12.63 38.26 0.007 0.406
  771.77 2965.23  1.46 -10.56 35.49 0.007 0.438
  955.56 2968.63  1.27 -10.83 31.73 0.007 0.390
  855.10 3012.42  0.45 -12.41 34.13 0.007 0.407
 1037.28 3002.18  0.56 -12.51 32.14 0.007 0.433
  846.92 3042.65  1.41 -12.23 35.63 0.007 0.383
  875.75 3032.47  1.74 -12.45 43.86 0.007 0.425
  867.24 2922.68  2.40 -11.66 30.11 0.007 0.381
  784.24 2974.12  2.19 -11.25 40.24 0.007 0.505
  860.08 2950.57  1.94 -13.47 49.78 0.007 0.515
  843.40 2977.84  0.89 -13.68 44.97 0.007 0.481
  879.90 3001.56  0.46 -11.33 39.71 0.007 0.528
  893.60 3028.04  0.60 -11.74 36.17 0.007 0.487
  822.79 2990.31  0.83 -14.59 63.98 0.007 0.487
  827.48 2959.81  1.68 -11.41 33.25 0.007 0.524
  855.61 2933.15  1.77 -13.20 45.11 0.007 0.489
