109005     2399.69     2400.95     4798.05     227.993     239.366     467.359     
109010     2369.39     2370.82     4738.69     230.22     241.056     471.276     
109012     2372.02     2375.93     4746.05     228.507     239.489     467.997     
109014     2358.7     2365.77     4723.4     227.991     238.917     466.908     
109016     2352.93     2369.07     4720.57     228.664     239.691     468.355     
109189     2356.39     2368.79     4724.16     220.432     231.983     452.416     
109192     2351.64     2368.94     4719.33     220.826     232.572     453.399     
109196     2344.56     2368.17     4712.01     221.152     232.613     453.765     
109204     2325.81     2376.87     4702.57     220.772     232.353     453.125     
109214     2366.74     2387.08     4752.32     218.964     236.379     455.343     
109217     2371.47     2385.05     4754.32     220.066     235.778     455.844     
109220     2354.51     2377.8     4730.79     218.751     234.015     452.766     
109222     2354.94     2379.64     4733.56     218.643     233.905     452.548     
109240     2345.44     2387.74     4731.65     219.064     235.515     454.579     
109252     2302.86     2373.51     4675.94     220.538     236.461     456.999     
109291     2368.87     2404.48     4770.88     222.149     235.068     457.217     
109293     2362.94     2394.17     4755.75     222.858     235.865     458.723     
109295     2346.58     2370.81     4715.52     221.82     234.65     456.47     
109297     2346.34     2372.74     4717.35     224.469     236.755     461.224     
109361     2368.04     2378.83     4746.08     221.59     234.874     456.465     
109363     2368.43     2376.63     4744.28     220.137     233.318     453.456     
109366     2351.63     2369.65     4720.53     222.535     235.488     458.023     
109424     2343.5     2363.85     4706.08     220.984     233.795     454.779     
109426     2320.58     2359.05     4678.96     221.847     234.55     456.397     
109470     2366.22     2386.57     4749.63     220.367     232.399     452.766     
109479     2351.15     2368.41     4718.33     221.5     233.922     455.422     
109481     2405.09     2423.08     4828.16     190.212     200.818     391.03     
109482     2344.65     2364.62     4708.98     218.627     230.74     449.367     
109549     2350.57     2379.68     4727.84     216.072     230.513     446.585     
109550     2344.18     2373.32     4715.07     220.228     232.011     452.239     
109569     2340.37     2364.48     4702.67     218.155     231.125     449.279     
109576     2334.71     2353.34     4685.01     218.386     231.072     449.458     
109587     2329.31     2350.78     4679.18     221.107     233.31     454.417     
109589     2318.62     2337.11     4654.85     221.807     234.629     456.435     
109591     2315.33     2335.7     4650.26     222.976     235.491     458.467     
109593     2321.31     2339.37     4659.96     220.511     232.747     453.258     
109594     2314.2     2343.89     4657.34     222.038     234.674     456.712     
109654     2343.12     2352.98     4694.05     219.939     232.636     452.575     
109656     2335.7     2349.67     4683.47     221.814     234.352     456.165     
109657     2330.08     2344.58     4673.74     221.083     233.953     455.036     
109659     2325.21     2351.06     4675.34     220.875     233.701     454.576     
109660     2326.14     2341.26     4665.97     221.382     234.444     455.826     
109664     2343.85     2355.91     4696.71     221.663     234.107     455.769     
109672     2337.85     2351.27     4687.27     219.861     232.705     452.566     
109675     2326.09     2341.26     4666.19     221.664     234.568     456.231     
109677     2326.05     2341.14     4666.63     221.284     233.616     454.9     
109679     2317.2     2339.28     4656.15     222.015     234.919     456.934     
109684     2317.86     2352.22     4668.36     218.805     230.797     449.603     
109690     2315.67     2343.28     4657.17     221.017     233.624     454.641     
109691     2316.95     2344.92     4660.77     220.66     233.138     453.799     
109693     2310.95     2338.01     4648.06     219.884     232.921     452.805     
109699     2310.39     2336.12     4646.2     220.703     233.707     454.41     
109763     2355.4     2365     4716.81     220.109     232.587     452.695     
109764     2337.72     2350.88     4686.25     219.841     233.113     452.954     
109767     2334.76     2349.08     4681.31     219.278     232.489     451.767     
109769     2326.38     2342.62     4667.75     221.852     235.375     457.227     
109820     2338.12     2346.44     4683.26     221.283     234.476     455.758     
109821     2330.59     2347.86     4677.04     220.996     234.478     455.475     
109822     2319.2     2342.69     4660.98     221.25     234.846     456.097     
110237     2360.54     2330.46     4689.68     219.377     230.374     449.751     
110239     2355.36     2326.12     4680.4     219.521     230.342     449.863     
110264     2342.48     2313.38     4654.79     220.037     231.367     451.404     
110265     2331.51     2307.35     4637.84     220.89     232.61     453.499     
110267     2332.05     2307.14     4638.96     221.21     232.844     454.053     
110269     2334.1     2306.61     4639.69     221.456     232.555     454.011     
110279     2331.41     2306.48     4637.65     222.576     234.104     456.68     
110284     2334.75     2316.72     4650.97     222.268     233.903     456.172     
110291     2373.24     2333.33     4704.67     220.49     231.999     452.488     
110294     2362.23     2318.01     4677.73     220.876     233.013     453.889     
110297     2356.25     2311.34     4666.46     221.144     233.309     454.453     
110300     2359.42     2311.88     4670.04     221.818     233.511     455.33     
110301     2346.25     2308.11     4653.37     220.343     232.685     453.028     
110303     2362.44     2342.99     4703.75     220.146     233.559     453.704     
110304     2348.48     2331.63     4678.18     221.127     233.617     454.744     
110350     2321.5     2332.59     4652.06     220.661     231.946     452.607     
110354     2314.16     2317.85     4631.13     221.868     233.405     455.273     
110364     2323.84     2319.04     4641.71     219.971     231.282     451.253     
110367     2309.59     2308.98     4617.39     221.14     232.616     453.757     
110368     2319.4     2316.09     4633.77     220.42     232.031     452.451     
110370     2316.2     2311.46     4626.69     220.563     232.011     452.574     
110383     2315.14     2312.34     4626.36     221.361     232.66     454.021     
110385     2318.25     2311.13     4628.85     221.888     233.522     455.409     
110387     2310.21     2309.5     4619.15     221.805     233.589     455.395     
110455     2371.47     2322.89     4691.98     220.424     231.632     452.056     
110457     2367.8     2322.32     4687.04     220.959     232.907     453.866     
110462     2351.8     2309.44     4659.81     221.496     233.679     455.175     
110540     2377.53     2326.79     4702.49     219.256     230.85     450.106     
110541     2374.18     2319.92     4692.08     220.554     231.794     452.348     
110545     2350.33     2307.18     4656.4     220.258     232.412     452.67     
110568     2326.21     2295.97     4621.41     221.378     234.29     455.668     
110601     2344.01     2322.72     4665.31     220.074     233.113     453.186     
110602     2337.79     2317.74     4654.46     220.878     233.739     454.617     
110609     2335.23     2316.83     4651.39     219.955     233     452.955     
110667     2340.02     2299.09     4638.41     219.763     232.264     452.026     
110671     2345.56     2302.61     4647.33     220.489     232.854     453.343     
110698     2365.85     2309.1     4673.46     220.355     232.755     453.11     
110700     2369.36     2312.6     4680.05     220.8     233.408     454.208     
110704     2361.19     2304.28     4664.33     221.107     233.552     454.659     
110706     2357.28     2304.63     4659.93     220.651     233.186     453.838     
110708     2356.84     2302.28     4658.11     221.957     234.289     456.246     
110710     2351.75     2302.28     4652.98     220.486     232.984     453.47     
110753     2360.11     2325.26     4684.48     220.042     233.66     453.702     
110754     2355.38     2323.45     4678.05     219.002     233.176     452.178     
110756     2340.45     2322.45     4661.81     218.453     232.99     451.443     
110762     2324.5     2312.18     4635.85     220.499     235.17     455.669     
110790     2342.69     2309.14     4650.95     219.284     232.554     451.838     
110793     2338.46     2302.39     4639.76     219.682     232.705     452.386     
110794     2331.88     2305.18     4635.96     219.756     232.908     452.664     
110796     2331.74     2298.09     4628.97     221.332     234.149     455.481     
110807     2371.9     2338.67     4709.37     222.38     235.239     457.619     
110809     2366.12     2328.44     4692.3     222.203     236.027     458.23     
110811     2361.82     2332.96     4692.65     219.897     233.388     453.285     
110888     2365.47     2330.31     4695.1     218.565     231.991     450.556     
110890     2360.76     2324.6     4684.58     219.314     233.113     452.426     
110892     2347.35     2321.46     4667.6     219.25     232.684     451.934     
110894     2341.57     2313.9     4654.32     219.924     233.465     453.389     
110912     2372.68     2335.6     4706.12     172.805     231.634     404.438     
110915     2359.74     2323.17     4681.58     174.253     233.556     407.809     
110920     2342.08     2310.73     4651.6     174.139     233.847     407.986     
110938     2323.42     2298.46     4620.76     222.171     231.183     453.355     
110946     2318.36     2292.6     4610.56     223.111     232.621     455.732     
110977     2354.55     2316.27     4669.5     218.51     233.17     451.68     
110981     2345.54     2315.37     4659.72     218.419     233.136     451.554     
110983     2342.41     2315.03     4656.8     218.755     233.276     452.031     
110985     2338.57     2309.77     4647.6     218.814     233.745     452.559     
110987     2334.32     2305.64     4639.38     218.584     233.701     452.285     
111006     2372.74     2310.2     4682.23     217.518     232.718     450.236     
111008     2365.62     2306.8     4671.43     217.13     232.411     449.541     
111023     2371.73     2308.9     4679.09     218.961     232.618     451.579     
111025     2365.65     2300.29     4664.95     219.791     232.796     452.587     
111029     2361.73     2296.24     4656.79     219.6     232.758     452.358     
111033     2353.58     2293.55     4646.5     218.991     232.954     451.946     
111359     2324.39     2277.78     4600.9     212.043     222.266     434.309     
111362     2321.59     2274.11     4594.45     211.887     221.735     433.622     
111364     2322.14     2274.76     4595.25     211.611     221.875     433.485     
111396     2286.21     2253.87     4538.44     211.742     221.362     433.104     
111402     2276.61     2242.39     4517.45     212.51     222.326     434.836     
111406     2269.95     2233.44     4501.9     213.982     223.268     437.25     
111413     2268.72     2233.61     4501.17     212.354     221.921     434.276     
111421     2268.8     2230.8     4498.24     212.496     222.17     434.666     
111423     2271.19     2228.6     4499.1     212.612     222.608     435.22     
111425     2261.11     2222.21     4482.82     213.602     223.222     436.824     
111436     2258.78     2216.93     4475.12     213.047     223.282     436.329     
111468     2328.61     2277.77     4603.96     213.118     223.059     436.177     
111483     2312.56     2267.49     4579.05     214.93     224.799     439.729     
111485     2313.06     2269.13     4580.99     213.423     223.514     436.937     
111494     2310.21     2262.48     4572.07     213.643     223.718     437.362     
111495     2302.42     2259.67     4561.31     214.68     224.956     439.637     
111497     2308.44     2262.24     4569.91     213.837     224.097     437.934     
111498     2298.16     2256.87     4553.84     214.916     225.196     440.112     
111500     2303.43     2262.16     4565.16     213.072     223.022     436.094     
111530     2316.29     2257.48     4572.02     214.122     223.769     437.891     
111532     2315.48     2256.52     4570.64     213.958     223.634     437.592     
111535     2309.66     2250.15     4558.92     214.041     223.825     437.866     
111538     2306.46     2245.97     4551.42     214.126     224.104     438.23     
111544     2298.92     2248.63     4546.59     214.212     223.948     438.16     
111555     2307.06     2268.91     4574.11     213.862     223.666     437.528     
111556     2305.56     2267.28     4570.38     214.398     223.939     438.337     
111558     2295.57     2260.81     4554.44     213.805     223.826     437.632     
111559     2297.45     2259.8     4556.2     214.003     223.357     437.36     
111562     2286.9     2253.71     4539.44     216.154     226.129     442.282     
111583     2335.69     2277.67     4610.45     213.553     222.318     435.871     
111603     2310.67     2250.41     4560.14     214.522     223.836     438.358     
111604     2310.2     2249.45     4558.75     214.294     223.057     437.352     
111687     2307.43     2258.56     4563.8     196.819     212.765     409.584     
111688     2302     2248.85     4550.14     197.541     213.57     411.111     
111695     2296.29     2249.43     4543.94     197.945     213.926     411.871     
111697     2296.51     2242.1     4537.08     197.906     213.64     411.546     
111699     2297.63     2243.85     4540.76     199.216     214.414     413.63     
111701     2286.64     2235.31     4521.17     199.08     214.69     413.77     
111826     2290.43     2250.86     4539.85     206.373     220.275     426.648     
111830     2280.71     2244.87     4524.21     202.939     216.746     419.685     
111831     2271.39     2236.68     4506.73     204.233     217.899     422.132     
111836     2273.3     2235.43     4508.05     204.573     218.219     422.791     
111893     2296.15     2246.76     4540.84     203.378     217.821     421.199     
112318     2325.48     2252.22     4575.99     209.167     220.572     429.739     
112320     2316.34     2232.06     4546.52     208.535     220.226     428.761     
112323     2286.22     2215.08     4500.47     208.463     220.01     428.474     
112403     2273.82     2230.22     4501.78     209.24     222.147     431.388     
112411     2261.13     2224.96     4484.44     208.27     221.584     429.854     
112475     2266.32     2219.18     4484.34     207.951     220.893     428.843     
112476     2266.28     2211.75     4476.65     208.228     221.255     429.483     
112480     2264.49     2212.87     4475.84     208.815     221.771     430.586     
112482     2262.24     2210.75     4472.05     208.43     220.886     429.316     
112527     2284.97     2227.06     4511.65     208.322     221.391     429.713     
112657     2269.75     2233.26     4500.7     208.191     220.583     428.774     
112660     2264.35     2224.92     4487.34     207.662     220.193     427.855     
112661     2257.22     2218.55     4474.5     207.786     220.026     427.812     
112666     2253.94     2211.14     4464.25     207.744     219.999     427.743     
113105     2277.51     2264.92     4540.94     210.535     222.98     433.515     
113106     2274.65     2267.27     4539.99     208.618     221.224     429.842     
113108     2273.68     2259.56     4532.4     209.35     221.734     431.084     
113194     2261.59     2254.17     4515.16     209.192     222.757     431.949     
113198     2253.7     2242.94     4495.77     211.01     223.18     434.19     
113201     2256.27     2244.75     4500.1     208.672     220.812     429.484     
113202     2247.73     2240.53     4487.48     210.704     223.012     433.716     
113204     2245.92     2239.32     4484.65     210.497     222.556     433.053     
113208     2247.15     2241.21     4487.48     209.868     221.988     431.856     
113232     2274.62     2265.53     4539.52     210.73     224.255     434.985     
113284     2257.06     2253.91     4509.9     210.789     224.51     435.298     
113286     2248.88     2241.5     4489.53     210.448     223.81     434.258     
113288     2250.2     2244.72     4494.33     209.757     222.698     432.455     
113290     2246.44     2240.86     4486.56     211.209     225.067     436.277     
113464     2293.1     2274.32     4565.92     207.055     222.433     429.488     
113468     2270.82     2254.31     4524.21     209.24     223.045     432.285     
113562     2270.08     2255.82     4524.93     211.661     224.934     436.595     
113564     2259.14     2241.72     4500.03     211.098     224.498     435.596     
113580     2257.56     2244.94     4501.5     210.18     222.94     433.12     
113688     2249.12     2260.19     4507.26     209.777     223.145     432.922     
113689     2240.53     2255.35     4494.38     209.866     223.538     433.404     
113691     2230.49     2241.08     4470.02     210.434     223.155     433.589     
113695     2207.83     2224.75     4431.77     210.812     223.209     434.021     
113703     2207.8     2227.33     4434.45     210.537     223.357     433.894     
113706     2213.83     2223.44     4436.48     211.283     224.143     435.426     
113716     2245.52     2249.69     4493.72     210.682     223.796     434.478     
113839     2241.61     2246.18     4485.86     211.355     222.053     433.408     
113840     2234.69     2238.46     4472.15     211.476     222.411     433.887     
113842     2237.19     2227.07     4463.32     211.017     222.24     433.257     
113851     2227.59     2221.46     4448.08     212.194     222.7     434.894     
113852     2223.48     2217.88     4440.26     211.689     222.541     434.23     
113854     2219.54     2221.33     4440.4     211.22     222.512     433.733     
113871     2253.83     2257.42     4509.09     208.922     221.403     430.325     
113873     2256.15     2249.22     4503.07     210.57     223.039     433.609     
113875     2244.57     2243.03     4486.09     210.901     223.377     434.278     
113877     2231.37     2229.05     4459.87     211.832     224.178     436.01     
113879     2225.86     2226.95     4451.45     210.838     223.626     434.465     
113880     2226.93     2232.33     4458.65     212.003     224.699     436.702     
113902     2259.68     2266.3     4523.04     208.796     220.222     429.017     
113904     2255.32     2259.53     4512.12     207.654     218.687     426.341     
113975     2255.64     2259.44     4513.32     208.141     222.049     430.189     
113979     2244.33     2242.91     4486.35     207.981     221.252     429.233     
113982     2226.9     2225.5     4451.55     208.706     221.902     430.608     
113983     2230.91     2225.86     4455.57     208.879     222.061     430.94     
113999     2220.64     2222.67     4442.76     208.44     221.165     429.605     
114001     2222.67     2223.27     4445.04     208.216     220.582     428.798     
114003     2195.6     2158.86     4354.46     211.225     217.483     428.707     
114066     2224.94     2241.81     4465.88     205.786     219.27     425.056     
114069     2217.08     2246.77     4462.44     207.03     220.043     427.074     
114074     2219.58     2229.79     4447.98     206.994     219.916     426.91     
114075     2220.51     2229.21     4448.51     205.875     218.817     424.692     
114076     2218.53     2221.92     4440.21     207.629     221.062     428.691     
114081     2211.28     2225.94     4436.47     208.544     221.31     429.854     
114089     2214.04     2226     4439.69     206.293     219.749     426.042     
114102     2267.56     2247.88     4514.83     206.119     219.241     425.361     
114143     2274.65     2249.95     4523.77     208.351     220.368     428.719     
114145     2269.16     2241.9     4510.66     208.713     220.365     429.079     
114147     2271.13     2244.84     4515.28     206.767     218.419     425.187     
114271     2229.08     2225.21     4454.29     206.57     221.022     427.592     
114276     2251.87     2230.09     4480.95     206.913     222.425     429.338     
114278     2256.28     2226.03     4481.74     207.764     222.772     430.536     
114280     2255.24     2231.59     4486     207.703     222.603     430.305     
114287     2253.4     2232.6     4485.29     205.518     220.361     425.879     
114295     2279.75     2259.92     4538.39     208.191     221.307     429.498     
114296     2279.25     2254.62     4532.79     209.078     221.543     430.622     
114329     2269.59     2259.02     4527.44     208.595     222.697     431.291     
114330     2264.16     2246.96     4510.52     208.889     222.74     431.629     
114334     2242.89     2227.68     4469.93     209.578     222.523     432.1     
114432     2232.39     2219.41     4451.09     209.574     225.259     434.833     
114467     2252.58     2248.8     4499.88     206.935     224.996     431.93     
114468     2251.52     2242.55     4493.08     209.562     227.024     436.586     
114471     2236     2214.39     4450.05     210.304     226.42     436.724     
114884     2246.92     2222.44     4468.08     207.584     222.764     430.348     
114927     2243.19     2234.44     4475.96     207.36     223.641     431.001     
114929     2212.73     2207.35     4418.78     208.358     223.628     431.986     
114936     2190.22     2186.98     4376.69     209.454     223.578     433.032     
114970     2213.8     2204.58     4417.79     208.934     223.709     432.642     
114971     2208.74     2197.17     4404.89     209.087     223.303     432.39     
114972     2208.21     2196.62     4404.42     208.488     222.813     431.301     
114994     2248.63     2213.31     4460.96     209.551     224.959     434.51     
114995     2242.08     2206     4447.34     208.324     222.942     431.266     
115026     2264.19     2231.76     4494.62     208.474     225.477     433.951     
115050     2241.94     2211.84     4453.58     207.541     223.186     430.727     
115069     2267.7     2231.98     4498.7     210.285     224.68     434.965     
115070     2266.35     2233.57     4498.84     209.624     224.089     433.713     
115077     2244.29     2221.2     4463.22     211.445     225.915     437.36     
115087     2234.41     2209.04     4442.75     209.14     223.7     432.84     
115179     2233.46     2230.49     4461.58     210.812     225.134     435.946     
115180     2216.22     2212.83     4428.14     210.071     223.816     433.887     
115182     2214.55     2208.57     4421.28     210.02     223.739     433.76     
115185     2209.3     2195.55     4404.09     211.356     225.443     436.799     
115191     2212.75     2202.24     4414.01     210.109     224.258     434.367     
115204     2237.3     2233.74     4469.41     211.109     225.786     436.895     
115205     2227.28     2215.15     4441.07     211.956     225.812     437.768     
115226     2160.64     2177.48     4336.78     234.598     254.576     489.174     
115227     2211.4     2222.39     4432.34     211.221     227.198     438.419     
115237     2216.29     2215.12     4430.95     210.331     226.127     436.459     
115343     2209.88     2221.4     4430.45     207.111     226.682     433.794     
115345     2215.49     2218.27     4432.66     208.274     226.801     435.075     
115347     2198.17     2201.55     4399.4     209.581     227.204     436.785     
115350     2187.38     2198.76     4385.48     209.848     226.296     436.144     
115358     2212.94     2232.77     4444.28     210.937     227.479     438.417     
115365     2176.08     2199.87     4374.73     217.737     233.059     450.796     
115366     2205.04     2209.21     4413.25     211.646     226.682     438.328     
115500     2221.98     2209.78     4430.56     214.066     232.475     446.541     
115501     2225.8     2213.34     4437.42     210.072     227.203     437.275     
115502     2222.46     2209.95     4431.41     211.158     227.943     439.101     
115503     2219.33     2202.32     4420.28     211.087     227.205     438.292     
115778     2216.35     2215.88     4431.14     210.448     225.563     436.011     
115780     2203.1     2206.69     4409.02     211.371     226.126     437.497     
115979     2211.78     2192.17     4403.47     214.373     224.374     438.746     
116056     2272.05     2264.46     4533.99     215.15     225.052     440.202     
116061     2258.67     2242.87     4499.48     212.762     222.526     435.289     
116085     2236.45     2211.16     4446.6     210.295     220.508     430.802     
116086     2230.75     2207.34     4436.95     213.203     223.273     436.476     
116087     2227.21     2212.51     4438.53     212.266     222.456     434.722     
116142     2198.03     2190.96     4388     211.888     222.303     434.192     
116146     2199.26     2191.14     4389.43     210.416     220.874     431.29     
116160     2240.79     2229.19     4465.9     211.485     223.027     434.512     
116161     2237.52     2225.09     4458.55     210.919     222.319     433.238     
116163     2217.14     2193.55     4408.15     215.486     225.041     440.527     
116167     2201.4     2182.4     4382.2     216.304     225.884     442.188     
116178     2240.72     2221.16     4457.86     213.429     222.997     436.426     
116184     2221.32     2207.96     4427.15     213.586     223.352     436.938     
116186     2216.58     2197.74     4412.35     213.818     224.076     437.894     
116192     2201.74     2185.17     4386.33     214.11     224.387     438.497     
116228     2237.32     2221.68     4456.35     213.249     223.401     436.65     
116236     2200.56     2179.45     4379.21     213.199     224.397     437.597     
116237     2197.45     2179.46     4376.05     212.514     223.317     435.831     
116313     2230.66     2211.74     4440.8     212.889     223.411     436.3     
116315     2214.16     2190.16     4402.36     213.87     224.926     438.796     
116317     2200.21     2176.68     4375.6     213.25     223.98     437.23     
116341     2177.58     2163.37     4339.19     214.061     224.455     438.516     
116353     2178.37     2157.8     4335.11     213.483     224.086     437.568     
116359     2179.16     2164.57     4343.28     211.844     222.284     434.129     
116419     2225.33     2221.99     4444.42     211.189     221.304     432.493     
117223     2256.23     2197.17     4451.15     212.491     222.744     435.235     
117225     2245.01     2183.66     4427.66     213.036     223.482     436.518     
117226     2230.18     2174.85     4404.2     212.756     223.79     436.547     
117253     2187.09     2175.48     4361.5     213.973     224.187     438.16     
117255     2179.14     2163.96     4342.32     213.903     224.039     437.942     
117256     2166.05     2159.52     4325.24     213.933     223.862     437.795     
117258     2158.34     2158.58     4316.48     213.51     223.482     436.992     
117279     2205.64     2196.73     4400.85     216.179     227.024     443.203     
117280     2197.14     2180.42     4375.71     212.454     223.534     435.987     
117290     2187.12     2163.8     4350.08     213.148     224.023     437.171     
117291     2186.86     2164.65     4350.25     212.293     223.138     435.431     
117295     2212.09     2195.34     4406.5     212.376     224.187     436.563     
117297     2215.6     2194.28     4407.91     211.524     223.419     434.944     
117303     2199.11     2172.34     4370.34     213.046     224.899     437.945     
117311     2225.22     2205.95     4428.97     213.104     223.332     436.436     
117327     2201.06     2173.1     4373.6     212.652     224.221     436.874     
117427     2173.79     2173.98     4346.56     211.939     222.987     434.927     
117428     2166.57     2158.14     4323.22     213.055     223.84     436.895     
117429     2168.06     2155.41     4322.03     212.941     223.971     436.911     
117430     2171.02     2156.99     4327.4     211.505     223.058     434.563     
117431     2167.99     2153.03     4320.19     211.321     222.581     433.902     
117433     2209.07     2196.41     4403.59     213.61     224.706     438.316     
117435     2207.23     2188.51     4393.8     212.278     223.382     435.661     
117441     2185.81     2168.02     4353.11     212.325     223.314     435.639     
117443     2184.76     2159.1     4342.68     213.143     224.546     437.69     
117447     2179.93     2160.76     4340.16     212.53     223.359     435.889     
117455     2214.1     2185.7     4398.16     213.193     223.793     436.986     
117457     2193.5     2167.27     4359.08     212.903     223.645     436.549     
117543     2145.81     2148.12     4292.77     211.686     221.69     433.377     
117544     1987.42     1804.49     3791.92     182.358     195.128     377.485     
117546     2139.86     2143.11     4282.47     213.076     222.337     435.412     
117547     2134.68     2134.39     4268.69     212.628     222.36     434.988     
117574     2225.9     2167.01     4392.13     211.965     222.328     434.293     
117575     2214.63     2152.78     4367.04     213.281     223.579     436.86     
117576     2210.19     2150.81     4360.03     211.262     221.782     433.044     
117579     2235.88     2178.98     4412.86     212.984     222.675     435.659     
117581     2222.01     2159.98     4379.82     213.109     223.098     436.207     
117583     2218.21     2153.02     4370.53     213.628     223.774     437.403     
117586     2238.07     2198.8     4434.89     212.592     223.144     435.736     
117590     2206.22     2159.99     4365.23     213.602     223.839     437.441     
117592     2198.17     2151.17     4348.45     212.407     222.742     435.149     
117602     2168.95     2149.98     4317.23     211.155     221.397     432.553     
117604     2166.31     2145.52     4310.74     212.102     223.317     435.419     
117606     2161.79     2139.12     4299.65     212.743     223.609     436.352     
117607     2156.19     2133.38     4288.46     211.892     222.778     434.67     
117609     2155.39     2139.28     4293.64     212.667     222.85     435.517     
117613     2149.26     2131.08     4279.64     211.525     222.195     433.72     
117684     2162.1     2137.57     4299.1     212.042     222.499     434.541     
117685     2157.4     2132.19     4289.15     211.09     221.527     432.617     
117694     2193.37     2163.61     4356.21     213.099     223.794     436.893     
117725     2177.82     2143.7     4321.18     210.882     222.012     432.895     
117759     2199.89     2159.83     4358.25     211.961     223.677     435.638     
117760     2190.67     2157.25     4346.9     212.463     224.253     436.716     
117764     2187.54     2154.16     4341.22     211.976     223.642     435.618     
117766     2208.36     2191.02     4397.96     212.75     222.774     435.525     
117768     2184.66     2156.55     4340.21     212.355     223.642     435.997     
117770     2188.68     2164.02     4350.52     210.998     222.278     433.276     
117772     2180.27     2156.6     4335.99     211.972     222.609     434.581     
117776     2171.8     2148.17     4319.07     211.719     222.686     434.405     
117779     2154.27     2136.02     4289.34     211.483     222.481     433.964     
117781     2139.21     2123.93     4262.54     211.292     221.41     432.702     
117821     2149.35     2140.08     4288.54     214.076     223.831     437.907     
117823     2144.24     2130.08     4273.54     213.502     223.695     437.197     
117825     2141.58     2128.71     4269.79     212.415     222.107     434.522     
117826     2139.45     2117.99     4256.72     213.797     223.903     437.7     
117827     2142.78     2119.21     4261.28     212.82     223.678     436.499     
117847     2209.27     2173.54     4381.47     211.481     222.914     434.395     
117848     2193.95     2156.24     4349.03     212.349     223.992     436.34     
117849     2199.39     2160.75     4359.09     210.909     222.224     433.133     
117851     2188.82     2151.5     4339.09     211.147     222.325     433.473     
117852     2189.99     2153.68     4342.17     211.703     223.415     435.118     
117921     2217.63     2188.39     4404.09     210.533     221.445     431.978     
117922     2209.4     2182.87     4390.24     210.795     222.151     432.946     
117925     2201.43     2168.22     4368.26     211.693     223.412     435.105     
117927     2196.79     2162.54     4357.61     210.888     222.193     433.081     
118019     2138.34     2138.4     4275.69     211.518     221.823     433.341     
118024     2134.65     2140.09     4274.27     212.74     223.27     436.01     
118028     2126.79     2135.72     4262.22     212.78     223.393     436.173     
118038     2174.25     2161.43     4333.9     211.256     224.013     435.27     
118042     2167.37     2152.22     4318.06     211.015     223.925     434.94     
118211     2188.91     2138     4325.94     211.601     224.189     435.791     
118252     2190.72     2155.08     4344.68     214.226     225.415     439.641     
118301     2182.32     2140.34     4321.43     214.273     225.917     440.189     
118304     2175.17     2134.93     4309.62     212.341     223.922     436.262     
118308     2206.09     2171.15     4376.06     211.49     223.031     434.521     
118314     2176.48     2137.17     4313.2     213.442     224.547     437.988     
118321     2198.17     2159.77     4356.65     214.559     225.62     440.179     
118435     2199.81     2151.05     4349.69     212.148     223.283     435.43     
118438     2182.5     2136.8     4318.35     213.061     224.72     437.78     
118440     2175.57     2136.27     4310.82     212.47     223.703     436.174     
118446     2198.69     2159.76     4356.56     215.252     227.104     442.356     
118457     2199.03     2150.19     4347.83     211.673     223.203     434.876     
118458     2185.62     2139.06     4323.75     212.319     223.836     436.155     
118462     2181.84     2135.47     4316.45     212.468     223.816     436.284     
118464     2213.5     2172.91     4384.11     212.356     223.542     435.899     
118469     2185.13     2134.72     4318.77     211.796     223.334     435.13     
118674     2178.1     2134.72     4311.66     211.343     222.229     433.572     
118676     2180.11     2137.8     4316.39     211.699     222.248     433.947     
118751     2183.79     2136.58     4319.39     213.095     224.05     437.145     
118754     2180.36     2133.23     4312.84     211.784     223.026     434.811     
119380     2164.65     2119.48     4283.19     212.947     222.757     435.704     
119381     2151.18     2112.25     4262.59     212.924     223.302     436.226     
119386     2145.35     2106.98     4251.26     213.908     224.237     438.145     
119387     2146.92     2106.98     4252.94     212.97     223.684     436.654     
119417     2174.19     2123.35     4296.54     214.248     225.493     439.741     
119420     2160.94     2106     4266.56     212.604     224.253     436.857     
119618     2195.73     2148.38     4342.27     212.922     222.97     435.892     
119621     2184.3     2135.93     4318.79     214.394     225.004     439.398     
119684     2194.58     2132.2     4326.08     211.817     223.481     435.298     
119687     2188.91     2125.5     4313.75     212.25     224.185     436.435     
119691     2168.57     2112.23     4280.3     211.447     223.478     434.925     
119919     2181.31     2120.33     4300.84     212.271     222.821     435.093     
119921     2175.12     2117.68     4292.08     212.009     222.948     434.957     
119925     2170.2     2127.56     4297.1     210.877     223.605     434.483     
119926     2156.51     2120.42     4276.83     212.163     224.691     436.854     
119928     2146.92     2115.9     4262.24     212.466     225.226     437.692     
119969     2171.43     2139.4     4310.24     211.503     223.404     434.907     
120039     2150.14     2139.95     4288.75     213.425     225.369     438.794     
120045     2095.17     2098.32     4193.11     216.054     226.455     442.509     
120048     2092.08     2093.12     4184.71     213.654     223.713     437.367     
120057     2128.78     2120.47     4248.59     213.584     224.47     438.054     
120058     2125.99     2110.94     4235.53     214.28     225.61     439.889     
120059     2123.61     2110.04     4233.07     213.388     224.359     437.747     
120060     2118.12     2099.64     4217.06     213.144     224.5     437.644     
120061     2125.72     2102.76     4227.99     213.244     224.61     437.854     
120062     2116.04     2099.25     4214.53     214.826     225.978     440.804     
120063     2117.04     2100.74     4217.56     213.976     225.376     439.352     
120064     2117.37     2098.47     4215.46     214.023     225.71     439.732     
120078     2186.85     2145.19     4330.68     212.278     224.068     436.346     
120079     2190.72     2137.75     4327.46     212.487     225.072     437.559     
120082     2170.76     2125.3     4295.49     212.946     224.903     437.849     
120194     2185.61     2134.71     4319.47     211.707     223.091     434.798     
120199     2167.15     2116.08     4281.84     213.212     224.6     437.812     
120200     2156.59     2109.71     4265.92     213.03     224.51     437.54     
120214     2178.45     2150.73     4327.23     213.736     225.513     439.249     
120231     2176.29     2144.89     4320.01     213.155     223.018     436.173     
120232     2166.2     2135.07     4300.39     214.858     224.081     438.939     
120234     2156.63     2128.48     4284.45     213.209     225.03     438.239     
120237     2159.55     2119.58     4277.37     214.033     225.788     439.82     
120238     2155.55     2118.65     4273.66     213.597     225.67     439.267     
120240     2146.84     2113.33     4259.42     214.08     226.198     440.278     
120246     2135.4     2100.37     4235.18     213.222     225.386     438.608     
120261     2168.2     2136.77     4303.02     211.498     224.858     436.356     
120269     2150.98     2112.45     4262.42     212.863     226.288     439.151     
120274     2149.49     2115.21     4263.48     212.643     225.711     438.354     
120278     2179.71     2136.33     4314.77     212.484     224.309     436.794     
120279     2168.74     2124.64     4291.38     212.111     224.225     436.336     
120285     2154.7     2112.62     4265.61     214.047     226.026     440.073     
120286     2150.09     2100.11     4249.46     213.083     224.863     437.946     
120394     2144.21     2099.43     4242.61     210.52     222.229     432.749     
120396     2133.39     2091.61     4224.33     211.899     230.597     442.496     
120397     2119.73     2075.33     4194.16     213.512     223.929     437.441     
120406     2141.38     2095.68     4236.08     213.398     225.152     438.55     
120407     2141.18     2095.54     4236.33     213.193     224.843     438.036     
120408     2136.34     2086.45     4222.18     215.031     226.58     441.611     
120410     2141.47     2094.42     4235.27     212.835     224.217     437.053     
120411     2137.96     2088.27     4226.11     213.437     224.534     437.972     
120416     2187.47     2126.47     4312.68     213.54     225.953     439.493     
120419     2182.36     2112.34     4294.05     213.062     224.486     437.547     
120420     2169.85     2102.12     4271.24     215.355     226.711     442.066     
120422     2174.32     2109.84     4283.9     212.131     223.418     435.549     
120426     2189.48     2138.45     4326.58     212.196     223.77     435.966     
120428     2173.34     2122.81     4294.98     213.862     224.985     438.846     
120479     2143.96     2114.68     4257.73     213.503     225.584     439.087     
120480     2128.31     2111.03     4238.7     215.114     226.885     441.999     
120483     2137.79     2110.7     4248.17     214.937     227.371     442.309     
120496     2145.62     2121.48     4266.23     213.793     225.441     439.234     
120497     2137.41     2114.96     4252.2     213.86     225.811     439.671     
121033     2173.57     2126.29     4299.21     214.942     224.311     439.253     
121099     2170.75     2106.44     4276.37     217.507     227.496     445.003     
121111     2151.21     2091.22     4241.55     216.933     227.141     444.074     
121220     2163.13     2104.85     4266.95     217.588     226.3     443.888     
121224     2152.96     2092.17     4244.45     216.789     226.092     442.882     
121226     2143.16     2082.65     4225.4     216.983     226.708     443.691     
121233     2147.88     2079.58     4226.57     215.903     225.897     441.801     
121237     2148.39     2080.05     4228.27     215.18     225.428     440.607     
121271     2174.63     2092.58     4266.63     216.091     226.739     442.83     
121275     2175.78     2091.82     4266.83     216.468     226.98     443.449     
121287     2201.67     2119.95     4320.69     214.954     226.262     441.216     
121288     2199.49     2110.12     4308.72     215.158     225.649     440.807     
121289     2181.62     2094.44     4275.53     214.605     225.816     440.421     
121291     2185.08     2098.54     4282.68     215.77     226.768     442.538     
121292     2179.47     2092.12     4270.89     214.484     225.416     439.9     
121295     2177.72     2096.22     4273.46     212.333     223.041     435.375     
121343     2194.62     2119.26     4312.43     213.974     223.971     437.945     
121344     2159.78     2083.09     4242.6     214.749     225.158     439.907     
121401     2175.87     2101.91     4276.02     214.154     224.206     438.36     
121534     2162.72     2066.73     4228.46     212.563     223.283     435.845     
121543     2165.64     2083.5     4248.55     214.474     223.639     438.114     
121544     2157.81     2070.63     4227.7     214.01     223.308     437.318     
121545     2149.46     2064.45     4213.23     213.593     226.313     439.906     
121548     2117.83     2046.16     4163.82     214.881     223.056     437.937     
121554     2113.09     2042.53     4154.99     213.881     221.923     435.805     
121809     2184.12     2084.29     4266.76     213.648     224.139     437.786     
121863     2210.4     2112.32     4320.88     182.78     192.057     374.837     
121867     2204.68     2105.59     4309.2     171.617     180.362     351.98     
121954     2241.89     2141.15     4381.52     176.479     185.099     361.578     
121956     2211.87     2106.38     4317.04     203.627     213.396     417.023     
121959     2234.99     2122.81     4357.11     108.748     114.281     223.029     
121961     2177.84     2079.93     4256.44     91.3337     95.7645     187.098     
121967     2157.52     2061.07     4218.59     90.0611     95.79     185.851     
121968     2146.41     2059.27     4205.51     91.5075     97.6176     189.125     
122041     2186.48     2109.82     4294.8     211.668     222.657     434.325     
122212     2202.43     2100.64     4301.73     211.369     221.5     432.869     
122213     2184.15     2083.18     4265.93     212.343     222.236     434.579     
122214     2178.11     2074.94     4251.66     212.102     222.126     434.228     
