1.25	 1.040E+00 	 1.245E-01 	 11.97 	 5.648E-03 	 0.54 	  1.244E-01 	 11.96
1.75	 1.754E-01 	 2.004E-02 	 11.43 	 1.100E-03 	 0.63 	  2.001E-02 	 11.41
2.25	 3.833E-02 	 4.577E-03 	 11.94 	 3.102E-04 	 0.81 	  4.567E-03 	 11.91
2.75	 9.610E-03 	 1.179E-03 	 12.27 	 9.930E-05 	 1.03 	  1.175E-03 	 12.23
3.25	 2.670E-03 	 3.532E-04 	 13.23 	 3.764E-05 	 1.41 	  3.512E-04 	 13.15
3.75	 8.612E-04 	 1.110E-04 	 12.88 	 1.667E-05 	 1.94 	  1.097E-04 	 12.74
4.25	 3.270E-04 	 4.264E-05 	 13.04 	 8.158E-06 	 2.49 	  4.185E-05 	 12.80
4.75	 1.252E-04 	 1.679E-05 	 13.41 	 4.421E-06 	 3.53 	  1.619E-05 	 12.94
5.25	 5.266E-05 	 7.915E-06 	 15.03 	 2.822E-06 	 5.36 	  7.394E-06 	 14.04
5.75	 2.761E-05 	 4.069E-06 	 14.74 	 1.348E-06 	 4.88 	  3.839E-06 	 13.90
6.25	 1.189E-05 	 2.112E-06 	 17.77 	 8.138E-07 	 6.85 	  1.949E-06 	 16.39
6.75	 7.115E-06 	 1.332E-06 	 18.72 	 5.804E-07 	 8.16 	  1.198E-06 	 16.84
7.25	 3.705E-06 	 7.417E-07 	 20.02 	 3.972E-07 	 10.72 	  6.264E-07 	 16.91
7.75	 1.898E-06 	 4.175E-07 	 21.99 	 2.549E-07 	 13.42 	  3.307E-07 	 17.42
8.50	 1.168E-06 	 2.358E-07 	 20.18 	 1.301E-07 	 11.13 	  1.967E-07 	 16.83
9.50	 5.043E-07 	 1.272E-07 	 25.23 	 8.312E-08 	 16.48 	  9.634E-08 	 19.10
11.00	 1.541E-07 	 4.002E-08 	 25.98 	 2.748E-08 	 17.83 	  2.910E-08 	 18.89
13.00	 2.941E-08 	 1.396E-08 	 47.48 	 1.278E-08 	 43.46 	  5.621E-09 	 19.11


pt	 val	 tot_err	 stat_err	syst_err	 

Final combined PbGl/PbSc (Christian [Gl/Sc]+Justin [Sc]) 
PHENIX Pi0 Data Run2 Au+Au yields for 30_40.
For points with no errors given, data value represents 
90\% confidence level upper limit. }
 
