  1.25      9.037e-02    9.897e-03    10.95  	4.484E-04       0.50        9.891E-03       10.94
  1.75      1.571e-02    1.682e-03    10.71  	9.400E-05       0.60        1.680E-03       10.69
  2.25      3.397e-03    3.774e-04    11.11  	2.836E-05       0.83        3.765E-04       11.08
  2.75      8.712e-04    1.030e-04    11.82  	1.041E-05       1.19        1.025E-04       11.76
  3.25      2.808e-04    3.475e-05    12.38  	4.746E-06       1.69        3.442E-05       12.26
  3.75      9.236e-05    1.099e-05    11.90  	2.390E-06       2.59        1.073E-05       11.61
  4.25      3.461e-05    4.768e-06    13.78  	1.282E-06       3.70        4.593E-06       13.27
  4.75      1.369e-05    1.992e-06    14.55  	7.188E-07       5.25        1.857E-06       13.57
  5.25      6.198e-06    1.046e-06    16.87  	4.761E-07       7.68        9.308E-07       15.02
  5.75      2.683e-06    4.922e-07    18.35  	2.173E-07       8.10        4.415E-07       16.46
  6.25      1.514e-06    2.834e-07    18.72  	1.486E-07       9.81        2.414E-07       15.94
  6.75      8.605e-07    1.902e-07    22.11  	1.046E-07       12.16       1.589E-07       18.46
  7.25      4.305e-07    1.008e-07    23.43  	6.822E-08       15.85       7.426E-08       17.25
  7.75      1.502e-07    5.156e-08    34.33  	4.381E-08       29.17       2.719E-08       18.10
  8.50      9.326e-08    2.655e-08    28.47  	2.035E-08       21.82       1.706E-08       18.29
  9.50      5.374e-08    1.791e-08    33.32  	1.486E-08       27.65       9.997E-09       18.60
  11.00     1.101e-08    4.645e-09    42.19  	4.162E-09       37.80       2.062E-09       18.73
  13.00     1.478e-09    1.506e-09    101.89  	1.478E-09       100.00      2.883E-10       19.51



pt	 val	 tot_err	 stat_err	syst_err	 

PHENIX Pi0 Data Run2 Au+Au yields for 60-92.
For points with no errors given, data value represents 
90\% confidence level upper limit.
