1.25	 2.054E+00 	 2.659E-01 	 12.95 	 1.461E-02 	 0.71 	  2.655E-01 	 12.93
1.75	 4.137E-01 	 4.625E-02 	 11.18 	 2.933E-03 	 0.71 	  4.616E-02 	 11.16
2.25	 8.576E-02 	 1.042E-02 	 12.15 	 7.654E-04 	 0.89 	  1.039E-02 	 12.11
2.75	 2.028E-02 	 2.623E-03 	 12.93 	 2.305E-04 	 1.14 	  2.612E-03 	 12.88
3.25	 5.057E-03 	 6.824E-04 	 13.50 	 7.980E-05 	 1.58 	  6.778E-04 	 13.40
3.75	 1.665E-03 	 2.020E-04 	 12.13 	 3.170E-05 	 1.90 	  1.995E-04 	 11.98
4.25	 5.859E-04 	 7.456E-05 	 12.72 	 1.511E-05 	 2.58 	  7.301E-05 	 12.46
4.75	 2.253E-04 	 3.107E-05 	 13.79 	 7.948E-06 	 3.53 	  3.003E-05 	 13.33
5.25	 9.486E-05 	 1.321E-05 	 13.92 	 4.369E-06 	 4.61 	  1.246E-05 	 13.14
5.75	 4.651E-05 	 7.014E-06 	 15.08 	 2.087E-06 	 4.49 	  6.696E-06 	 14.40
6.25	 2.224E-05 	 3.483E-06 	 15.66 	 1.249E-06 	 5.62 	  3.252E-06 	 14.62
6.75	 1.109E-05 	 2.085E-06 	 18.81 	 8.621E-07 	 7.78 	  1.899E-06 	 17.13
7.25	 6.455E-06 	 1.221E-06 	 18.91 	 5.485E-07 	 8.50 	  1.091E-06 	 16.90
7.75	 3.568E-06 	 8.212E-07 	 23.02 	 3.999E-07 	 11.21 	  7.173E-07 	 20.10
8.50	 1.724E-06 	 3.702E-07 	 21.47 	 1.718E-07 	 9.96 	  3.279E-07 	 19.01
9.50	 6.318E-07 	 1.506E-07 	 23.84 	 9.789E-08 	 15.49 	  1.144E-07 	 18.11
11.00	 1.701E-07 	 4.594E-08 	 27.01 	 3.347E-08 	 19.68 	  3.147E-08 	 18.51
13.00	 5.093E-08 	 1.883E-08 	 36.97 	 1.610E-08 	 31.62 	  9.749E-09 	 19.14


pt	 val	 tot_err	 stat_err	syst_err	 

Final combined PbGl/PbSc (Christian [Gl/Sc]+Justin [Sc]) 
PHENIX Pi0 Data Run2 Au+Au yields for 10_20.
For points with no errors given, data value represents 
90\% confidence level upper limit. }
