1.25	 3.494E-02 	 4.545E-03 	 13.01 	 6.093E-04 	 1.74 	  4.504E-03 	 12.89
1.75	 6.037E-03 	 7.715E-04 	 12.78 	 1.291E-04 	 2.14 	  7.607E-04 	 12.60
2.25	 1.319E-03 	 1.739E-04 	 13.18 	 3.628E-05 	 2.75 	  1.701E-04 	 12.89
2.75	 3.321E-04 	 4.736E-05 	 14.26 	 1.243E-05 	 3.74 	  4.570E-05 	 13.76
3.25	 1.059E-04 	 1.574E-05 	 14.87 	 5.281E-06 	 4.99 	  1.483E-05 	 14.01
3.75	 3.625E-05 	 5.064E-06 	 13.97 	 2.408E-06 	 6.64 	  4.455E-06 	 12.29
4.25	 1.233E-05 	 2.160E-06 	 17.51 	 1.293E-06 	 10.48 	  1.730E-06 	 14.03
4.75	 6.501E-06 	 1.207E-06 	 18.56 	 7.988E-07 	 12.29 	  9.044E-07 	 13.91
5.25	 3.018E-06 	 6.824E-07 	 22.61 	 5.360E-07 	 17.76 	  4.224E-07 	 13.99
5.75	 1.072E-06 	 2.942E-07 	 27.45 	 2.315E-07 	 21.60 	  1.815E-07 	 16.94
6.25	 3.265E-07 	 1.299E-07 	 39.77 	 1.154E-07 	 35.36 	  5.945E-08 	 18.21
6.75	 2.805E-07 	 1.119E-07 	 39.90 	 9.918E-08 	 35.36 	  5.185E-08 	 18.48
7.25	 2.231E-07 	 9.416E-08 	 42.20 	 8.434E-08 	 37.80 	  4.187E-08 	 18.76
7.75	 8.467E-08 	 5.145E-08 	 60.76 	 4.888E-08 	 57.74 	  1.604E-08 	 18.94
8.50	 3.602E-08 	 2.191E-08 	 60.81 	 2.080E-08 	 57.74 	  6.880E-09 	 19.10
9.50	 1.077E-08 	 1.097E-08 	 101.84 	 1.077E-08 	 100.00 	  2.074E-09 	 19.26
11.00	 4.375E-09 	 4.456E-09 	 101.85 	 4.375E-09 	 100.00 	  8.455E-10 	 19.32


pt	 val	 tot_err	 stat_err	syst_err	 

Final combined PbGl/PbSc (Christian [Gl/Sc]+Justin [Sc]) 
PHENIX Pi0 Data Run2 Au+Au yields for 80_92.
For points with no errors given, data value represents 
90\% confidence level upper limit. }
 
