1.25	 7.416E-02 	 8.857E-03 	 11.94 	 5.166E-04 	 0.70 	  8.842E-03 	 11.92
1.75	 1.282E-02 	 1.500E-03 	 11.71 	 1.189E-04 	 0.93 	  1.496E-03 	 11.67
2.25	 2.721E-03 	 3.266E-04 	 12.00 	 3.774E-05 	 1.39 	  3.245E-04 	 11.92
2.75	 7.455E-04 	 9.256E-05 	 12.41 	 1.514E-05 	 2.03 	  9.131E-05 	 12.25
3.25	 2.461E-04 	 3.334E-05 	 13.54 	 7.508E-06 	 3.05 	  3.248E-05 	 13.20
3.75	 7.200E-05 	 1.037E-05 	 14.40 	 3.689E-06 	 5.12 	  9.687E-06 	 13.46
4.25	 2.609E-05 	 4.535E-06 	 17.38 	 2.071E-06 	 7.94 	  4.034E-06 	 15.46
4.75	 1.288E-05 	 2.526E-06 	 19.61 	 1.308E-06 	 10.15 	  2.161E-06 	 16.78
5.25	 4.650E-06 	 1.190E-06 	 25.59 	 7.727E-07 	 16.62 	  9.050E-07 	 19.46
5.75	 2.416E-06 	 6.133E-07 	 25.39 	 3.897E-07 	 16.13 	  4.736E-07 	 19.60
6.25	 1.763E-06 	 3.895E-07 	 22.09 	 2.713E-07 	 15.39 	  2.795E-07 	 15.85
6.75	 5.945E-07 	 2.053E-07 	 34.54 	 1.651E-07 	 27.77 	  1.221E-07 	 20.53
7.25	 4.817E-07 	 1.484E-07 	 30.82 	 1.245E-07 	 25.84 	  8.088E-08 	 16.79
7.75	 1.344E-07 	 7.184E-08 	 53.47 	 6.718E-08 	 50.00 	  2.545E-08 	 18.94
8.50	 1.135E-07 	 4.560E-08 	 40.18 	 4.012E-08 	 35.36 	  2.167E-08 	 19.10
9.50	 4.968E-08 	 2.662E-08 	 53.58 	 2.484E-08 	 50.00 	  9.568E-09 	 19.26
11.00	 5.060E-09 	 5.153E-09 	 101.85 	 5.060E-09 	 100.00 	  9.778E-10 	 19.33


pt	 val	 tot_err	 stat_err	syst_err	 

Final combined PbGl/PbSc (Christian [Gl/Sc]+Justin [Sc]) 
PHENIX Pi0 Data Run2 Au+Au yields for 70_80.
For points with no errors given, data value represents 
90\% confidence level upper limit. }

