1.25	 6.389E-01 	 7.223E-02 	 11.31 	 3.367E-03 	 0.53 	  7.216E-02 	 11.29
1.75	 1.156E-01 	 1.317E-02 	 11.39 	 6.789E-04 	 0.59 	  1.315E-02 	 11.37
2.25	 2.442E-02 	 2.917E-03 	 11.95 	 1.926E-04 	 0.79 	  2.911E-03 	 11.92
2.75	 6.172E-03 	 7.917E-04 	 12.83 	 6.521E-05 	 1.06 	  7.890E-04 	 12.78
3.25	 1.682E-03 	 2.208E-04 	 13.12 	 2.455E-05 	 1.46 	  2.194E-04 	 13.04
3.75	 5.822E-04 	 7.272E-05 	 12.49 	 1.161E-05 	 1.99 	  7.179E-05 	 12.33
4.25	 1.927E-04 	 2.554E-05 	 13.26 	 6.113E-06 	 3.17 	  2.480E-05 	 12.87
4.75	 8.818E-05 	 1.220E-05 	 13.83 	 3.476E-06 	 3.94 	  1.169E-05 	 13.26
5.25	 3.627E-05 	 5.444E-06 	 15.01 	 2.166E-06 	 5.97 	  4.995E-06 	 13.77
5.75	 1.611E-05 	 2.459E-06 	 15.26 	 9.656E-07 	 5.99 	  2.261E-06 	 14.04
6.25	 9.635E-06 	 1.641E-06 	 17.04 	 6.880E-07 	 7.14 	  1.490E-06 	 15.47
6.75	 4.467E-06 	 8.403E-07 	 18.81 	 4.278E-07 	 9.58 	  7.232E-07 	 16.19
7.25	 2.044E-06 	 4.111E-07 	 20.12 	 2.585E-07 	 12.65 	  3.197E-07 	 15.64
7.75	 1.363E-06 	 3.625E-07 	 26.60 	 2.198E-07 	 16.13 	  2.882E-07 	 21.15
8.50	 7.878E-07 	 1.761E-07 	 22.35 	 1.056E-07 	 13.41 	  1.409E-07 	 17.88
9.50	 2.197E-07 	 7.509E-08 	 34.17 	 5.630E-08 	 25.62 	  4.969E-08 	 22.61
11.00	 1.053E-07 	 3.111E-08 	 29.55 	 2.280E-08 	 21.66 	  2.116E-08 	 20.10
13.00	 2.792E-08 	 1.294E-08 	 46.34 	 1.140E-08 	 40.82 	  6.121E-09 	 21.92


 pt	 val	 tot_err	 stat_err	syst_err	 

Final combined PbGl/PbSc (Christian [Gl/Sc]+Justin [Sc]) 
PHENIX Pi0 Data Run2 Au+Au yields for 40_50.
For points with no errors given, data value represents 
90\% confidence level upper limit. }
