1.25	 1.078E+00 	 1.205E-01 	 11.18 	 3.333E-03 	 0.31 	  1.205E-01 	 11.17
1.75	 1.928E-01 	 2.172E-02 	 11.26 	 6.847E-04 	 0.36 	  2.171E-02 	 11.26
2.25	 4.038E-02 	 4.826E-03 	 11.95 	 1.742E-04 	 0.43 	  4.822E-03 	 11.94
2.75	 9.578E-03 	 1.203E-03 	 12.56 	 5.293E-05 	 0.55 	  1.202E-03 	 12.55
3.25	 2.564E-03 	 3.381E-04 	 13.18 	 1.858E-05 	 0.72 	  3.375E-04 	 13.17
3.75	 8.115E-04 	 1.016E-04 	 12.52 	 7.353E-06 	 0.91 	  1.013E-04 	 12.48
4.25	 2.906E-04 	 3.746E-05 	 12.89 	 3.475E-06 	 1.20 	  3.729E-05 	 12.84
4.75	 1.121E-04 	 1.477E-05 	 13.18 	 1.806E-06 	 1.61 	  1.466E-05 	 13.08
5.25	 4.924E-05 	 6.575E-06 	 13.35 	 1.031E-06 	 2.09 	  6.494E-06 	 13.19
5.75	 2.240E-05 	 3.049E-06 	 13.61 	 4.723E-07 	 2.11 	  3.012E-06 	 13.45
6.25	 1.190E-05 	 1.672E-06 	 14.05 	 2.909E-07 	 2.44 	  1.647E-06 	 13.83
6.75	 5.970E-06 	 8.714E-07 	 14.60 	 1.943E-07 	 3.25 	  8.494E-07 	 14.23
7.25	 3.246E-06 	 4.925E-07 	 15.17 	 1.273E-07 	 3.92 	  4.758E-07 	 14.65
7.75	 1.715E-06 	 2.807E-07 	 16.37 	 9.049E-08 	 5.28 	  2.658E-07 	 15.49
8.50	 8.583E-07 	 1.343E-07 	 15.65 	 3.892E-08 	 4.53 	  1.285E-07 	 14.98
9.50	 3.078E-07 	 5.562E-08 	 18.07 	 2.351E-08 	 7.64 	  5.041E-08 	 16.38
11.00	 9.178E-08 	 1.616E-08 	 17.61 	 7.770E-09 	 8.47 	  1.417E-08 	 15.44
13.00	 2.380E-08 	 5.425E-09 	 22.79 	 3.856E-09 	 16.20 	  3.816E-09 	 16.03


pt	 val	 tot_err	 stat_err	syst_err

Final combined PbGl/PbSc (Christian [Gl/Sc]+Justin [Sc]) 
PHENIX Pi0 Data Run2 Au+Au yields for 0_100.
For points with no errors given, data value represents 
90\% confidence level upper limit. }
