  1.25      2.684e+00    3.111e-01    11.59  	1.455E-02   0.54         3.106E-01   11.58
  1.75      5.059e-01    5.138e-02    10.16  	2.875E-03   0.57         5.131E-02   10.14
  2.25      1.033e-01    1.140e-02    11.03  	7.343E-04   0.71         1.137E-02   11.01
  2.75      2.373e-02    2.847e-03    12.00  	2.198E-04   0.93         2.837E-03   11.96
  3.25      6.014e-03    7.729e-04    12.85  	7.501E-05   1.25         7.693E-04   12.79
  3.75      1.912e-03    2.157e-04    11.28  	2.840E-05   1.49         2.137E-04   11.18
  4.25      6.522e-04    7.767e-05    11.91  	1.307E-05   2.00         7.660E-05   11.74
  4.75      2.484e-04    3.126e-05    12.59  	6.637E-06   2.67         3.055E-05   12.30
  5.25      1.118e-04    1.416e-05    12.66  	3.683E-06   3.29         1.368E-05   12.23
  5.75      5.034e-05    6.979e-06    13.86  	1.670E-06   3.32         6.775E-06   13.46
  6.25      2.582e-05    3.609e-06    13.98  	9.994E-07   3.87         3.466E-06   13.43
  6.75      1.194e-05    1.935e-06    16.21  	6.415E-07   5.37         1.825E-06   15.29
  7.25      7.048e-06    1.193e-06    16.92  	4.237E-07   6.01         1.115E-06   15.82
  7.75      4.099e-06    7.789e-07    19.00  	3.073E-07   7.50         7.159E-07   17.46
  8.50      1.804e-06    3.284e-07    18.21  	1.247E-07   6.92         3.037E-07   16.84
  9.50      8.445e-07    1.694e-07    20.05  	8.042E-08   9.52         1.491E-07   17.65
  11.0      2.239e-07    5.016e-08    22.40  	2.714E-08   12.12        4.219E-08   18.84
  13.0      5.517e-08    1.453e-08    26.34  	1.011E-08   18.32        1.044E-08   18.93


pt	 val	 tot_err	 stat_err	syst_err	 

Final combined PbGl/PbSc (Christian [Gl/Sc]+Justin [Sc]) 
PHENIX Pi0 Data Run2 Au+Au yields for 0_20.
For points with no errors given, data value represents 
90\% confidence level upper limit.