1.25	 3.314E+00 	 4.034E-01 	 12.17 	 2.518E-02 	 0.76 	  4.026E-01 	 12.15
1.75	 5.981E-01 	 6.802E-02 	 11.37 	 4.946E-03 	 0.83 	  6.784E-02 	 11.34
2.25	 1.208E-01 	 1.452E-02 	 12.02 	 1.253E-03 	 1.04 	  1.447E-02 	 11.98
2.75	 2.718E-02 	 3.541E-03 	 13.03 	 3.744E-04 	 1.38 	  3.521E-03 	 12.96
3.25	 6.970E-03 	 9.833E-04 	 14.11 	 1.270E-04 	 1.82 	  9.751E-04 	 13.99
3.75	 2.158E-03 	 2.727E-04 	 12.63 	 4.713E-05 	 2.18 	  2.686E-04 	 12.44
4.25	 7.185E-04 	 9.589E-05 	 13.35 	 2.133E-05 	 2.97 	  9.349E-05 	 13.01
4.75	 2.715E-04 	 3.730E-05 	 13.74 	 1.063E-05 	 3.92 	  3.575E-05 	 13.17
5.25	 1.288E-04 	 1.802E-05 	 13.99 	 5.931E-06 	 4.61 	  1.702E-05 	 13.21
5.75	 5.417E-05 	 8.158E-06 	 15.06 	 2.606E-06 	 4.81 	  7.731E-06 	 14.27
6.25	 2.940E-05 	 4.393E-06 	 14.94 	 1.560E-06 	 5.31 	  4.106E-06 	 13.97
6.75	 1.280E-05 	 2.144E-06 	 16.75 	 9.501E-07 	 7.43 	  1.922E-06 	 15.02
7.25	 7.641E-06 	 1.399E-06 	 18.31 	 6.459E-07 	 8.45 	  1.241E-06 	 16.24
7.75	 4.630E-06 	 8.841E-07 	 19.09 	 4.668E-07 	 10.08 	  7.508E-07 	 16.22
8.50	 1.883E-06 	 3.531E-07 	 18.76 	 1.809E-07 	 9.61 	  3.033E-07 	 16.11
9.50	 1.057E-06 	 2.332E-07 	 22.06 	 1.276E-07 	 12.07 	  1.952E-07 	 18.47
11.00	 2.777E-07 	 7.095E-08 	 25.55 	 4.274E-08 	 15.39 	  5.664E-08 	 20.39
13.00	 5.941E-08 	 1.704E-08 	 28.68 	 1.222E-08 	 20.57 	  1.187E-08 	 19.98


pt	 val	 tot_err	 stat_err	syst_err	 

Final combined PbGl/PbSc (Christian [Gl/Sc]+Justin [Sc]) 
PHENIX Pi0 Data Run2 Au+Au yields for 0_10.
For points with no errors given, data value represents 
90\% confidence level upper limit. }

