1.25	 1.601E+00 	 1.855E-01 	 11.59 	 9.668E-03 	 0.60 	  1.852E-01 	 11.57
1.75	 2.879E-01 	 3.266E-02 	 11.34 	 1.911E-03 	 0.66 	  3.260E-02 	 11.32
2.25	 6.045E-02 	 7.433E-03 	 12.30 	 5.117E-04 	 0.85 	  7.416E-03 	 12.27
2.75	 1.429E-02 	 1.767E-03 	 12.37 	 1.537E-04 	 1.08 	  1.761E-03 	 12.32
3.25	 3.983E-03 	 5.221E-04 	 13.11 	 5.534E-05 	 1.39 	  5.192E-04 	 13.04
3.75	 1.233E-03 	 1.563E-04 	 12.68 	 2.340E-05 	 1.90 	  1.546E-04 	 12.53
4.25	 4.749E-04 	 6.223E-05 	 13.10 	 1.158E-05 	 2.44 	  6.115E-05 	 12.88
4.75	 1.732E-04 	 2.334E-05 	 13.48 	 5.898E-06 	 3.41 	  2.258E-05 	 13.04
5.25	 7.761E-05 	 1.130E-05 	 14.56 	 3.503E-06 	 4.51 	  1.074E-05 	 13.84
5.75	 3.573E-05 	 5.134E-06 	 14.37 	 1.627E-06 	 4.55 	  4.870E-06 	 13.63
6.25	 1.714E-05 	 2.573E-06 	 15.01 	 9.568E-07 	 5.58 	  2.389E-06 	 13.94
6.75	 9.015E-06 	 1.535E-06 	 17.02 	 6.625E-07 	 7.35 	  1.384E-06 	 15.36
7.25	 5.146E-06 	 9.329E-07 	 18.13 	 4.423E-07 	 8.59 	  8.214E-07 	 15.96
7.75	 2.878E-06 	 6.367E-07 	 22.12 	 3.267E-07 	 11.35 	  5.465E-07 	 18.99
8.50	 1.363E-06 	 2.906E-07 	 21.32 	 1.452E-07 	 10.65 	  2.517E-07 	 18.46
9.50	 6.216E-07 	 1.371E-07 	 22.06 	 8.347E-08 	 13.43 	  1.088E-07 	 17.50
11.00	 1.825E-07 	 4.440E-08 	 24.33 	 2.972E-08 	 16.28 	  3.299E-08 	 18.08
13.00	 3.552E-08 	 1.441E-08 	 40.56 	 1.267E-08 	 35.68 	  6.852E-09 	 19.29


pt	 val	 tot_err	 stat_err	syst_err	 

Final combined PbGl/PbSc (Christian [Gl/Sc]+Justin [Sc]) 
PHENIX Pi0 Data Run2 Au+Au yields for 20_30.
For points with no errors given, data value represents 
90\% confidence level upper limit. }
