1.25	 3.593E-01 	 4.027E-02 	 11.21 	 1.941E-03 	 0.54 	  4.022E-02 	 11.19
1.75	 6.197E-02 	 7.080E-03 	 11.43 	 4.018E-04 	 0.65 	  7.069E-03 	 11.41
2.25	 1.309E-02 	 1.558E-03 	 11.90 	 1.175E-04 	 0.90 	  1.553E-03 	 11.87
2.75	 3.479E-03 	 4.226E-04 	 12.15 	 4.211E-05 	 1.21 	  4.205E-04 	 12.09
3.25	 1.019E-03 	 1.302E-04 	 12.77 	 1.695E-05 	 1.66 	  1.291E-04 	 12.67
3.75	 3.480E-04 	 4.462E-05 	 12.82 	 8.518E-06 	 2.45 	  4.380E-05 	 12.59
4.25	 1.329E-04 	 1.821E-05 	 13.69 	 4.558E-06 	 3.43 	  1.763E-05 	 13.26
4.75	 4.959E-05 	 6.763E-06 	 13.64 	 2.434E-06 	 4.91 	  6.310E-06 	 12.73
5.25	 2.125E-05 	 3.421E-06 	 16.10 	 1.585E-06 	 7.46 	  3.032E-06 	 14.27
5.75	 9.917E-06 	 1.716E-06 	 17.30 	 7.569E-07 	 7.63 	  1.540E-06 	 15.52
6.25	 6.127E-06 	 1.138E-06 	 18.57 	 5.471E-07 	 8.93 	  9.978E-07 	 16.29
6.75	 3.246E-06 	 6.014E-07 	 18.52 	 3.392E-07 	 10.45 	  4.965E-07 	 15.30
7.25	 1.664E-06 	 3.952E-07 	 23.76 	 2.449E-07 	 14.72 	  3.102E-07 	 18.65
7.75	 1.129E-06 	 2.833E-07 	 25.09 	 1.886E-07 	 16.70 	  2.114E-07 	 18.72
8.50	 3.362E-07 	 9.992E-08 	 29.72 	 7.419E-08 	 22.07 	  6.694E-08 	 19.91
9.50	 1.817E-07 	 5.693E-08 	 31.33 	 4.619E-08 	 25.42 	  3.329E-08 	 18.32
11.00	 2.858E-08 	 1.211E-08 	 42.37 	 1.112E-08 	 38.89 	  4.803E-09 	 16.81
13.00 	 2.311E-08 	 0.0		 0.0	 0.0		 0.0	  0.0		 0.0


13.00 	 2.311E-08 	{--} 	 {--} 	 {--} 	 {--}
 
pt	 val	 tot_err	 stat_err	syst_err	 

Final combined PbGl/PbSc (Christian [Gl/Sc]+Justin [Sc]) 
PHENIX Pi0 Data Run2 Au+Au yields for 50_60.
For points with no errors given, data value represents 
90\% confidence level upper limit. }
