  1.25      9.097e-01    9.047e-02    9.95  	2.963E-03        0.33         9.041E-02        9.94
  1.75      1.602e-01    1.571e-02    9.81  	5.854E-04        0.37         1.570E-02        9.80
  2.25      3.407e-02    3.584e-03    10.52  	1.599E-04        0.47         3.579E-03        10.51
  2.75      8.386e-03    9.154e-04    10.92  	4.969E-05        0.59         9.138E-04        10.90
  3.25      2.339e-03    2.717e-04    11.62  	1.832E-05        0.78         2.711E-04        11.59
  3.75      7.562e-04    8.424e-05    11.14  	8.034E-06        1.06         8.387E-05        11.09
  4.25      2.819e-04    3.284e-05    11.65  	4.021E-06        1.43         3.259E-05        11.56
  4.75      1.090e-04    1.280e-05    11.74  	2.126E-06        1.95         1.263E-05        11.58
  5.25      4.695e-05    6.100e-06    12.99  	1.310E-06        2.79         5.959E-06        12.69
  5.75      2.234e-05    2.970e-06    13.29  	6.107E-07        2.73         2.907E-06        13.01
  6.25      1.120e-05    1.650e-06    14.73  	3.833E-07        3.42         1.605E-06        14.33
  6.75      5.961e-06    9.184e-07    15.41  	2.591E-07        4.35         8.809E-07        14.78
  7.25      3.140e-06    5.235e-07    16.67  	1.732E-07        5.52         4.937E-07        15.73
  7.75      1.817e-06    3.527e-07    19.41  	1.264E-07        6.96         3.292E-07        18.12
  8.50      9.139e-07    1.686e-07    18.45  	5.846E-08        6.40         1.581E-07        17.30
  9.50      3.818e-07    7.860e-08    20.59  	3.462E-08        9.07         7.055E-08        18.48
  11.0      1.176e-07    2.381e-08    20.25  	1.194E-08        10.15        2.061E-08        17.52
  13.0      2.899e-08    7.522e-09    25.95  	6.031E-09        20.80        4.497E-09        15.51


pt	 val	 tot_err	 stat_err	syst_err	 

Final combined PbGl/PbSc (Christian [Gl/Sc]+Justin [Sc]) 
PHENIX Pi0 Data Run2 Au+Au yields for 20-60.
For points with no errors given, data value represents 
90\% confidence level upper limit.