1.25	 1.731E-01 	 1.988E-02 	 11.49 	 1.121E-03 	 0.65 	  1.985E-02 	 11.47
1.75	 3.022E-02 	 3.432E-03 	 11.36 	 2.288E-04 	 0.76 	  3.425E-03 	 11.33
2.25	 6.567E-03 	 7.804E-04 	 11.88 	 7.011E-05 	 1.07 	  7.773E-04 	 11.84
2.75	 1.644E-03 	 2.073E-04 	 12.61 	 2.565E-05 	 1.56 	  2.057E-04 	 12.51
3.25	 5.255E-04 	 6.782E-05 	 12.91 	 1.158E-05 	 2.20 	  6.682E-05 	 12.72
3.75	 1.801E-04 	 2.338E-05 	 12.99 	 6.044E-06 	 3.36 	  2.259E-05 	 12.54
4.25	 6.986E-05 	 9.786E-06 	 14.01 	 3.184E-06 	 4.56 	  9.254E-06 	 13.25
4.75	 2.312E-05 	 3.504E-06 	 15.15 	 1.631E-06 	 7.06 	  3.101E-06 	 13.41
5.25	 1.156E-05 	 2.066E-06 	 17.87 	 1.145E-06 	 9.90 	  1.720E-06 	 14.87
5.75	 4.884E-06 	 9.088E-07 	 18.61 	 5.045E-07 	 10.33 	  7.560E-07 	 15.48
6.25	 2.690E-06 	 5.642E-07 	 20.98 	 3.650E-07 	 13.57 	  4.303E-07 	 16.00
6.75	 1.822E-06 	 4.291E-07 	 23.54 	 2.658E-07 	 14.58 	  3.369E-07 	 18.48
7.25	 6.281E-07 	 1.892E-07 	 30.13 	 1.480E-07 	 23.57 	  1.178E-07 	 18.76
7.75	 2.446E-07 	 1.177E-07 	 48.11 	 1.082E-07 	 44.22 	  4.632E-08 	 18.94
8.50	 1.417E-07 	 5.236E-08 	 36.94 	 4.482E-08 	 31.62 	  2.707E-08 	 19.10
9.50	 1.094E-07 	 4.382E-08 	 40.07 	 3.843E-08 	 35.14 	  2.106E-08 	 19.26
11.00	 2.492E-08 	 1.214E-08 	 48.72 	 1.114E-08 	 44.72 	  4.816E-09 	 19.33
13.00	 4.728E-09 	 4.818E-09 	 101.89 	 4.728E-09 	 100.00 	  9.226E-10 	 19.51


pt	 val	 tot_err	 stat_err	syst_err	 

Final combined PbGl/PbSc (Christian [Gl/Sc]+Justin [Sc]) 
PHENIX Pi0 Data Run2 Au+Au yields for 60_70.
For points with no errors given, data value represents 
90\% confidence level upper limit. }
 
