pT  yield  error

1.25 0.05 2.148 0.208527
1.75 0.05 0.4081 0.0393294
2.25 0.05 0.08523 0.00832802
2.75 0.05 0.019615 0.00200718
3.25 0.05 0.005148 0.000559187
3.75 0.05 0.0017165 0.000181808
4.25 0.05 0.0006016 6.43949e-05
4.75 0.05 0.00024615 2.69319e-05
5.25 0.05 0.00011009 1.25689e-05
5.75 0.05 4.1815e-05 5.57494e-06
6.25 0.05 2.268e-05 3.19737e-06
6.75 0.05 1.0735e-05 1.96145e-06
7.25 0.05 6.8665e-06 1.32554e-06
7.75 0.05 4.857e-06 1.01939e-06
8.25 0.05 2.83e-06 7.08542e-07
8.75 0.05 1.829e-06 5.27177e-07
9.25 0.05 1.2562e-06 4.00839e-07
9.75 0.05 8.65e-07 3.13372e-07


where error is (total error - pTcorr error).  This is the error we always
use as the point-by-point error in the RAA.
