   0		-0.558246		12.3837		-0.90004		16.145
   1		-0.558246		13.6588		-0.90004		17.3078
   2		-0.558246		10.4428		-0.90004		11.4208
   3		-0.558246		13.4213		-0.90004		13.3286
   4		-0.558246		9.53869		-0.90004		14.7285
   5		-0.558246		12.199		-0.90004		14.3696
   6		-0.558246		13.5116		-0.90004		11.8667
   7		-0.558246		13.1401		-0.90004		10.0362
   8		-0.558246		10.8513		-0.90004		13.6667
   9		-0.558246		11.0018		-0.90004		11.7792
   10		-0.558246		14.8293		-0.90004		13.6484
   11		-0.558246		11.3769		-0.90004		13.5281
   12		-0.558246		12.9746		-0.90004		11.1289
   13		-0.558246		14.5585		-0.90004		13.6794
   14		-0.558246		14.8749		-0.90004		12.7479
   15		-0.558246		12.4686		-0.90004		11.3635
   16		-0.968574		20.4864		-0.968574		15.1921
   17		-0.968574		18.4757		-0.968574		18.3194
   18		-0.968574		16.9935		-0.968574		17.965
   19		-0.968574		23.494		-0.968574		18.3874
   20		-0.919886		13.3341		-0.919886		14.6815
   21		-0.919886		15.8544		-0.919886		14.4985
   22		-0.919886		14.4154		-0.919886		14.8622
   23		-0.919886		18.0472		-0.919886		15.6985
   24		-0.854967		16.4325		-0.854967		13.7579
   25		-0.854967		17.9025		-0.854967		15.6943
   26		-0.854967		14.7895		-0.854967		16.7433
   27		-0.854967		16.1027		-0.854967		16.728
   28		-0.997171		16.6796		-0.997171		21.7158
   29		-0.997171		16.0872		-0.997171		20.8379
   30		-0.997171		16.9453		-0.997171		17.092
   31		-0.997171		20.4432		-0.997171		22.5668
   32		-0.968574		18.8552		-0.968574		18.6153
   33		-0.968574		17.2486		-0.968574		16.0795
   34		-0.968574		22.9007		-0.968574		22.3146
   35		-0.968574		16.8036		-0.968574		14.5102
   36		-0.919886		14.6763		-0.919886		14.6546
   37		-0.919886		14.4313		-0.919886		12.7431
   38		-0.919886		16.6416		-0.919886		17.84
   39		-0.919886		11.6529		-0.919886		12.4108
   40		-0.854967		17.5651		-0.854967		11.6921
   41		-0.854967		17.7045		-0.854967		18.6869
   42		-0.854967		14.3153		-0.854967		13.9119
   43		-0.854967		13.5034		-0.854967		14.2823
   44		-0.997171		16.7511		-0.997171		15.2748
   45		-0.997171		17.2099		-0.997171		17.2068
   46		-0.997171		16.4803		-0.997171		18.3069
   47		-0.997171		21.0819		-0.997171		19.7322
   48		-0.968574		18.3194		-0.968574		18.3194
   49		-0.968574		18.2514		-0.968574		19.1152
   50		-0.968574		16.8769		-0.968574		21.8211
   51		-0.968574		18.6259		-0.968574		17.5571
   52		-0.919886		10.9767		-0.919886		14.1315
   53		-0.919886		14.9235		-0.919886		14.5311
   54		-0.919886		18.2947		-0.919886		16.278
   55		-0.919886		13.0526		-0.919886		17.5111
   56		-0.854967		14.3978		-0.854967		11.8905
   57		-0.854967		17.3268		-0.854967		17.1519
   58		-0.854967		11.9734		-0.854967		14.8756
   59		-0.854967		14.7863		-0.854967		15.976
   60		-0.997171		16.173		-0.997171		17.6664
   61		-0.997171		17.3081		-0.997171		20.2939
   62		-0.997171		14.5048		-0.997171		15.9951
   63		-0.997171		20.3236		-0.997171		17.7011
   64		-0.968574		15.572		-0.968574		12.3341
   65		-0.968574		20.1439		-0.968574		16.674
   66		-0.968574		19.3596		-0.968574		16.8095
   67		-0.968574		19.6156		-0.968574		15.1771
   68		-0.919886		18.138		-0.919886		14.5885
   69		-0.919886		12.3004		-0.919886		16.9143
   70		-0.919886		14.1859		-0.919886		13.3672
   71		-0.919886		13.2291		-0.919886		10.745
   72		-0.854967		14.7708		-0.854967		15.143
   73		-0.854967		12.7994		-0.854967		14.885
   74		-0.854967		13.4764		-0.854967		13.4375
   75		-0.854967		15.0839		-0.854967		15.8095
   76		-0.997171		13.4132		-0.997171		17.5816
   77		-0.997171		15.8468		-0.997171		20.0169
   78		-0.997171		18.0002		-0.997171		20.7482
   79		-0.997171		14.9535		-0.997171		19.3269
   80		-0.90004		14.2744		-0.558246		12.6871
   81		-0.90004		14.8704		-0.558246		15.64
   82		-0.90004		12.2106		-0.558246		13.9528
   83		-0.90004		16.7659		-0.558246		12.4765
   84		-0.90004		14.2681		-0.558246		13.6182
   85		-0.90004		16.145		-0.558246		12.3837
   86		-0.90004		14.3847		-0.558246		14.302
   87		-0.90004		12.0855		-0.558246		14.4688
   88		-0.90004		14.3232		-0.558246		14.1008
   89		-0.90004		15.0358		-0.558246		13.2355
   90		-0.90004		21.1931		-0.558246		17.1081
   91		-0.90004		16.2458		-0.558246		14.5909
   92		-0.90004		21.257		-0.558246		15.7054
   93		-0.90004		18.5874		-0.558246		17.5681
   94		-0.90004		13.7269		-0.558246		18.0427
   95		-0.90004		18.0766		-0.558246		15.5981
   96		-0.903491		20.6239		-0.890516		17.1419
   97		-0.903491		15.7371		-0.890516		12.8303
   98		-0.903491		19.4677		-0.890516		11.494
   99		-0.903491		19.0705		-0.890516		14.5423
   100		-0.903491		21.9962		-0.890516		17.5933
   101		-0.903491		19.6896		-0.890516		14.2766
   102		-0.903491		21.7281		-0.890516		13.9672
   103		-0.903491		19.8406		-0.890516		16.0681
   104		-0.903491		23.1555		-0.890516		12.2811
   105		-0.903491		19.3057		-0.890516		14.0881
   106		-0.903491		22.0712		-0.890516		14.411
   107		-0.903491		23.1288		-0.890516		17.1147
   108		-0.903491		21.878		-0.890516		13.7724
   109		-0.903491		23.3565		-0.890516		16.9743
   110		-0.903491		23.9743		-0.890516		15.8513
   111		-0.903491		22.253		-0.890516		18.8713
   112		-1.09842		18.2968		-1.09842		18.1392
   113		-1.09842		19.3844		-1.09842		20.7682
   114		-1.09842		18.5253		-1.09842		17.2774
   115		-1.09842		20.5952		-1.09842		17.0721
   116		-0.84973		10.7372		-0.84973		16.1549
   117		-0.84973		11.6289		-0.84973		11.229
   118		-0.84973		10.8772		-0.84973		13.594
   119		-0.84973		16.944		-0.84973		14.6131
   120		-0.896297		14.2818		-0.896297		15.653
   121		-0.896297		15.4032		-0.896297		15.6399
   122		-0.896297		13.9673		-0.896297		15.553
   123		-0.896297		13.1145		-0.896297		14.3748
   124		-1.0926		22.786		-1.0926		21.466
   125		-1.0926		19.3299		-1.0926		19.7214
   126		-1.0926		17.3		-1.0926		21.6684
   127		-1.0926		19.2113		-1.0926		25.7627
   128		-1.09842		21.9818		-1.09842		17.3984
   129		-1.09842		19.7654		-1.09842		21.7743
   130		-1.09842		17.716		-1.09842		19.3766
   131		-1.09842		21.6753		-1.09842		23.9097
   132		-0.84973		14.7374		-0.84973		11.9549
   133		-0.84973		12.7853		-0.84973		13.1826
   134		-0.84973		11.5936		-0.84973		15.2771
   135		-0.84973		14.5653		-0.84973		15.4304
   136		-0.896297		18.3501		-0.896297		13.6652
   137		-0.896297		14.4395		-0.896297		16.3095
   138		-0.896297		14.5227		-0.896297		14.5456
   139		-0.896297		14.6089		-0.896297		17.9623
   140		-1.0926		17.0522		-1.0926		20.8245
   141		-1.0926		23.4207		-1.0926		19.4666
   142		-1.0926		21.0237		-1.0926		21.0237
   143		-1.0926		22.1531		-1.0926		21.0705
   144		-1.09842		21.7331		-1.09842		16.8775
   145		-1.09842		17.2747		-1.09842		22.0207
   146		-1.09842		21.639		-1.09842		24.7055
   147		-1.09842		17.7		-1.09842		17.2051
   148		-0.84973		15.8758		-0.84973		14.8992
   149		-0.84973		12.8		-0.84973		12.9441
   150		-0.84973		16.0455		-0.84973		12.3065
   151		-0.84973		10.0353		-0.84973		19.0772
   152		-0.896297		16.5188		-0.896297		14.3038
   153		-0.896297		14.3209		-0.896297		16.0652
   154		-0.896297		20.1188		-0.896297		18.8323
   155		-0.896297		18.4299		-0.896297		18.0647
   156		-1.0926		22.7551		-1.0926		22.4181
   157		-1.0926		23.2973		-1.0926		20.5142
   158		-1.0926		23.9486		-1.0926		21.8798
   159		-1.0926		23.1807		-1.0926		21.3657
   160		-1.09842		20.5582		-1.09842		21.8534
   161		-1.09842		19.0217		-1.09842		16.8674
   162		-1.09842		25.9474		-1.09842		16.5782
   163		-1.09842		19.8911		-1.09842		20.6136
   164		-0.84973		15.8834		-0.84973		16.6757
   165		-0.84973		11.6847		-0.84973		14.3347
   166		-0.84973		14.5414		-0.84973		13.0782
   167		-0.84973		14.788		-0.84973		11.6482
   168		-0.896297		19.2661		-0.896297		19.6672
   169		-0.896297		18.1548		-0.896297		21.1434
   170		-0.896297		14.9928		-0.896297		16.7297
   171		-0.896297		13.054		-0.896297		14.9621
   172		-1.0926		20.7463		-1.0926		21.4272
   173		-1.0926		22.7479		-1.0926		18.9135
   174		-1.0926		20.7455		-1.0926		16.5571
   175		-1.0926		17.7111		-1.0926		17.7793
   176		-0.890516		15.1265		-0.903491		22.4217
   177		-0.890516		14.8026		-0.903491		20.1578
   178		-0.890516		12.9937		-0.903491		20.5857
   179		-0.890516		15.8894		-0.903491		20.025
   180		-0.890516		18.3875		-0.903491		21.8228
   181		-0.890516		14.7226		-0.903491		23.0128
   182		-0.890516		14.2496		-0.903491		21.3885
   183		-0.890516		15.211		-0.903491		22.6372
   184		-0.890516		16.4157		-0.903491		25.8903
   185		-0.890516		16.2888		-0.903491		23.1583
   186		-0.890516		12.9907		-0.903491		24.0656
   187		-0.890516		19.6077		-0.903491		25.1182
   188		-0.890516		15.0663		-0.903491		19.9884
   189		-0.890516		16.1869		-0.903491		21.4919
   190		-0.890516		16.5868		-0.903491		21.5704
   191		-0.890516		12.6284		-0.903491		20.8493
   192		-1.20991		25.594		-1.21015		19.8829
   193		-1.20991		27.3683		-1.21015		20.176
   194		-1.20991		22.7675		-1.21015		18.9114
   195		-1.20991		27.1403		-1.21015		18.3821
   196		-1.20991		27.4602		-1.21015		19.3994
   197		-1.20991		26.4654		-1.21015		19.9769
   198		-1.20991		24.0252		-1.21015		18.7396
   199		-1.20991		26.9062		-1.21015		20.4352
   200		-1.20991		34.8609		-1.21015		22.2485
   201		-1.20991		27.6496		-1.21015		16.4643
   202		-1.20991		32.2697		-1.21015		16.9543
   203		-1.20991		27.9208		-1.21015		16.267
   204		-1.20991		29.8752		-1.21015		22.7895
   205		-1.20991		31.9365		-1.21015		23.1836
   206		-1.20991		28.1557		-1.21015		18.5754
   207		-1.20991		28.2821		-1.21015		21.2397
   208		-1.06742		19.4564		-1.06742		19.753
   209		-1.06742		17.409		-1.06742		19.8979
   210		-1.06742		20.6578		-1.06742		18.5432
   211		-1.06742		17.9684		-1.06742		20.1458
   212		-0.728927		14.34		-0.728927		13.8612
   213		-0.728927		13.7937		-0.728927		11.6972
   214		-0.728927		12.988		-0.728927		12.988
   215		-0.728927		11.1616		-0.728927		12.2562
   216		-1.09885		19.733		-1.09885		18.7924
   217		-1.09885		17.7197		-1.09885		19.9696
   218		-1.09885		17.9837		-1.09885		15.6544
   219		-1.09885		20.0514		-1.09885		19.3635
   220		-1.00633		19.067		-1.00633		20.7064
   221		-1.00633		17.6004		-1.00633		19.2013
   222		-1.00633		19.9875		-1.00633		17.9222
   223		-1.00633		25.6011		-1.00633		21.363
   224		-1.06742		17.0959		-1.06742		19.2143
   225		-1.06742		19.1671		-1.06742		18.4893
   226		-1.06742		19.4846		-1.06742		22.0737
   227		-1.06742		16.1802		-1.06742		19.4692
   228		-0.728927		11.9803		-0.728927		12.8217
   229		-0.728927		10.9641		-0.728927		14.1212
   230		-0.728927		13.6537		-0.728927		12.2029
   231		-0.728927		11.886		-0.728927		11.7829
   232		-1.09885		19.0617		-1.09885		22.5141
   233		-1.09885		17.1576		-1.09885		22.1893
   234		-1.09885		19.4219		-1.09885		16.4493
   235		-1.09885		23.1344		-1.09885		20.3177
   236		-1.00633		16.9451		-1.00633		17.8903
   237		-1.00633		20.8349		-1.00633		18.2013
   238		-1.00633		19.1682		-1.00633		16.3198
   239		-1.00633		17.6611		-1.00633		18.276
   240		-1.06742		18.6865		-1.06742		18.0871
   241		-1.06742		19.7963		-1.06742		18.2906
   242		-1.06742		24.2725		-1.06742		23.042
   243		-1.06742		24.8758		-1.06742		21.6395
   244		-0.728927		12.0798		-0.728927		12.8087
   245		-0.728927		15.4744		-0.728927		12.2188
   246		-0.728927		11.9		-0.728927		13.1631
   247		-0.728927		11.5131		-0.728927		13.9619
   248		-1.09885		18.578		-1.09885		16.5205
   249		-1.09885		16.5935		-1.09885		19.1063
   250		-1.09885		20.3489		-1.09885		15.7192
   251		-1.09885		22.8176		-1.09885		21.9692
   252		-1.00633		15.1058		-1.00633		17.6692
   253		-1.00633		23.0085		-1.00633		17.5866
   254		-1.00633		20.8883		-1.00633		19.583
   255		-1.00633		18.7209		-1.00633		22.2685
   256		-1.06742		24.2537		-1.06742		21.4761
   257		-1.06742		20.3917		-1.06742		20.2334
   258		-1.06742		20.1242		-1.06742		18.7172
   259		-1.06742		20.2084		-1.06742		18.4215
   260		-0.728927		13.5151		-0.728927		14.7501
   261		-0.728927		14.2059		-0.728927		13.7781
   262		-0.728927		12.0746		-0.728927		14.5096
   263		-0.728927		12.0172		-0.728927		13.5755
   264		-1.09885		17.495		-1.09885		17.0861
   265		-1.09885		21.0238		-1.09885		19.7796
   266		-1.09885		24.7515		-1.09885		26.0095
   267		-1.09885		20.4045		-1.09885		19.8124
   268		-1.00633		19.61		-1.00633		16.1447
   269		-1.00633		16.5955		-1.00633		18.1164
   270		-1.00633		15.7174		-1.00633		17.9224
   271		-1.00633		18.8188		-1.00633		18.6525
   272		-1.21015		19.0136		-1.20991		26.6281
   273		-1.21015		20.4402		-1.20991		27.5335
   274		-1.21015		20.738		-1.20991		27.2329
   275		-1.21015		23.7666		-1.20991		28.1267
   276		-1.21015		21.0054		-1.20991		33.7192
   277		-1.21015		19.6338		-1.20991		27.185
   278		-1.21015		25.3879		-1.20991		36.6779
   279		-1.21015		23.674		-1.20991		31.3326
   280		-1.21015		22.6715		-1.20991		36.034
   281		-1.21015		23.7915		-1.20991		33.6512
   282		-1.21015		20.6866		-1.20991		30.2986
   283		-1.21015		20.9673		-1.20991		35.2103
   284		-1.21015		28.5046		-1.20991		31.0402
   285		-1.21015		24.3454		-1.20991		36.7355
   286		-1.21015		22.2583		-1.20991		35.3236
   287		-1.21015		25.3345		-1.20991		34.0832
   288		-1.30245		32.8573		-1.16596		20.0465
   289		-1.30245		32.4208		-1.16596		12.0567
   290		-1.30245		33.5611		-1.16596		16.313
   291		-1.30245		30.71		-1.16596		17.2724
   292		-1.30245		34.1143		-1.16596		22.0554
   293		-1.30245		35.8406		-1.16596		20.185
   294		-1.30245		32.8877		-1.16596		20.0507
   295		-1.30245		33.6481		-1.16596		22.7782
   296		-1.30245		34.269		-1.16596		24.8256
   297		-1.30245		33.3428		-1.16596		19.557
   298		-1.30245		37.1846		-1.16596		21.9247
   299		-1.30245		43.1163		-1.16596		21.8035
   300		-1.30245		34.3135		-1.16596		19.9576
   301		-1.30245		32.4613		-1.16596		19.4736
   302		-1.30245		30.802		-1.16596		22.825
   303		-1.30245		31.9231		-1.16596		20.0501
   304		-0.896013		13.4986		-0.896013		13.7861
   305		-0.896013		12.733		-0.896013		16.1009
   306		-0.896013		14.0689		-0.896013		15.9204
   307		-0.896013		15.1396		-0.896013		16.4235
   308		-1.23154		18.2501		-1.23154		19.9986
   309		-1.23154		19.3843		-1.23154		20.4327
   310		-1.23154		28.6112		-1.23154		24.2324
   311		-1.23154		23.5281		-1.23154		22.6403
   312		-0.987784		22.6057		-0.987784		21.0815
   313		-0.987784		17.1154		-0.987784		19.0814
   314		-0.987784		13.1117		-0.987784		18.8777
   315		-0.987784		18.0233		-0.987784		20.3871
   316		-0.488941		8.66515		-0.488941		8.45192
   317		-0.488941		7.55672		-0.488941		8.4478
   318		-0.488941		8.38362		-0.488941		9.51953
   319		-0.488941		7.96078		-0.488941		10.4676
   320		-0.896013		16.5972		-0.896013		16.8085
   321		-0.896013		16.9853		-0.896013		13.9617
   322		-0.896013		16.654		-0.896013		17.9558
   323		-0.896013		14.0887		-0.896013		15.4993
   324		-1.23154		24.0538		-1.23154		20.0011
   325		-1.23154		25.061		-1.23154		22.9759
   326		-1.23154		28.7467		-1.23154		26.6979
   327		-1.23154		24.8861		-1.23154		26.6644
   328		-0.987784		18.1605		-0.987784		16.1148
   329		-0.987784		18.8118		-0.987784		19.0239
   330		-0.987784		19.4307		-0.987784		22.733
   331		-0.987784		16.5095		-0.987784		15.1706
   332		-0.488941		8.85116		-0.488941		8.07204
   333		-0.488941		7.91858		-0.488941		8.29064
   334		-0.488941		8.43767		-0.488941		10.145
   335		-0.488941		8.51685		-0.488941		8.51685
   336		-0.896013		14.0289		-0.896013		15.8891
   337		-0.896013		11.8973		-0.896013		13.8303
   338		-0.896013		14.9715		-0.896013		12.8251
   339		-0.896013		14.7744		-0.896013		14.7744
   340		-1.23154		17.0142		-1.23154		21.359
   341		-1.23154		26.5366		-1.23154		25.268
   342		-1.23154		28.0717		-1.23154		23.0021
   343		-1.23154		18.9064		-1.23154		24.251
   344		-0.987784		16.1347		-0.987784		15.1709
   345		-0.987784		16.8829		-0.987784		17.5513
   346		-0.987784		16.599		-0.987784		20.424
   347		-0.987784		22.4142		-0.987784		19.0777
   348		-0.488941		9.76611		-0.488941		8.63667
   349		-0.488941		7.69417		-0.488941		8.39588
   350		-0.488941		8.66604		-0.488941		7.05933
   351		-0.488941		7.10548		-0.488941		8.34083
   352		-0.896013		14.9579		-0.896013		13.3536
   353		-0.896013		13.8056		-0.896013		15.0185
   354		-0.896013		12.0317		-0.896013		14.6534
   355		-0.896013		13.8273		-0.896013		13.602
   356		-1.23154		24.1254		-1.23154		21.4294
   357		-1.23154		21.962		-1.23154		22.0042
   358		-1.23154		28.8762		-1.23154		25.6868
   359		-1.23154		24.6407		-1.23154		24.4363
   360		-0.987784		18.1937		-0.987784		16.334
   361		-0.987784		17.377		-0.987784		17.9854
   362		-0.987784		18.4314		-0.987784		18.4314
   363		-0.987784		18.6823		-0.987784		19.8248
   364		-0.488941		8.40491		-0.488941		8.49467
   365		-0.488941		8.94567		-0.488941		8.90934
   366		-0.488941		9.19526		-0.488941		7.64594
   367		-0.488941		7.79625		-0.488941		8.21924
   368		-1.16596		22.5948		-1.30245		40.8424
   369		-1.16596		21.85		-1.30245		39.6319
   370		-1.16596		26.4694		-1.30245		39.9799
   371		-1.16596		20.9086		-1.30245		46.0404
   372		-1.16596		26.8		-1.30245		48.8024
   373		-1.16596		21.8782		-1.30245		42.4075
   374		-1.16596		26.2583		-1.30245		42.4579
   375		-1.16596		22.7248		-1.30245		39.706
   376		-1.16596		25.8587		-1.30245		54.6996
   377		-1.16596		25.9102		-1.30245		46.242
   378		-1.16596		26.1631		-1.30245		38.7503
   379		-1.16596		28.4297		-1.30245		48.3707
   380		-1.16596		24.6332		-1.30245		40.3456
   381		-1.16596		22.8963		-1.30245		44.0247
   382		-1.16596		21.9966		-1.30245		39.5869
   383		-1.16596		26.7775		-1.30245		40.4267
   384		-0.968508		23.5342		-0.908022		18.1753
   385		-0.968508		24.9464		-0.908022		18.754
   386		-0.968508		24.9671		-0.908022		20.3585
   387		-0.968508		32.5226		-0.908022		19.3467
   388		-0.968508		26.1316		-0.908022		18.5609
   389		-0.968508		24.9662		-0.908022		18.0417
   390		-0.968508		22.5603		-0.908022		19.0202
   391		-0.968508		27.6025		-0.908022		18.9189
   392		-0.968508		23.1043		-0.908022		18.121
   393		-0.968508		23.8569		-0.908022		17.2479
   394		-0.968508		25.9078		-0.908022		17.7453
   395		-0.968508		24.1776		-0.908022		15.7979
   396		-0.968508		26.1866		-0.908022		14.8828
   397		-0.968508		30.531		-0.908022		17.096
   398		-0.968508		29.5464		-0.908022		16.4096
   399		-0.968508		26.0914		-0.908022		19.433
   400		-1.02942		22.9292		-1.02942		19.308
   401		-1.02942		24.0909		-1.02942		24.0909
   402		-1.02942		25.2697		-1.02942		28.2137
   403		-1.02942		21.6135		-1.02942		23.1763
   404		-1.28208		26.4259		-1.28208		26.1232
   405		-1.28208		26.0496		-1.28208		28.2428
   406		-1.28208		27.1687		-1.28208		25.8407
   407		-1.28208		25.5322		-1.28208		26.6608
   408		-0.996104		21.2261		-0.996104		26.0915
   409		-0.996104		19.5511		-0.996104		25.4706
   410		-0.996104		19.5059		-0.996104		20.6702
   411		-0.996104		22.0394		-0.996104		23.3164
   412		-1.40747		29.7691		-1.40747		31.414
   413		-1.40747		31.4269		-1.40747		27.7581
   414		-1.40747		30.9637		-1.40747		29.3913
   415		-1.40747		30.8454		-1.40747		28.3747
   416		-1.02942		23.6456		-1.02942		25.8573
   417		-1.02942		23.0685		-1.02942		23.3233
   418		-1.02942		23.8177		-1.02942		26.1307
   419		-1.02942		25.9884		-1.02942		24.0371
   420		-1.28208		31.3185		-1.28208		27.3447
   421		-1.28208		27.9382		-1.28208		23.3489
   422		-1.28208		29.7917		-1.28208		27.1065
   423		-1.28208		27.3516		-1.28208		23.9998
   424		-0.996104		18.6424		-0.996104		25.4035
   425		-0.996104		19.2666		-0.996104		22.6776
   426		-0.996104		22.8933		-0.996104		19.7113
   427		-0.996104		24.3213		-0.996104		22.6361
   428		-1.40747		29.589		-1.40747		29.3899
   429		-1.40747		29.4762		-1.40747		26.1931
   430		-1.40747		30.9396		-1.40747		31.8278
   431		-1.40747		33.9925		-1.40747		31.8926
   432		-1.02942		26.7779		-1.02942		24.5656
   433		-1.02942		24.1384		-1.02942		26.249
   434		-1.02942		25.3934		-1.02942		26.0776
   435		-1.02942		23.5949		-1.02942		27.1038
   436		-1.28208		28.2782		-1.28208		28.893
   437		-1.28208		28.6642		-1.28208		33.4185
   438		-1.28208		25.149		-1.28208		27.9725
   439		-1.28208		24.4339		-1.28208		25.1211
   440		-0.996104		24.5845		-0.996104		26.7872
   441		-0.996104		22.9289		-0.996104		21.6055
   442		-0.996104		20.7607		-0.996104		21.8603
   443		-0.996104		24.0921		-0.996104		27.0133
   444		-1.40747		25.6043		-1.40747		27.5794
   445		-1.40747		26.5313		-1.40747		27.0822
   446		-1.40747		31.4057		-1.40747		32.9393
   447		-1.40747		28.2552		-1.40747		27.0809
   448		-1.02942		20.9605		-1.02942		20.8216
   449		-1.02942		25.2412		-1.02942		25.7165
   450		-1.02942		21.9502		-1.02942		21.505
   451		-1.02942		19.7679		-1.02942		23.4903
   452		-1.28208		26.09		-1.28208		20.3422
   453		-1.28208		26.3573		-1.28208		31.2044
   454		-1.28208		32.6333		-1.28208		27.3639
   455		-1.28208		27.1651		-1.28208		25.6313
   456		-0.996104		25.2101		-0.996104		20.8449
   457		-0.996104		20.4949		-0.996104		21.1832
   458		-0.996104		18.8033		-0.996104		18.8026
   459		-0.996104		19.9121		-0.996104		21.1406
   460		-1.40747		26.1285		-1.40747		30.6092
   461		-1.40747		27.7852		-1.40747		34.0949
   462		-1.40747		28.5455		-1.40747		28.0838
   463		-1.40747		31.9234		-1.40747		32.215
   464		-0.908022		21.3323		-0.968508		32
   465		-0.908022		21.1813		-0.968508		31.8312
   466		-0.908022		20.5634		-0.968508		33.0053
   467		-0.908022		16.5373		-0.968508		34.5621
   468		-0.908022		24.3957		-0.968508		36.4773
   469		-0.908022		20.3405		-0.968508		31.6917
   470		-0.908022		19.3194		-0.968508		34.5188
   471		-0.908022		19.6017		-0.968508		27.5355
   472		-0.908022		27.643		-0.968508		40.2944
   473		-0.908022		19.2829		-0.968508		26.1542
   474		-0.908022		24.1576		-0.968508		30.8127
   475		-0.908022		19.5159		-0.968508		33.4473
   476		-0.908022		18.179		-0.968508		27.8366
   477		-0.908022		19.0089		-0.968508		24.6303
   478		-0.908022		19.7098		-0.968508		27.7049
   479		-0.908022		22.8458		-0.968508		29.2831
   480		-1.12119		25.971		-1.29933		20.8696
   481		-1.12119		24.6717		-1.29933		18.1818
   482		-1.12119		24.5388		-1.29933		22.3085
   483		-1.12119		26.3667		-1.29933		24.2092
   484		-1.12119		23.3846		-1.29933		22.3079
   485		-1.12119		27.2085		-1.29933		21.9905
   486		-1.12119		27.8053		-1.29933		25.1247
   487		-1.12119		27.0019		-1.29933		16.2597
   488		-1.12119		23.8752		-1.29933		24.2057
   489		-1.12119		28.0866		-1.29933		25.8468
   490		-1.12119		26.168		-1.29933		24.7742
   491		-1.12119		24.7078		-1.29933		17.4077
   492		-1.12119		24.8267		-1.29933		23.075
   493		-1.12119		25.2252		-1.29933		23.8775
   494		-1.12119		26.8391		-1.29933		20.2126
   495		-1.12119		22.2969		-1.29933		24.9638
   496		-1.1173		21.8749		-1.1173		21.8059
   497		-1.1173		16.9186		-1.1173		22.7017
   498		-1.1173		20.6463		-1.1173		20.7118
   499		-1.1173		21.1508		-1.1173		21.7337
   500		-1.00953		24.0332		-1.00953		19.2821
   501		-1.00953		19.8754		-1.00953		21.9182
   502		-1.00953		21.5032		-1.00953		17.9599
   503		-1.00953		18.36		-1.00953		17.294
   504		-1.17842		23.8195		-1.17842		23.9228
   505		-1.17842		26.5058		-1.17842		21.0374
   506		-1.17842		19.6899		-1.17842		22.7909
   507		-1.17842		21.9722		-1.17842		21.0506
   508		-1.00612		19.4731		-1.00612		18.2834
   509		-1.00612		17.9972		-1.00612		15.8436
   510		-1.00612		18.193		-1.00612		20.8543
   511		-1.00612		18.4821		-1.00612		16.6477
   512		-1.1173		21.2093		-1.1173		22.2547
   513		-1.1173		22.0629		-1.1173		22.4565
   514		-1.1173		25.0478		-1.1173		20.4725
   515		-1.1173		18.8957		-1.1173		17.9892
   516		-1.00953		23.0458		-1.00953		21.2272
   517		-1.00953		21.1121		-1.00953		22.0752
   518		-1.00953		17.532		-1.00953		16.891
   519		-1.00953		17.3249		-1.00953		17.3871
   520		-1.17842		20.9486		-1.17842		23.6724
   521		-1.17842		24.4513		-1.17842		19.2107
   522		-1.17842		25.705		-1.17842		24.0801
   523		-1.17842		21.6654		-1.17842		20.5141
   524		-1.00612		20.47		-1.00612		17.146
   525		-1.00612		17.2297		-1.00612		19.1698
   526		-1.00612		15.8504		-1.00612		17.196
   527		-1.00612		15.4548		-1.00612		16.0937
   528		-1.1173		20.6023		-1.1173		21.3933
   529		-1.1173		23.3636		-1.1173		23.3963
   530		-1.1173		21.742		-1.1173		21.6463
   531		-1.1173		21.9558		-1.1173		18.2609
   532		-1.00953		18.3357		-1.00953		17.379
   533		-1.00953		20.0038		-1.00953		25.7888
   534		-1.00953		19.885		-1.00953		23.8822
   535		-1.00953		22.5746		-1.00953		22.7571
   536		-1.17842		23.7681		-1.17842		27.9431
   537		-1.17842		22.463		-1.17842		27.1606
   538		-1.17842		28.2767		-1.17842		24.5868
   539		-1.17842		24.1902		-1.17842		24.0919
   540		-1.00612		18.5077		-1.00612		20.1032
   541		-1.00612		19.1445		-1.00612		18.9457
   542		-1.00612		17.44		-1.00612		18.5031
   543		-1.00612		17.2438		-1.00612		18.708
   544		-1.1173		24.3878		-1.1173		20.8553
   545		-1.1173		22.615		-1.1173		26.3137
   546		-1.1173		20.7413		-1.1173		22.7969
   547		-1.1173		21.9354		-1.1173		24.894
   548		-1.00953		24.3153		-1.00953		20.5473
   549		-1.00953		20.9556		-1.00953		20.01
   550		-1.00953		21.1518		-1.00953		20.5657
   551		-1.00953		22.6891		-1.00953		21.692
   552		-1.17842		20.8374		-1.17842		20.8496
   553		-1.17842		23.2219		-1.17842		26.5786
   554		-1.17842		22.167		-1.17842		21.2214
   555		-1.17842		22.735		-1.17842		21.7797
   556		-1.00612		17.5678		-1.00612		16.9636
   557		-1.00612		18.4132		-1.00612		17.6842
   558		-1.00612		18.2508		-1.00612		16.478
   559		-1.00612		15.0006		-1.00612		17.7945
   560		-1.29933		24.7891		-1.12119		31.4967
   561		-1.29933		30.2393		-1.12119		30.3072
   562		-1.29933		29.2647		-1.12119		32.7835
   563		-1.29933		26.091		-1.12119		31.34
   564		-1.29933		30.6745		-1.12119		31.7885
   565		-1.29933		26.3859		-1.12119		26.2461
   566		-1.29933		29.4589		-1.12119		31.447
   567		-1.29933		27.6677		-1.12119		30.349
   568		-1.29933		31.3351		-1.12119		32.677
   569		-1.29933		24.8148		-1.12119		31.1342
   570		-1.29933		26.6343		-1.12119		22.6215
   571		-1.29933		25.2966		-1.12119		37.4547
   572		-1.29933		26.4301		-1.12119		27.5529
   573		-1.29933		28.6396		-1.12119		29.8396
   574		-1.29933		25.5709		-1.12119		26.9664
   575		-1.29933		30.0874		-1.12119		35.4735
   576		-1.02436		28.5877		-0.945726		24.1957
   577		-1.02436		28.8894		-0.945726		22.2069
   578		-1.02436		22.9829		-0.945726		20.2725
   579		-1.02436		29.272		-0.945726		17.6804
   580		-1.02436		26.0671		-0.945726		16.1188
   581		-1.02436		19.5433		-0.945726		16.5516
   582		-1.02436		30.154		-0.945726		18.6201
   583		-1.02436		18.6642		-0.945726		19.7215
   584		-1.02436		25.3411		-0.945726		20.5611
   585		-1.02436		23.8791		-0.945726		17.3671
   586		-1.02436		22.1704		-0.945726		16.3483
   587		-1.02436		23.072		-0.945726		18.8359
   588		-1.02436		21.6246		-0.945726		16.5941
   589		-1.02436		22.1507		-0.945726		16.4732
   590		-1.02436		25.8956		-0.945726		19.977
   591		-1.02436		23.1312		-0.945726		16.451
   592		-1.20193		18.6473		-1.20193		18.1106
   593		-1.20193		22.6394		-1.20193		25.5995
   594		-1.20193		18.7823		-1.20193		20.7502
   595		-1.20193		23.9071		-1.20193		24.7171
   596		-0.985003		18.2143		-0.985003		17.6367
   597		-0.985003		19.2945		-0.985003		20.9382
   598		-0.985003		16.0545		-0.985003		19.084
   599		-0.985003		20.9896		-0.985003		21.8664
   600		-1.03809		21.4138		-1.03809		18.1267
   601		-1.03809		18.8113		-1.03809		20.252
   602		-1.03809		26.2196		-1.03809		7.19468
   603		-1.03809		19.6313		-1.03809		17.9834
   604		-1.2131		24.4811		-1.2131		18.8481
   605		-1.2131		21.6229		-1.2131		18.6103
   606		-1.2131		25.7349		-1.2131		23.0816
   607		-1.2131		23.1667		-1.2131		23.3852
   608		-1.20193		28.7143		-1.20193		24.0608
   609		-1.20193		22.6027		-1.20193		22.0382
   610		-1.20193		26.8567		-1.20193		25.9538
   611		-1.20193		25.263		-1.20193		20.1373
   612		-0.985003		17.7633		-0.985003		17.1194
   613		-0.985003		20.9307		-0.985003		17.6293
   614		-0.985003		19.1157		-0.985003		16.3867
   615		-0.985003		17.912		-0.985003		17.4017
   616		-1.03809		19.722		-1.03809		15.9615
   617		-1.03809		22.0193		-1.03809		18.1975
   618		-1.03809		17.7548		-1.03809		20.0338
   619		-1.03809		23.8735		-1.03809		19.2442
   620		-1.2131		25.1278		-1.2131		22.0571
   621		-1.2131		22.2132		-1.2131		24.8016
   622		-1.2131		25.1803		-1.2131		20.4073
   623		-1.2131		21.6396		-1.2131		20.1708
   624		-1.20193		25.0498		-1.20193		26.4164
   625		-1.20193		24.7217		-1.20193		26.6662
   626		-1.20193		26.2019		-1.20193		19.1887
   627		-1.20193		24.1099		-1.20193		23.1116
   628		-0.985003		19.1709		-0.985003		19.1709
   629		-0.985003		19.3564		-0.985003		19.8788
   630		-0.985003		17.8333		-0.985003		20.0215
   631		-0.985003		21.0274		-0.985003		22.5061
   632		-1.03809		22.5011		-1.03809		23.856
   633		-1.03809		19.1987		-1.03809		18.0945
   634		-1.03809		19.1893		-1.03809		20.7877
   635		-1.03809		20.2602		-1.03809		21.8315
   636		-1.2131		21.9278		-1.2131		25.8465
   637		-1.2131		23.1077		-1.2131		20.8
   638		-1.2131		22.1295		-1.2131		26.5768
   639		-1.2131		22.6238		-1.2131		28.5317
   640		-1.20193		29.1044		-1.20193		25.2161
   641		-1.20193		23.3489		-1.20193		25.4509
   642		-1.20193		21.3014		-1.20193		21.5388
   643		-1.20193		24.9633		-1.20193		23.5328
   644		-0.985003		15.829		-0.985003		21.2313
   645		-0.985003		15.7313		-0.985003		20.6343
   646		-0.985003		19.2775		-0.985003		19.7576
   647		-0.985003		20.3741		-0.985003		20.6734
   648		-1.03809		19.3532		-1.03809		19.9547
   649		-1.03809		18.8858		-1.03809		17.191
   650		-1.03809		18.6128		-1.03809		20.337
   651		-1.03809		20.9418		-1.03809		17.206
   652		-1.2131		25.8048		-1.2131		22.2147
   653		-1.2131		23.7368		-1.2131		22.5629
   654		-1.2131		24.4662		-1.2131		21.8296
   655		-1.2131		20.0804		-1.2131		24.1729
   656		-0.945726		23.3375		-1.02436		26.1026
   657		-0.945726		25.0232		-1.02436		29.0671
   658		-0.945726		15.6287		-1.02436		29.0469
   659		-0.945726		25.6092		-1.02436		29.0084
   660		-0.945726		24.2227		-1.02436		29.0895
   661		-0.945726		22.0886		-1.02436		27.431
   662		-0.945726		23.6874		-1.02436		29.2858
   663		-0.945726		19.4932		-1.02436		26.1343
   664		-0.945726		20.4521		-1.02436		29.2473
   665		-0.945726		21.5824		-1.02436		30.3567
   666		-0.945726		21.5259		-1.02436		27.5665
   667		-0.945726		23.1511		-1.02436		29.4028
   668		-0.945726		22.2062		-1.02436		28.3127
   669		-0.945726		19.219		-1.02436		31.4365
   670		-0.945726		22.5961		-1.02436		26.3425
   671		-0.945726		21.1255		-1.02436		26.0968
   672		-0.824353		15.2917		-1.01087		19.1833
   673		-0.824353		16.3912		-1.01087		21.6494
   674		-0.824353		17.9896		-1.01087		21.6729
   675		-0.824353		15.2377		-1.01087		18.8283
   676		-0.824353		16.7773		-1.01087		23.0232
   677		-0.824353		16.5808		-1.01087		17.5206
   678		-0.824353		16.8321		-1.01087		20.8498
   679		-0.824353		20.4904		-1.01087		20.8984
   680		-0.824353		16.3555		-1.01087		18.3615
   681		-0.824353		18.2933		-1.01087		22.7658
   682		-0.824353		16.5607		-1.01087		19.455
   683		-0.824353		18.5973		-1.01087		21.775
   684		-0.824353		18.1858		-1.01087		21.021
   685		-0.824353		19.842		-1.01087		21.608
   686		-0.824353		18.2933		-1.01087		22.7658
   687		-0.824353		18.9243		-1.01087		23.1221
   688		-0.970856		15.0994		-0.970856		14.255
   689		-0.970856		16.7271		-0.970856		14.4261
   690		-0.970856		14.2596		-0.970856		16.1775
   691		-0.970856		21.21		-0.970856		20.9981
   692		-1.17447		19.1354		-1.17447		20.05
   693		-1.17447		20.5283		-1.17447		26.3775
   694		-1.17447		20.999		-1.17447		20.4631
   695		-1.17447		20.55		-1.17447		22.0639
   696		-0.849179		16.3082		-0.849179		15.9355
   697		-0.849179		17.3791		-0.849179		17.5382
   698		-0.849179		16.3918		-0.849179		15.7224
   699		-0.849179		16.9241		-0.849179		15.1883
   700		-3.98264		59.5178		-3.98264		62.0528
   701		-3.98264		59.1088		-3.98264		74.3376
   702		-3.98264		62.3232		-3.98264		57.2055
   703		-3.98264		55.607		-3.98264		76.1679
   704		-0.970856		14.9235		-0.970856		15.5358
   705		-0.970856		21.8207		-0.970856		22.4995
   706		-0.970856		17.7376		-0.970856		17.5603
   707		-0.970856		17.5601		-0.970856		15.6191
   708		-1.17447		24.9214		-1.17447		21.101
   709		-1.17447		21.6436		-1.17447		20.8019
   710		-1.17447		20.5327		-1.17447		18.7337
   711		-1.17447		25.156		-1.17447		19.1651
   712		-0.849179		17.7664		-0.849179		14.9576
   713		-0.849179		13.5186		-0.849179		15.6609
   714		-0.849179		15.6855		-0.849179		16.7899
   715		-0.849179		19.2414		-0.849179		17.369
   716		-3.98264		60.1926		-3.98264		53.6192
   717		-3.98264		59.7096		-3.98264		62.5431
   718		-3.98264		67.0121		-3.98264		61.569
   719		-3.98264		60.2907		-3.98264		64.5142
   720		-0.970856		18.7918		-0.970856		20.4206
   721		-0.970856		21.8615		-0.970856		16.4009
   722		-0.970856		21.6621		-0.970856		19.2738
   723		-0.970856		17.3094		-0.970856		18.2531
   724		-1.17447		23.7125		-1.17447		19.0698
   725		-1.17447		22.8534		-1.17447		22.7812
   726		-1.17447		17.1577		-1.17447		25.163
   727		-1.17447		22.158		-1.17447		22.9266
   728		-0.849179		17.8651		-0.849179		18.5743
   729		-0.849179		20.1306		-0.849179		16.9464
   730		-0.849179		17.0807		-0.849179		17.8662
   731		-0.849179		17.0219		-0.849179		18.6098
   732		-3.98264		85.5035		-3.98264		67.6182
   733		-3.98264		64.6021		-3.98264		65.4746
   734		-3.98264		90.9061		-3.98264		67.0475
   735		-3.98264		59.7606		-3.98264		54.3031
   736		-0.970856		17.3409		-0.970856		18.5456
   737		-0.970856		21.3436		-0.970856		20.4974
   738		-0.970856		21.4298		-0.970856		22.2507
   739		-0.970856		18.4817		-0.970856		19.3401
   740		-1.17447		23.5466		-1.17447		21.0197
   741		-1.17447		19.5996		-1.17447		22.8416
   742		-1.17447		27.4788		-1.17447		23.5939
   743		-1.17447		26.6925		-1.17447		22.4519
   744		-0.849179		20.7419		-0.849179		17.6795
   745		-0.849179		17.5557		-0.849179		14.5067
   746		-0.849179		17.7628		-0.849179		18.2693
   747		-0.849179		13.3822		-0.849179		16.3241
   748		-3.98264		65.1805		-3.98264		60.6209
   749		-3.98264		87.2531		-3.98264		76.142
   750		-3.98264		64.2544		-3.98264		72.3183
   751		-3.98264		57.2502		-3.98264		54.5441
   752		-1.01087		21.5678		-0.824353		25.0821
   753		-1.01087		23.9586		-0.824353		19.7654
   754		-1.01087		28.5703		-0.824353		20.8355
   755		-1.01087		25.9412		-0.824353		22.7463
   756		-1.01087		22.2975		-0.824353		19.5411
   757		-1.01087		21.6809		-0.824353		18.718
   758		-1.01087		19.8279		-0.824353		16.6638
   759		-1.01087		20.4102		-0.824353		17.2272
   760		-1.01087		23.3943		-0.824353		17.978
   761		-1.01087		26.2586		-0.824353		22.566
   762		-1.01087		21.5724		-0.824353		20.3252
   763		-1.01087		21.2086		-0.824353		20.2578
   764		-1.01087		23.5812		-0.824353		21.5715
   765		-1.01087		21.3485		-0.824353		20.5228
   766		-1.01087		30.3444		-0.824353		19.0962
   767		-1.01087		21.6122		-0.824353		15.0405
   768		-1.37075		23.5856		-1.11781		9.75154
   769		-1.37075		23.8217		-1.11781		11.2754
   770		-1.37075		22.5406		-1.11781		10.6554
   771		-1.37075		22.6158		-1.11781		13.2139
   772		-1.37075		22.9376		-1.11781		11.3848
   773		-1.37075		21.4579		-1.11781		10.8697
   774		-1.37075		26.8179		-1.11781		10.6018
   775		-1.37075		25.008		-1.11781		12.7352
   776		-1.37075		27.3761		-1.11781		14.2564
   777		-1.37075		25.825		-1.11781		12.392
   778		-1.37075		18.8793		-1.11781		9.05257
   779		-1.37075		25.0382		-1.11781		10.7273
   780		-1.37075		24.0204		-1.11781		12.8281
   781		-1.37075		33.5651		-1.11781		14.0441
   782		-1.37075		20.4516		-1.11781		11.3133
   783		-1.37075		29.562		-1.11781		11.0846
   784		-1.06132		12.7544		-1.06132		11.8163
   785		-1.06132		11.5698		-1.06132		11.5698
   786		-1.06132		12.3082		-1.06132		12.982
   787		-1.06132		13.8407		-1.06132		17.2698
   788		-1.05747		10.7049		-1.05747		10.8989
   789		-1.05747		12.9672		-1.05747		13.172
   790		-1.05747		6.19059		-1.05747		10.491
   791		-1.05747		10.8838		-1.05747		13.5327
   792		-1.12133		12.0299		-1.12133		10.6149
   793		-1.12133		16.9099		-1.12133		13.0545
   794		-1.12133		13.3486		-1.12133		8.9327
   795		-1.12133		15.2123		-1.12133		14.4549
   796		-1.29262		16.221		-1.29262		17.2559
   797		-1.29262		15.6581		-1.29262		16.5813
   798		-1.29262		16.9993		-1.29262		20.199
   799		-1.29262		17.0999		-1.29262		16.8083
   800		-1.06132		9.40051		-1.06132		9.42093
   801		-1.06132		12.1406		-1.06132		10.5159
   802		-1.06132		13.0433		-1.06132		12.2714
   803		-1.06132		9.1808		-1.06132		10.2816
   804		-1.05747		10.6622		-1.05747		10.033
   805		-1.05747		10.5061		-1.05747		10.8949
   806		-1.05747		11.8316		-1.05747		13.5525
   807		-1.05747		12.203		-1.05747		12.5786
   808		-1.12133		13.4581		-1.12133		10.8158
   809		-1.12133		12.0906		-1.12133		12.6284
   810		-1.12133		13.4609		-1.12133		13.3786
   811		-1.12133		14.708		-1.12133		16.3249
   812		-1.29262		16.9004		-1.29262		14.8416
   813		-1.29262		19.7274		-1.29262		19.5923
   814		-1.29262		17.5793		-1.29262		15.1115
   815		-1.29262		18.4769		-1.29262		16.6351
   816		-1.06132		8.27785		-1.06132		9.0611
   817		-1.06132		10.6899		-1.06132		11.4621
   818		-1.06132		9.76735		-1.06132		9.84622
   819		-1.06132		11.3433		-1.06132		13.0234
   820		-1.05747		11.1306		-1.05747		10.7794
   821		-1.05747		10.7874		-1.05747		13.42
   822		-1.05747		5.78061		-1.05747		12.0487
   823		-1.05747		11.1971		-1.05747		11.8974
   824		-1.12133		13.6172		-1.12133		15.5625
   825		-1.12133		15.2503		-1.12133		11.3816
   826		-1.12133		15.9078		-1.12133		18.2427
   827		-1.12133		14.2714		-1.12133		18.2449
   828		-1.29262		18.59		-1.29262		20.4039
   829		-1.29262		18.9089		-1.29262		21.2319
   830		-1.29262		21.0496		-1.29262		21.4922
   831		-1.29262		19.8819		-1.29262		18.8648
   832		-1.06132		11.3621		-1.06132		9.84691
   833		-1.06132		11.6354		-1.06132		11.5741
   834		-1.06132		11.5738		-1.06132		13.1855
   835		-1.06132		11.5698		-1.06132		11.5698
   836		-1.05747		15.244		-1.05747		15.0861
   837		-1.05747		12.5362		-1.05747		14.0483
   838		-1.05747		12.494		-1.05747		12.8589
   839		-1.05747		13.0278		-1.05747		13.0029
   840		-1.12133		13.3012		-1.12133		13.6016
   841		-1.12133		14.0929		-1.12133		14.8224
   842		-1.12133		13.3907		-1.12133		12.993
   843		-1.12133		14.772		-1.12133		18.0258
   844		-1.29262		19.1286		-1.29262		17.6487
   845		-1.29262		19.1981		-1.29262		16.466
   846		-1.29262		17.0304		-1.29262		17.4459
   847		-1.29262		21.3495		-1.29262		17.7742
   848		-1.11781		10.7405		-1.37075		23.9226
   849		-1.11781		15.3506		-1.37075		27.4557
   850		-1.11781		15.2568		-1.37075		32.7946
   851		-1.11781		13.4933		-1.37075		28.5403
   852		-1.11781		15.634		-1.37075		34.3292
   853		-1.11781		17.485		-1.37075		36.2359
   854		-1.11781		13.9737		-1.37075		33.7066
   855		-1.11781		15.4624		-1.37075		31.2539
   856		-1.11781		16.0373		-1.37075		31.4213
   857		-1.11781		15.5871		-1.37075		34.2994
   858		-1.11781		18.2789		-1.37075		36.107
   859		-1.11781		18.9488		-1.37075		34.4696
   860		-1.11781		18.6482		-1.37075		37.2324
   861		-1.11781		15.1006		-1.37075		28.7502
   862		-1.11781		14.9393		-1.37075		35.2657
   863		-1.11781		12.2677		-1.37075		35.0358
   864		-1.27749		28.489		-1.0681		17.5173
   865		-1.27749		34.6116		-1.0681		14.4737
   866		-1.27749		23.8857		-1.0681		18.1985
   867		-1.27749		24.3725		-1.0681		16.9289
   868		-1.27749		31.2917		-1.0681		16.4417
   869		-1.27749		28.1241		-1.0681		20.8207
   870		-1.27749		28.4544		-1.0681		16.4402
   871		-1.27749		29.5001		-1.0681		17.0085
   872		-1.27749		22.2592		-1.0681		16.1622
   873		-1.27749		27.1001		-1.0681		14.9739
   874		-1.27749		22.1465		-1.0681		17.9502
   875		-1.27749		29.86		-1.0681		18.5907
   876		-1.27749		29.6058		-1.0681		19.0153
   877		-1.27749		30.1228		-1.0681		19.007
   878		-1.27749		24.4539		-1.0681		18.7601
   879		-1.27749		24.7849		-1.0681		14.0754
   880		-1.05511		18.5574		-1.05511		18.9546
   881		-1.05511		17.0585		-1.05511		16.7566
   882		-1.05511		16.0267		-1.05511		17.1843
   883		-1.05511		15.9148		-1.05511		14.403
   884		-1.05352		18.7591		-1.05352		18.3878
   885		-1.05352		18.349		-1.05352		19.6375
   886		-1.05352		17.9998		-1.05352		15.4801
   887		-1.05352		19.1106		-1.05352		14.4767
   888		-1.13443		20.9653		-1.13443		19.9495
   889		-1.13443		20.1616		-1.13443		18.0128
   890		-1.13443		18.8278		-1.13443		20.6897
   891		-1.13443		17.3366		-1.13443		21.3021
   892		-1.13269		16.6297		-1.13269		16.3969
   893		-1.13269		22.8207		-1.13269		19.8312
   894		-1.13269		20.0134		-1.13269		16.0477
   895		-1.13269		17.8891		-1.13269		18.6776
   896		-1.05511		16.0513		-1.05511		16.5722
   897		-1.05511		17.3308		-1.05511		17.7422
   898		-1.05511		16.5686		-1.05511		16.8231
   899		-1.05511		19.0979		-1.05511		15.424
   900		-1.05352		20.4421		-1.05352		19.6493
   901		-1.05352		22.0517		-1.05352		18.7314
   902		-1.05352		21.6553		-1.05352		15.7462
   903		-1.05352		15.5392		-1.05352		16.7665
   904		-1.13443		20.1749		-1.13443		21.0029
   905		-1.13443		18.5474		-1.13443		21.3347
   906		-1.13443		19.3483		-1.13443		21.3793
   907		-1.13443		18.3667		-1.13443		22.8934
   908		-1.13269		16.9846		-1.13269		17.3608
   909		-1.13269		17.9098		-1.13269		17.4422
   910		-1.13269		17.9663		-1.13269		16.3491
   911		-1.13269		20.52		-1.13269		18.0073
   912		-1.05511		16.7649		-1.05511		18.586
   913		-1.05511		15.9854		-1.05511		17.968
   914		-1.05511		16.6423		-1.05511		18.3348
   915		-1.05511		17.6438		-1.05511		20.0366
   916		-1.05352		20.4335		-1.05352		17.589
   917		-1.05352		17.7328		-1.05352		16.8024
   918		-1.05352		21.3102		-1.05352		16.3387
   919		-1.05352		17.0016		-1.05352		17.2563
   920		-1.13443		20.0845		-1.13443		19.1088
   921		-1.13443		18.6466		-1.13443		18.0783
   922		-1.13443		20.1333		-1.13443		14.6266
   923		-1.13443		16.9495		-1.13443		19.9089
   924		-1.13269		17.2853		-1.13269		18.0264
   925		-1.13269		19.3426		-1.13269		18.2751
   926		-1.13269		16.7644		-1.13269		18.6421
   927		-1.13269		13.6557		-1.13269		17.3605
   928		-1.05511		20.5228		-1.05511		19.1967
   929		-1.05511		18.6458		-1.05511		19.5664
   930		-1.05511		16.191		-1.05511		17.4389
   931		-1.05511		20.1005		-1.05511		15.2629
   932		-1.05352		15.9746		-1.05352		15.8995
   933		-1.05352		21.98		-1.05352		17.8734
   934		-1.05352		19.1593		-1.05352		20.345
   935		-1.05352		18.3979		-1.05352		18.3979
   936		-1.13443		19.4369		-1.13443		20.0571
   937		-1.13443		20.1683		-1.13443		18.6608
   938		-1.13443		22.0502		-1.13443		17.1459
   939		-1.13443		17.2856		-1.13443		17.9195
   940		-1.13269		15.2975		-1.13269		14.2164
   941		-1.13269		18.9309		-1.13269		15.6718
   942		-1.13269		16.0419		-1.13269		18.3362
   943		-1.13269		16.8035		-1.13269		14.4897
   944		-1.0681		20.382		-1.27749		38.94
   945		-1.0681		22.8905		-1.27749		27.8285
   946		-1.0681		21.6601		-1.27749		35.3185
   947		-1.0681		21.7933		-1.27749		29.3487
   948		-1.0681		16.8475		-1.27749		24.3122
   949		-1.0681		19.636		-1.27749		37.5504
   950		-1.0681		16.4754		-1.27749		27.3837
   951		-1.0681		19.7818		-1.27749		28.5456
   952		-1.0681		21.2761		-1.27749		32.7185
   953		-1.0681		19.4272		-1.27749		31.2199
   954		-1.0681		19.3052		-1.27749		33.1208
   955		-1.0681		16.922		-1.27749		35.2618
   956		-1.0681		18.4185		-1.27749		27.133
   957		-1.0681		19.3727		-1.27749		26.8157
   958		-1.0681		19.82		-1.27749		27.3988
   959		-1.0681		17.4541		-1.27749		31.0406
