   0    0    1    0    414    383     0     2     0      0     31   5001
   0    0    1    0    382    351     0     2     1     32     63   5001
   0    0    1    0    350    319     0     3     2      0     31   5002
   0    0    1    0    318    287     0     3     3     32     63   5002
   0    0    1    0    286    255     0     4     4      0     31   5003
   0    0    1    0    254    223     0     4     5     32     63   5003
   0    0    1    0    222    191     0     5     6      0     31   5004
   0    0    1    0    190    159     0     5     7     32     63   5004
   0    0    1    0    158    127     0     6     8      0     31   5005
   0    0    1    0    126     95     0     6     9     32     63   5005
   0    0    1    0     94     63     0     7    10      0     31   5006
   0    0    1    0     62     31     0     7    11     32     63   5006
   0    0    1    0     30      0     0     8    12      0     30   5007
   0    0    1    1    414    383     0     8     0     32     63   5007
   0    0    1    1    382    351     0     9     1      0     31   5008
   0    0    1    1    350    319     0     9     2     32     63   5008
   0    0    1    1    318    287     0    10     3      0     31   5009
   0    0    1    1    286    255     0    10     4     32     63   5009
   0    0    1    1    254    223     0    11     5      0     31   5010
   0    0    1    1    222    191     0    11     6     32     63   5010
   0    0    1    1    190    159     0    12     7      0     31   5011
   0    0    1    1    158    127     0    12     8     32     63   5011
   0    0    1    1    126     95     0    13     9      0     31   5012
   0    0    1    1     94     63     0    13    10     32     63   5012
   0    0    1    1     62     31     0    14    11      0     31   5013
   0    0    1    1     30      0     0    14    12     32     62   5013
   0    0    1    3    446    415     0    15     0      0     31   5014
   0    0    1    3    414    383     0    15     1     32     63   5014
   0    0    1    3    382    351     0    16     2      0     31   5015
   0    0    1    3    350    319     0    16     3     32     63   5015
   0    0    1    3    318    287     0    17     4      0     31   5016
   0    0    1    3    286    255     0    17     5     32     63   5016
   0    0    1    3    254    223     0    18     6      0     31   5017
   0    0    1    3    222    191     0    18     7     32     63   5017
   0    0    1    3    190    159     0    19     8      0     31   5018
   0    0    1    3    158    127     0    19     9     32     63   5018
   0    0    1    3    126     95     0    20    10      0     31   5019
   0    0    1    3     94     63     0    20    11     32     63   5019
   0    0    1    3     62     31     0    21    12      0     31   5020
   0    0    1    3     30      0     0    21    13     32     62   5020
   0    0    1    2    435    404     1     0     0      0     31   5021
   0    0    1    2    403    372     1     0     1     32     63   5021
   0    0    1    2    371    340     1     1     2      0     31   5022
   0    0    1    2    339    308     1     1     3     32     63   5022
   0    0    1    2    307    276     1     2     4      0     31   5023
   0    0    1    2    275    244     1     2     5     32     63   5023
   0    0    1    2    243    212     1     3     6      0     31   5024
   0    0    1    2    211    180     1     3     7     32     63   5024
   0    0    1    2    179    148     1     4     8      0     31   5025
   0    0    1    2    147    116     1     4     9     32     63   5025
   0    0    1    2    115     84     1     5    10      0     31   5026
   0    0    1    2     83     52     1     5    11     32     63   5026
   0    0    1    2     51     20     1     6    12      0     31   5027
   0    0    1    4    445    414     1     6     0     32     63   5027
   0    0    1    4    413    382     1     7     1      0     31   5028
   0    0    1    4    381    350     1     7     2     32     63   5028
   0    0    1    4    349    318     1     8     3      0     31   5029
   0    0    1    4    317    286     1     8     4     32     63   5029
   0    0    1    4    285    254     1     9     5      0     31   5030
   0    0    1    4    253    222     1     9     6     32     63   5030
   0    0    1    4    221    190     1    10     7      0     31   5031
   0    0    1    4    189    158     1    10     8     32     63   5031
   0    0    1    4    157    126     1    11     9      0     31   5032
   0    0    1    4    125     94     1    11    10     32     63   5032
   0    0    1    4     93     62     1    12    11      0     31   5033
   0    0    1    4     61     30     1    12    12     32     63   5033
   0    0    1    5    467    436     1    13     0      0     31   5034
   0    0    1    5    435    404     1    13     1     32     63   5034
   0    0    1    5    403    372     1    14     2      0     31   5035
   0    0    1    5    371    340     1    14     3     32     63   5035
   0    0    1    5    339    308     1    15     4      0     31   5036
   0    0    1    5    307    276     1    15     5     32     63   5036
   0    0    1    5    275    244     1    16     6      0     31   5037
   0    0    1    5    243    212     1    16     7     32     63   5037
   0    0    1    5    211    180     1    17     8      0     31   5038
   0    0    1    5    179    148     1    17     9     32     63   5038
   0    0    1    5    147    116     1    18    10      0     31   5039
   0    0    1    5    115     84     1    18    11     32     63   5039
   0    0    1    5     83     52     1    19    12      0     31   5040
   0    0    1    5     51     20     1    19    13     32     63   5040
   0    1    1    0    414    383     2     0     0      0     31   5041
   0    1    1    0    382    351     2     0     1     32     63   5041
   0    1    1    0    350    319     2     1     2      0     31   5042
   0    1    1    0    318    287     2     1     3     32     63   5042
   0    1    1    0    286    255     2     2     4      0     31   5043
   0    1    1    0    254    223     2     2     5     32     63   5043
   0    1    1    0    222    191     2     3     6      0     31   5044
   0    1    1    0    190    159     2     3     7     32     63   5044
   0    1    1    0    158    127     2     4     8      0     31   5045
   0    1    1    0    126     95     2     4     9     32     63   5045
   0    1    1    0     94     63     2     5    10      0     31   5046
   0    1    1    0     62     31     2     5    11     32     63   5046
   0    1    1    0     30      0     2     6    12      0     30   5047
   0    1    1    1    414    383     2     6     0     32     63   5047
   0    1    1    1    382    351     2     7     1      0     31   5048
   0    1    1    1    350    319     2     7     2     32     63   5048
   0    1    1    1    318    287     2     8     3      0     31   5049
   0    1    1    1    286    255     2     8     4     32     63   5049
   0    1    1    1    254    223     2     9     5      0     31   5050
   0    1    1    1    222    191     2     9     6     32     63   5050
   0    1    1    1    190    159     2    10     7      0     31   5051
   0    1    1    1    158    127     2    10     8     32     63   5051
   0    1    1    1    126     95     2    11     9      0     31   5052
   0    1    1    1     94     63     2    11    10     32     63   5052
   0    1    1    1     62     31     2    12    11      0     31   5053
   0    1    1    1     30      0     2    12    12     32     62   5053
   0    1    1    3    446    415     2    13     0      0     31   5054
   0    1    1    3    414    383     2    13     1     32     63   5054
   0    1    1    3    382    351     2    14     2      0     31   5055
   0    1    1    3    350    319     2    14     3     32     63   5055
   0    1    1    3    318    287     2    15     4      0     31   5056
   0    1    1    3    286    255     2    15     5     32     63   5056
   0    1    1    3    254    223     2    16     6      0     31   5057
   0    1    1    3    222    191     2    16     7     32     63   5057
   0    1    1    3    190    159     2    17     8      0     31   5058
   0    1    1    3    158    127     2    17     9     32     63   5058
   0    1    1    3    126     95     2    18    10      0     31   5059
   0    1    1    3     94     63     2    18    11     32     63   5059
   0    1    1    3     62     31     2    19    12      0     31   5060
   0    1    1    3     30      0     2    19    13     32     62   5060
   0    1    1    2    435    404     3     0     0      0     31   5061
   0    1    1    2    403    372     3     0     1     32     63   5061
   0    1    1    2    371    340     3     1     2      0     31   5062
   0    1    1    2    339    308     3     1     3     32     63   5062
   0    1    1    2    307    276     3     2     4      0     31   5063
   0    1    1    2    275    244     3     2     5     32     63   5063
   0    1    1    2    243    212     3     3     6      0     31   5064
   0    1    1    2    211    180     3     3     7     32     63   5064
   0    1    1    2    179    148     3     4     8      0     31   5065
   0    1    1    2    147    116     3     4     9     32     63   5065
   0    1    1    2    115     84     3     5    10      0     31   5066
   0    1    1    2     83     52     3     5    11     32     63   5066
   0    1    1    2     51     20     3     6    12      0     31   5067
   0    1    1    4    445    414     3     6     0     32     63   5067
   0    1    1    4    413    382     3     7     1      0     31   5068
   0    1    1    4    381    350     3     7     2     32     63   5068
   0    1    1    4    349    318     3     8     3      0     31   5069
   0    1    1    4    317    286     3     8     4     32     63   5069
   0    1    1    4    285    254     3     9     5      0     31   5070
   0    1    1    4    253    222     3     9     6     32     63   5070
   0    1    1    4    221    190     3    10     7      0     31   5071
   0    1    1    4    189    158     3    10     8     32     63   5071
   0    1    1    4    157    126     3    11     9      0     31   5072
   0    1    1    4    125     94     3    11    10     32     63   5072
   0    1    1    4     93     62     3    12    11      0     31   5073
   0    1    1    4     61     30     3    12    12     32     63   5073
   0    1    1    5    467    436     3    13     0      0     31   5074
   0    1    1    5    435    404     3    13     1     32     63   5074
   0    1    1    5    403    372     3    14     2      0     31   5075
   0    1    1    5    371    340     3    14     3     32     63   5075
   0    1    1    5    339    308     3    15     4      0     31   5076
   0    1    1    5    307    276     3    15     5     32     63   5076
   0    1    1    5    275    244     3    16     6      0     31   5077
   0    1    1    5    243    212     3    16     7     32     63   5077
   0    1    1    5    211    180     3    17     8      0     31   5078
   0    1    1    5    179    148     3    17     9     32     63   5078
   0    1    1    5    147    116     3    18    10      0     31   5079
   0    1    1    5    115     84     3    18    11     32     63   5079
   0    1    1    5     83     52     3    19    12      0     31   5080
   0    1    1    5     51     20     3    19    13     32     63   5080
   0    2    1    0    414    383     4     0     0      0     31   5081
   0    2    1    0    382    351     4     0     1     32     63   5081
   0    2    1    0    350    319     4     1     2      0     31   5082
   0    2    1    0    318    287     4     1     3     32     63   5082
   0    2    1    0    286    255     4     2     4      0     31   5083
   0    2    1    0    254    223     4     2     5     32     63   5083
   0    2    1    0    222    191     4     3     6      0     31   5084
   0    2    1    0    190    159     4     3     7     32     63   5084
   0    2    1    0    158    127     4     4     8      0     31   5085
   0    2    1    0    126     95     4     4     9     32     63   5085
   0    2    1    0     94     63     4     5    10      0     31   5086
   0    2    1    0     62     31     4     5    11     32     63   5086
   0    2    1    0     30      0     4     6    12      0     30   5087
   0    2    1    1    414    383     4     6     0     32     63   5087
   0    2    1    1    382    351     4     7     1      0     31   5088
   0    2    1    1    350    319     4     7     2     32     63   5088
   0    2    1    1    318    287     4     8     3      0     31   5089
   0    2    1    1    286    255     4     8     4     32     63   5089
   0    2    1    1    254    223     4     9     5      0     31   5090
   0    2    1    1    222    191     4     9     6     32     63   5090
   0    2    1    1    190    159     4    10     7      0     31   5091
   0    2    1    1    158    127     4    10     8     32     63   5091
   0    2    1    1    126     95     4    11     9      0     31   5092
   0    2    1    1     94     63     4    11    10     32     63   5092
   0    2    1    1     62     31     4    12    11      0     31   5093
   0    2    1    1     30      0     4    12    12     32     62   5093
   0    2    1    3    446    415     4    13     0      0     31   5094
   0    2    1    3    414    383     4    13     1     32     63   5094
   0    2    1    3    382    351     4    14     2      0     31   5095
   0    2    1    3    350    319     4    14     3     32     63   5095
   0    2    1    3    318    287     4    15     4      0     31   5096
   0    2    1    3    286    255     4    15     5     32     63   5096
   0    2    1    3    254    223     4    16     6      0     31   5097
   0    2    1    3    222    191     4    16     7     32     63   5097
   0    2    1    3    190    159     4    17     8      0     31   5098
   0    2    1    3    158    127     4    17     9     32     63   5098
   0    2    1    3    126     95     4    18    10      0     31   5099
   0    2    1    3     94     63     4    18    11     32     63   5099
   0    2    1    3     62     31     4    19    12      0     31   5100
   0    2    1    3     30      0     4    19    13     32     62   5100
   0    2    1    2    435    404     5     0     0      0     31   5101
   0    2    1    2    403    372     5     0     1     32     63   5101
   0    2    1    2    371    340     5     1     2      0     31   5102
   0    2    1    2    339    308     5     1     3     32     63   5102
   0    2    1    2    307    276     5     2     4      0     31   5103
   0    2    1    2    275    244     5     2     5     32     63   5103
   0    2    1    2    243    212     5     3     6      0     31   5104
   0    2    1    2    211    180     5     3     7     32     63   5104
   0    2    1    2    179    148     5     4     8      0     31   5105
   0    2    1    2    147    116     5     4     9     32     63   5105
   0    2    1    2    115     84     5     5    10      0     31   5106
   0    2    1    2     83     52     5     5    11     32     63   5106
   0    2    1    2     51     20     5     6    12      0     31   5107
   0    2    1    4    445    414     5     6     0     32     63   5107
   0    2    1    4    413    382     5     7     1      0     31   5108
   0    2    1    4    381    350     5     7     2     32     63   5108
   0    2    1    4    349    318     5     8     3      0     31   5109
   0    2    1    4    317    286     5     8     4     32     63   5109
   0    2    1    4    285    254     5     9     5      0     31   5110
   0    2    1    4    253    222     5     9     6     32     63   5110
   0    2    1    4    221    190     5    10     7      0     31   5111
   0    2    1    4    189    158     5    10     8     32     63   5111
   0    2    1    4    157    126     5    11     9      0     31   5112
   0    2    1    4    125     94     5    11    10     32     63   5112
   0    2    1    4     93     62     5    12    11      0     31   5113
   0    2    1    4     61     30     5    12    12     32     63   5113
   0    2    1    5    467    436     5    13     0      0     31   5114
   0    2    1    5    435    404     5    13     1     32     63   5114
   0    2    1    5    403    372     5    14     2      0     31   5115
   0    2    1    5    371    340     5    14     3     32     63   5115
   0    2    1    5    339    308     5    15     4      0     31   5116
   0    2    1    5    307    276     5    15     5     32     63   5116
   0    2    1    5    275    244     5    16     6      0     31   5117
   0    2    1    5    243    212     5    16     7     32     63   5117
   0    2    1    5    211    180     5    17     8      0     31   5118
   0    2    1    5    179    148     5    17     9     32     63   5118
   0    2    1    5    147    116     5    18    10      0     31   5119
   0    2    1    5    115     84     5    18    11     32     63   5119
   0    2    1    5     83     52     5    19    12      0     31   5120
   0    2    1    5     51     20     5    19    13     32     63   5120
   0    3    1    0    414    383     6     0     0      0     31   5121
   0    3    1    0    382    351     6     0     1     32     63   5121
   0    3    1    0    350    319     6     1     2      0     31   5122
   0    3    1    0    318    287     6     1     3     32     63   5122
   0    3    1    0    286    255     6     2     4      0     31   5123
   0    3    1    0    254    223     6     2     5     32     63   5123
   0    3    1    0    222    191     6     3     6      0     31   5124
   0    3    1    0    190    159     6     3     7     32     63   5124
   0    3    1    0    158    127     6     4     8      0     31   5125
   0    3    1    0    126     95     6     4     9     32     63   5125
   0    3    1    0     94     63     6     5    10      0     31   5126
   0    3    1    0     62     31     6     5    11     32     63   5126
   0    3    1    0     30      0     6     6    12      0     30   5127
   0    3    1    1    414    383     6     6     0     32     63   5127
   0    3    1    1    382    351     6     7     1      0     31   5128
   0    3    1    1    350    319     6     7     2     32     63   5128
   0    3    1    1    318    287     6     8     3      0     31   5129
   0    3    1    1    286    255     6     8     4     32     63   5129
   0    3    1    1    254    223     6     9     5      0     31   5130
   0    3    1    1    222    191     6     9     6     32     63   5130
   0    3    1    1    190    159     6    10     7      0     31   5131
   0    3    1    1    158    127     6    10     8     32     63   5131
   0    3    1    1    126     95     6    11     9      0     31   5132
   0    3    1    1     94     63     6    11    10     32     63   5132
   0    3    1    1     62     31     6    12    11      0     31   5133
   0    3    1    1     30      0     6    12    12     32     62   5133
   0    3    1    3    446    415     6    13     0      0     31   5134
   0    3    1    3    414    383     6    13     1     32     63   5134
   0    3    1    3    382    351     6    14     2      0     31   5135
   0    3    1    3    350    319     6    14     3     32     63   5135
   0    3    1    3    318    287     6    15     4      0     31   5136
   0    3    1    3    286    255     6    15     5     32     63   5136
   0    3    1    3    254    223     6    16     6      0     31   5137
   0    3    1    3    222    191     6    16     7     32     63   5137
   0    3    1    3    190    159     6    17     8      0     31   5138
   0    3    1    3    158    127     6    17     9     32     63   5138
   0    3    1    3    126     95     6    18    10      0     31   5139
   0    3    1    3     94     63     6    18    11     32     63   5139
   0    3    1    3     62     31     6    19    12      0     31   5140
   0    3    1    3     30      0     6    19    13     32     62   5140
   0    3    1    2    435    404     7     0     0      0     31   5141
   0    3    1    2    403    372     7     0     1     32     63   5141
   0    3    1    2    371    340     7     1     2      0     31   5142
   0    3    1    2    339    308     7     1     3     32     63   5142
   0    3    1    2    307    276     7     2     4      0     31   5143
   0    3    1    2    275    244     7     2     5     32     63   5143
   0    3    1    2    243    212     7     3     6      0     31   5144
   0    3    1    2    211    180     7     3     7     32     63   5144
   0    3    1    2    179    148     7     4     8      0     31   5145
   0    3    1    2    147    116     7     4     9     32     63   5145
   0    3    1    2    115     84     7     5    10      0     31   5146
   0    3    1    2     83     52     7     5    11     32     63   5146
   0    3    1    2     51     20     7     6    12      0     31   5147
   0    3    1    4    445    414     7     6     0     32     63   5147
   0    3    1    4    413    382     7     7     1      0     31   5148
   0    3    1    4    381    350     7     7     2     32     63   5148
   0    3    1    4    349    318     7     8     3      0     31   5149
   0    3    1    4    317    286     7     8     4     32     63   5149
   0    3    1    4    285    254     7     9     5      0     31   5150
   0    3    1    4    253    222     7     9     6     32     63   5150
   0    3    1    4    221    190     7    10     7      0     31   5151
   0    3    1    4    189    158     7    10     8     32     63   5151
   0    3    1    4    157    126     7    11     9      0     31   5152
   0    3    1    4    125     94     7    11    10     32     63   5152
   0    3    1    4     93     62     7    12    11      0     31   5153
   0    3    1    4     61     30     7    12    12     32     63   5153
   0    3    1    5    467    436     7    13     0      0     31   5154
   0    3    1    5    435    404     7    13     1     32     63   5154
   0    3    1    5    403    372     7    14     2      0     31   5155
   0    3    1    5    371    340     7    14     3     32     63   5155
   0    3    1    5    339    308     7    15     4      0     31   5156
   0    3    1    5    307    276     7    15     5     32     63   5156
   0    3    1    5    275    244     7    16     6      0     31   5157
   0    3    1    5    243    212     7    16     7     32     63   5157
   0    3    1    5    211    180     7    17     8      0     31   5158
   0    3    1    5    179    148     7    17     9     32     63   5158
   0    3    1    5    147    116     7    18    10      0     31   5159
   0    3    1    5    115     84     7    18    11     32     63   5159
   0    3    1    5     83     52     7    19    12      0     31   5160
   0    3    1    5     51     20     7    19    13     32     63   5160
   0    0    0    0      0     31     8     2     0      0     31   5161
   0    0    0    0     32     63     8     2     1     32     63   5161
   0    0    0    0     64     95     8     3     2      0     31   5162
   0    0    0    0     96    127     8     3     3     32     63   5162
   0    0    0    0    128    159     8     4     4      0     31   5163
   0    0    0    0    160    191     8     4     5     32     63   5163
   0    0    0    0    192    223     8     5     6      0     31   5164
   0    0    0    0    224    255     8     5     7     32     63   5164
   0    0    0    0    256    287     8     6     8      0     31   5165
   0    0    0    0    288    319     8     6     9     32     63   5165
   0    0    0    0    320    351     8     7    10      0     31   5166
   0    0    0    0    352    383     8     7    11     32     63   5166
   0    0    0    0    384    414     8     8    12      0     30   5167
   0    0    0    1      0     31     8     9     0      0     31   5168
   0    0    0    1     32     63     8     9     1     32     63   5168
   0    0    0    1     64     95     8    10     2      0     31   5169
   0    0    0    1     96    127     8    10     3     32     63   5169
   0    0    0    1    128    159     8    11     4      0     31   5170
   0    0    0    1    160    191     8    11     5     32     63   5170
   0    0    0    1    192    223     8    12     6      0     31   5171
   0    0    0    1    224    255     8    12     7     32     63   5171
   0    0    0    1    256    287     8    13     8      0     31   5172
   0    0    0    1    288    319     8    13     9     32     63   5172
   0    0    0    1    320    351     8    14    10      0     31   5173
   0    0    0    1    352    383     8    14    11     32     63   5173
   0    0    0    1    384    414     8     8    12     32     62   5167
   0    0    0    2      0     31     9     0     0      0     31   5181
   0    0    0    2     32     63     9     0     1     32     63   5181
   0    0    0    2     64     95     9     1     2      0     31   5182
   0    0    0    2     96    127     9     1     3     32     63   5182
   0    0    0    2    128    159     9     2     4      0     31   5183
   0    0    0    2    160    191     9     2     5     32     63   5183
   0    0    0    2    192    223     9     3     6      0     31   5184
   0    0    0    2    224    255     9     3     7     32     63   5184
   0    0    0    2    256    287     9     4     8      0     31   5185
   0    0    0    2    288    319     9     4     9     32     63   5185
   0    0    0    2    320    351     9     5    10      0     31   5186
   0    0    0    2    352    383     9     5    11     32     63   5186
   0    0    0    2    384    415     9     6    12      0     31   5187
   0    0    0    2    416    435     9     6    13     32     51   5187
   0    0    0    3      0     31     9     7     0      0     31   5188
   0    0    0    3     32     63     9     7     1     32     63   5188
   0    0    0    3     64     95     9    10     2      0     31   5191
   0    0    0    3     96    127     9    10     3     32     63   5191
   0    0    0    3    128    159     9    11     4      0     31   5192
   0    0    0    3    160    191     9    11     5     32     63   5192
   0    0    0    3    192    223     9    14     6      0     31   5195
   0    0    0    3    224    255     9    14     7     32     63   5195
   0    0    0    3    256    287     9    15     8      0     31   5196
   0    0    0    3    288    319     9    15     9     32     63   5196
   0    0    0    3    320    351     9    16    10      0     31   5197
   0    0    0    3    352    383     9    16    11     32     63   5197
   0    0    0    3    384    415     9    17    12      0     31   5198
   0    0    0    3    416    446     9    17    13     32     62   5198
   0    1    0    0      0     31    10     0     0      0     31   5201
   0    1    0    0     32     63    10     0     1     32     63   5201
   0    1    0    0     64     95    10     1     2      0     31   5202
   0    1    0    0     96    127    10     1     3     32     63   5202
   0    1    0    0    128    159    10     2     4      0     31   5203
   0    1    0    0    160    191    10     2     5     32     63   5203
   0    1    0    0    192    223    10     3     6      0     31   5204
   0    1    0    0    224    255    10     3     7     32     63   5204
   0    1    0    0    256    287    10     4     8      0     31   5205
   0    1    0    0    288    319    10     4     9     32     63   5205
   0    1    0    0    320    351    10     5    10      0     31   5206
   0    1    0    0    352    383    10     5    11     32     63   5206
   0    1    0    0    384    414    10     6    12      0     30   5207
   0    1    0    1      0     31    10     6     0     32     63   5207
   0    1    0    1     32     63    10     7     1      0     31   5208
   0    1    0    1     64     95    10     7     2     32     63   5208
   0    1    0    1     96    127    10     8     3      0     31   5209
   0    1    0    1    128    159    10     8     4     32     63   5209
   0    1    0    1    160    191    10     9     5      0     31   5210
   0    1    0    1    192    223    10     9     6     32     63   5210
   0    1    0    1    224    255    10    10     7      0     31   5211
   0    1    0    1    256    287    10    10     8     32     63   5211
   0    1    0    1    288    319    10    11     9      0     31   5212
   0    1    0    1    320    351    10    11    10     32     63   5212
   0    1    0    1    352    383    10    12    11      0     31   5213
   0    1    0    1    384    414    10    12    12     32     63   5213
   0    1    0    3      0     31    10    13     0      0     31   5214
   0    1    0    3     32     63    10    13     1     32     63   5214
   0    1    0    3     64     95    10    14     2      0     31   5215
   0    1    0    3     96    127    10    14     3     32     63   5215
   0    1    0    3    128    159    10    15     4      0     31   5216
   0    1    0    3    160    191    10    15     5     32     63   5216
   0    1    0    3    192    223    10    16     6      0     31   5217
   0    1    0    3    224    255    10    16     7     32     63   5217
   0    1    0    3    256    287    10    17     8      0     31   5218
   0    1    0    3    288    319    10    17     9     32     63   5218
   0    1    0    3    320    351    10    18    10      0     31   5219
   0    1    0    3    352    383    10    18    11     32     63   5219
   0    1    0    3    384    415    10    19    12      0     31   5220
   0    1    0    3    416    446    10    19    13     32     62   5220 
   0    1    0    2      0     31    11     0     0      0     31   5221
   0    1    0    2     32     63    11     0     1     32     63   5221
   0    1    0    2     64     95    11     1     2      0     31   5222
   0    1    0    2     96    127    11     1     3     32     63   5222
   0    1    0    2    128    159    11     2     4      0     31   5223
   0    1    0    2    160    191    11     2     5     32     63   5223
   0    1    0    2    192    223    11     3     6      0     31   5224
   0    1    0    2    224    255    11     3     7     32     63   5224
   0    1    0    2    256    287    11     4     8      0     31   5225
   0    1    0    2    288    319    11     4     9     32     63   5225
   0    1    0    2    320    351    11     5    10      0     31   5226
   0    1    0    2    352    383    11     5    11     32     63   5226
   0    1    0    2    384    415    11     6    12      0     31   5227
   0    1    0    4      0     31    11     6     0     32     63   5227
   0    1    0    4     32     63    11     7     1      0     31   5228
   0    1    0    4     64     95    11     7     2     32     63   5228
   0    1    0    4     96    127    11     8     3      0     31   5229
   0    1    0    4    128    159    11     8     4     32     63   5229
   0    1    0    4    160    191    11     9     5      0     31   5230
   0    1    0    4    192    223    11     9     6     32     63   5230
   0    1    0    4    224    255    11    10     7      0     31   5231
   0    1    0    4    256    287    11    10     8     32     63   5231
   0    1    0    4    288    319    11    11     9      0     31   5232
   0    1    0    4    320    351    11    11    10     32     63   5232
   0    1    0    4    352    383    11    12    11      0     31   5233
   0    1    0    4    384    415    11    12    12     32     63   5233
   0    1    0    5      0     31    11    13     0      0     31   5234
   0    1    0    5     32     63    11    13     1     32     63   5234
   0    1    0    5     64     95    11    14     2      0     31   5235
   0    1    0    5     96    127    11    14     3     32     63   5235
   0    1    0    5    128    159    11    15     4      0     31   5236
   0    1    0    5    160    191    11    15     5     32     63   5236
   0    1    0    5    192    223    11    16     6      0     31   5237
   0    1    0    5    224    255    11    16     7     32     63   5237
   0    1    0    5    256    287    11    17     8      0     31   5238
   0    1    0    5    288    319    11    17     9     32     63   5238
   0    1    0    5    320    351    11    18    10      0     31   5239
   0    1    0    5    352    383    11    18    11     32     63   5239
   0    1    0    5    384    415    11    19    12      0     31   5240
   0    1    0    5    416    447    11    19    13     32     63   5240
   0    2    0    0      0     31    12     0     0      0     31   5241
   0    2    0    0     32     63    12     0     1     32     63   5241
   0    2    0    0     64     95    12     1     2      0     31   5242
   0    2    0    0     96    127    12     1     3     32     63   5242
   0    2    0    0    128    159    12     2     4      0     31   5243
   0    2    0    0    160    191    12     2     5     32     63   5243
   0    2    0    0    192    223    12     3     6      0     31   5244
   0    2    0    0    224    255    12     3     7     32     63   5244
   0    2    0    0    256    287    12     4     8      0     31   5245
   0    2    0    0    288    319    12     4     9     32     63   5245
   0    2    0    0    320    351    12     5    10      0     31   5246
   0    2    0    0    352    383    12     5    11     32     63   5246
   0    2    0    0    384    414    12     6    12      0     30   5247
   0    2    0    1      0     31    12     6     0     32     63   5247
   0    2    0    1     32     63    12     7     1      0     31   5248
   0    2    0    1     64     95    12     7     2     32     63   5248
   0    2    0    1     96    127    12     8     3      0     31   5249
   0    2    0    1    128    159    12     8     4     32     63   5249
   0    2    0    1    160    191    12     9     5      0     31   5250
   0    2    0    1    192    223    12     9     6     32     63   5250
   0    2    0    1    224    255    12    10     7      0     31   5251
   0    2    0    1    256    287    12    10     8     32     63   5251
   0    2    0    1    288    319    12    11     9      0     31   5252
   0    2    0    1    320    351    12    11    10     32     63   5252
   0    2    0    1    352    383    12    12    11      0     31   5253
   0    2    0    1    384    414    12    12    12     32     62   5253
   0    2    0    3      0     31    12    13     0      0     31   5254
   0    2    0    3     32     63    12    13     1     32     63   5254
   0    2    0    3     64     95    12    14     2      0     31   5255
   0    2    0    3     96    127    12    14     3     32     63   5255
   0    2    0    3    128    159    12    15     4      0     31   5256
   0    2    0    3    160    191    12    15     5     32     63   5256
   0    2    0    3    192    223    12    16     6      0     31   5257
   0    2    0    3    224    255    12    16     7     32     63   5257
   0    2    0    3    256    287    12    17     8      0     31   5258
   0    2    0    3    288    319    12    17     9     32     63   5258
   0    2    0    3    320    351    12    18    10      0     31   5259
   0    2    0    3    352    383    12    18    11     32     63   5259
   0    2    0    3    384    415    12    19    12      0     31   5260
   0    2    0    3    416    446    12    19    13     32     62   5260
   0    2    0    2      0     31    13     0     0      0     31   5261
   0    2    0    2     32     63    13     0     1     32     63   5261
   0    2    0    2     64     95    13     1     2      0     31   5262
   0    2    0    2     96    127    13     1     3     32     63   5262
   0    2    0    2    128    159    13     2     4      0     31   5263
   0    2    0    2    160    191    13     2     5     32     63   5263
   0    2    0    2    192    223    13     3     6      0     31   5264
   0    2    0    2    224    255    13     3     7     32     63   5264
   0    2    0    2    256    287    13     4     8      0     31   5265
   0    2    0    2    288    319    13     4     9     32     63   5265
   0    2    0    2    320    351    13     5    10      0     31   5266
   0    2    0    2    352    383    13     5    11     32     63   5266
   0    2    0    2    384    415    13     6    12      0     31   5267
   0    2    0    4      0     31    13     6     0     32     63   5267
   0    2    0    4     32     63    13     7     1      0     31   5268
   0    2    0    4     64     95    13     7     2     32     63   5268
   0    2    0    4     96    127    13     8     3      0     31   5269
   0    2    0    4    128    159    13     8     4     32     63   5269
   0    2    0    4    160    191    13     9     5      0     31   5270
   0    2    0    4    192    223    13     9     6     32     63   5270
   0    2    0    4    224    255    13    10     7      0     31   5271
   0    2    0    4    256    287    13    10     8     32     63   5271
   0    2    0    4    288    319    13    11     9      0     31   5272
   0    2    0    4    320    351    13    11    10     32     63   5272
   0    2    0    4    352    383    13    12    11      0     31   5273
   0    2    0    4    384    415    13    12    12     32     63   5273
   0    2    0    5      0     31    13    13     0      0     31   5274
   0    2    0    5     32     63    13    13     1     32     63   5274
   0    2    0    5     64     95    13    14     2      0     31   5275
   0    2    0    5     96    127    13    14     3     32     63   5275
   0    2    0    5    128    159    13    15     4      0     31   5276
   0    2    0    5    160    191    13    15     5     32     63   5276
   0    2    0    5    192    223    13    16     6      0     31   5277
   0    2    0    5    224    255    13    16     7     32     63   5277
   0    2    0    5    256    287    13    17     8      0     31   5278
   0    2    0    5    288    319    13    17     9     32     63   5278
   0    2    0    5    320    351    13    18    10      0     31   5279
   0    2    0    5    352    383    13    18    11     32     63   5279
   0    2    0    5    384    415    13    19    12      0     31   5280
   0    2    0    5    416    447    13    19    13     32     63   5280
   0    3    0    0      0     31    14     0     0      0     31   5281
   0    3    0    0     32     63    14     0     1     32     63   5281
   0    3    0    0     64     95    14     1     2      0     31   5282
   0    3    0    0     96    127    14     1     3     32     63   5282
   0    3    0    0    128    159    14     2     4      0     31   5283
   0    3    0    0    160    191    14     2     5     32     63   5283
   0    3    0    0    192    223    14     3     6      0     31   5284
   0    3    0    0    224    255    14     3     7     32     63   5284
   0    3    0    0    256    287    14     4     8      0     31   5285
   0    3    0    0    288    319    14     4     9     32     63   5285
   0    3    0    0    320    351    14     5    10      0     31   5286
   0    3    0    0    352    383    14     5    11     32     63   5286
   0    3    0    0    384    414    14     6    12      0     30   5287
   0    3    0    3      0     31    14     6     0     32     63   5287
   0    3    0    3     32     63    14     7     1      0     31   5288
   0    3    0    3     64     95    14     7     2     32     63   5288
   0    3    0    3     96    127    14     8     3      0     31   5289
   0    3    0    3    128    159    14     8     4     32     63   5289
   0    3    0    3    160    191    14     9     5      0     31   5290
   0    3    0    3    192    223    14     9     6     32     63   5290
   0    3    0    3    224    255    14    10     7      0     31   5291
   0    3    0    3    256    287    14    10     8     32     63   5291
   0    3    0    3    288    319    14    11     9      0     31   5292
   0    3    0    3    320    351    14    11    10     32     63   5292
   0    3    0    3    352    383    14    12    11      0     31   5293
   0    3    0    3    384    415    14    12    12     32     63   5293
   0    3    0    3    416    446    14    13    13      0     30   5294
   0    3    0    2      0     31    15     0     0      0     31   5301
   0    3    0    2     32     63    15     0     1     32     63   5301
   0    3    0    2     64     95    15     1     2      0     31   5302
   0    3    0    2     96    127    15     1     3     32     63   5302
   0    3    0    2    128    159    15     2     4      0     31   5303
   0    3    0    2    160    191    15     2     5     32     63   5303
   0    3    0    2    192    223    15     3     6      0     31   5304
   0    3    0    2    224    255    15     3     7     32     63   5304
   0    3    0    2    256    287    15     4     8      0     31   5305
   0    3    0    2    288    319    15     4     9     32     63   5305
   0    3    0    2    320    351    15     5    10      0     31   5306
   0    3    0    2    352    383    15     5    11     32     63   5306
   0    3    0    2    384    415    15     6    12      0     31   5307
   0    3    0    4      0     31    15     6     0     32     63   5307
   0    3    0    4     32     63    15     7     1      0     31   5308
   0    3    0    4     64     95    15     7     2     32     63   5308
   0    3    0    4     96    127    15     8     3      0     31   5309
   0    3    0    4    128    159    15     8     4     32     63   5309
   0    3    0    4    160    191    15     9     5      0     31   5310
   0    3    0    4    192    223    15     9     6     32     63   5310
   0    3    0    4    224    255    15    10     7      0     31   5311
   0    3    0    4    256    287    15    10     8     32     63   5311
   0    3    0    4    288    319    15    11     9      0     31   5312
   0    3    0    4    320    351    15    11    10     32     63   5312
   0    3    0    4    352    383    15    12    11      0     31   5313
   0    3    0    4    384    415    15    12    12     32     63   5313
   0    3    0    5      0     31    15    13     0      0     31   5314
   0    3    0    5     32     63    15    13     1     32     63   5314
   0    3    0    5     64     95    15    14     2      0     31   5315
   0    3    0    5     96    127    15    14     3     32     63   5315
   0    3    0    5    128    159    15    15     4      0     31   5316
   0    3    0    5    160    191    15    15     5     32     63   5316
   0    3    0    5    192    223    15    16     6      0     31   5317
   0    3    0    5    224    255    15    16     7     32     63   5317
   0    3    0    5    256    287    15    17     8      0     31   5318
   0    3    0    5    288    319    15    17     9     32     63   5318
   0    3    0    5    320    351    15    18    10      0     31   5319
   0    3    0    5    352    383    15    18    11     32     63   5319
   0    3    0    5    384    415    15    19    12      0     31   5320
   0    3    0    5    416    447    15    19    13     32     63   5320

