   0    1    1    5      0    460     0     0     0      0     63   5000
   0    1    1    0    415    384     2     2     0      0     31   5001
   0    1    1    0    383    352     2     2     1     32     63   5001
   0    1    1    0    351    320     2     3     2      0     31   5002
   0    1    1    0    319    288     2     3     3     32     63   5002
   0    1    1    0    287    256     2     4     4      0     31   5003
   0    1    1    0    255    224     2     4     5     32     63   5003
   0    1    1    0    223    192     2     5     6      0     31   5004
   0    1    1    0    191    160     2     5     7     32     63   5004
   0    1    1    0    159    128     2     6     8      0     31   5005
   0    1    1    0    127     96     2     6     9     32     63   5005
   0    1    1    0     95     64     2     7    10      0     31   5006
   0    1    1    0     63     32     2     7    11     32     63   5006
   0    1    1    0     31      1     2     8    12      0     30   5007
   0    1    1    1    415    384     2     9     0      0     31   5008
   0    1    1    1    383    352     2     9     1     32     63   5008
   0    1    1    1    351    320     2    11     2      0     31   5009
   0    1    1    1    319    288     2    11     3     32     63   5009
   0    1    1    1    287    256     2    12     4      0     31   5010
   0    1    1    1    255    224     2    12     5     32     63   5010
   0    1    1    1    223    192     2    13     6      0     31   5011
   0    1    1    1    191    160     2    13     7     32     63   5011
   0    1    1    1    159    128     2    14     8      0     31   5012
   0    1    1    1    127     96     2    14     9     32     63   5012
   0    1    1    1     95     64     2    15    10      0     31   5013
   0    1    1    1     63     32     2    15    11     32     63   5013
   0    1    1    1     31      1     2     8    12     32     62   5007
   0    1    1    2    436    405     3     1     0      0     31   5015
   0    1    1    2    404    373     3     1     1     32     63   5015
   0    1    1    2    372    341     3     2     2      0     31   5016
   0    1    1    2    340    309     3     2     3     32     63   5016
   0    1    1    2    308    277     3     3     4      0     31   5017
   0    1    1    2    276    245     3     3     5     32     63   5017
   0    1    1    2    244    213     3     4     6      0     31   5018
   0    1    1    2    212    181     3     4     7     32     63   5018
   0    1    1    2    180    149     3     5     8      0     31   5019
   0    1    1    2    148    117     3     5     9     32     63   5019
   0    1    1    2    116     85     3     6    10      0     31   5020
   0    1    1    2     84     53     3     6    11     32     63   5020
   0    1    1    2     52     21     3     7    12      0     31   5021
   0    1    1    2     20      1     3     7    13     32     51   5021
   0    1    1    3    447    416     3     8     0      0     31   5022
   0    1    1    3    415    384     3     8     1     32     63   5022
   0    1    1    3    383    352     3    11     2      0     31   5023
   0    1    1    3    351    320     3    11     3     32     63   5023
   0    1    1    3    319    288     3    12     4      0     31   5024
   0    1    1    3    287    256     3    12     5     32     63   5024
   0    1    1    3    255    224     3    13     6      0     31   5025
   0    1    1    3    223    192     3    13     7     32     63   5025
   0    1    1    3    191    160     3    14     8      0     31   5026
   0    1    1    3    159    128     3    14     9     32     63   5026
   0    1    1    3    127     96     3    15    10      0     31   5027
   0    1    1    3     95     64     3    15    11     32     63   5027
   0    1    1    3     63     32     3    16    12      0     31   5028
   0    1    1    3     31      1     3    16    13     32     62   5028
   0    2    1    0    415    384     4     1     0      0     31   5029
   0    2    1    0    383    352     4     1     1     32     63   5029
   0    2    1    0    351    320     4     2     2      0     31   5030
   0    2    1    0    319    288     4     2     3     32     63   5030
   0    2    1    0    287    256     4     3     4      0     31   5031
   0    2    1    0    255    224     4     3     5     32     63   5031
   0    2    1    0    223    192     4     4     6      0     31   5032
   0    2    1    0    191    160     4     4     7     32     63   5032
   0    2    1    0    159    128     4     5     8      0     31   5033
   0    2    1    0    127     96     4     5     9     32     63   5033
   0    2    1    0     95     64     4     6    10      0     31   5034
   0    2    1    0     63     32     4     6    11     32     63   5034
   0    2    1    0     31      1     4     7    12      0     30   5035
   0    2    1    1    415    384     4     8     0      0     31   5036
   0    2    1    1    383    352     4     8     1     32     63   5036
   0    2    1    1    351    320     4    11     2      0     31   5037
   0    2    1    1    319    288     4    11     3     32     63   5037
   0    2    1    1    287    256     4    12     4      0     31   5038
   0    2    1    1    255    224     4    12     5     32     63   5038
   0    2    1    1    223    192     4    13     6      0     31   5039
   0    2    1    1    191    160     4    13     7     32     63   5039
   0    2    1    1    159    128     4    14     8      0     31   5040
   0    2    1    1    127     96     4    14     9     32     63   5040
   0    2    1    1     95     64     4    15    10      0     31   5041
   0    2    1    1     63     32     4    15    11     32     63   5041
   0    2    1    1     31      1     4     7    12     32     62   5035
   0    2    1    2    436    405     5     1     0      0     31   5043
   0    2    1    2    404    373     5     1     1     32     63   5043
   0    2    1    2    372    341     5     2     2      0     31   5044
   0    2    1    2    340    309     5     2     3     32     63   5044
   0    2    1    2    308    277     5     3     4      0     31   5045
   0    2    1    2    276    245     5     3     5     32     63   5045
   0    2    1    2    244    213     5     4     6      0     31   5046
   0    2    1    2    212    181     5     4     7     32     63   5046
   0    2    1    2    180    149     5     5     8      0     31   5047
   0    2    1    2    148    117     5     5     9     32     63   5047
   0    2    1    2    116     85     5     6    10      0     31   5048
   0    2    1    2     84     53     5     6    11     32     63   5048
   0    2    1    2     52     21     5     7    12      0     31   5049
   0    2    1    2     20      1     5     7    13     32     51   5049
   0    2    1    3    447    416     5     8     0      0     31   5050
   0    2    1    3    415    384     5     8     1     32     63   5050
   0    2    1    3    383    352     5    11     2      0     31   5051
   0    2    1    3    351    320     5    11     3     32     63   5051
   0    2    1    3    319    288     5    12     4      0     31   5052
   0    2    1    3    287    256     5    12     5     32     63   5052
   0    2    1    3    255    224     5    13     6      0     31   5053
   0    2    1    3    223    192     5    13     7     32     63   5053
   0    2    1    3    191    160     5    14     8      0     31   5054
   0    2    1    3    159    128     5    14     9     32     63   5054
   0    2    1    3    127     96     5    15    10      0     31   5055
   0    2    1    3     95     64     5    15    11     32     63   5055
   0    2    1    3     63     32     5    16    12      0     31   5056
   0    2    1    3     31      1     5    16    13     32     62   5056
   0    1    0    0      0     31    10     1     0      0     31   5057
   0    1    0    0     32     63    10     1     1     32     63   5057
   0    1    0    0     64     95    10     2     2      0     31   5058
   0    1    0    0     96    127    10     2     3     32     63   5058
   0    1    0    0    128    159    10     3     4      0     31   5059
   0    1    0    0    160    191    10     3     5     32     63   5059
   0    1    0    0    192    223    10     4     6      0     31   5060
   0    1    0    0    224    255    10     4     7     32     63   5060
   0    1    0    0    256    287    10     5     8      0     31   5061
   0    1    0    0    288    319    10     5     9     32     63   5061
   0    1    0    0    320    351    10     6    10      0     31   5062
   0    1    0    0    352    383    10     6    11     32     63   5062
   0    1    0    0    384    414    10     7    12      0     30   5063
   0    1    0    1      0     31    10     8     0      0     31   5064
   0    1    0    1     32     63    10     8     1     32     63   5064
   0    1    0    1     64     95    10    11     2      0     31   5065
   0    1    0    1     96    127    10    11     3     32     63   5065
   0    1    0    1    128    159    10    12     4      0     31   5066
   0    1    0    1    160    191    10    12     5     32     63   5066
   0    1    0    1    192    223    10    13     6      0     31   5067
   0    1    0    1    224    255    10    13     7     32     63   5067
   0    1    0    1    256    287    10    14     8      0     31   5068
   0    1    0    1    288    319    10    14     9     32     63   5068
   0    1    0    1    320    351    10    15    10      0     31   5069
   0    1    0    1    352    383    10    15    11     32     63   5069
   0    1    0    1    384    414    10     7    12     32     62   5063
   0    1    0    2      0     31    11     1     0      0     31   5071
   0    1    0    2     32     63    11     1     1     32     63   5071
   0    1    0    2     64     95    11     2     2      0     31   5072
   0    1    0    2     96    127    11     2     3     32     63   5072
   0    1    0    2    128    159    11     3     4      0     31   5073
   0    1    0    2    160    191    11     3     5     32     63   5073
   0    1    0    2    192    223    11     4     6      0     31   5074
   0    1    0    2    224    255    11     4     7     32     63   5074
   0    1    0    2    256    287    11     5     8      0     31   5075
   0    1    0    2    288    319    11     5     9     32     63   5075
   0    1    0    2    320    351    11     6    10      0     31   5076
   0    1    0    2    352    383    11     6    11     32     63   5076
   0    1    0    2    384    415    11     7    12      0     31   5077
   0    1    0    2    416    435    11     7    13     32     51   5077
   0    1    0    3      0     31    11     8     0      0     31   5078
   0    1    0    3     32     63    11     8     1     32     63   5078
   0    1    0    3     64     95    11    11     2      0     31   5079
   0    1    0    3     96    127    11    11     3     32     63   5079
   0    1    0    3    128    159    11    12     4      0     31   5080
   0    1    0    3    160    191    11    12     5     32     63   5080
   0    1    0    3    192    223    11    13     6      0     31   5081
   0    1    0    3    224    255    11    13     7     32     63   5081
   0    1    0    3    256    287    11    14     8      0     31   5082
   0    1    0    3    288    319    11    14     9     32     63   5082
   0    1    0    3    320    351    11    15    10      0     31   5083
   0    1    0    3    352    383    11    15    11     32     63   5083
   0    1    0    3    384    415    11    16    12      0     31   5084
   0    1    0    3    416    446    11    16    13     32     62   5084
   0    2    0    0      0     31    12     1     0      0     31   5085
   0    2    0    0     32     63    12     1     1     32     63   5085
   0    2    0    0     64     95    12     2     2      0     31   5086
   0    2    0    0     96    127    12     2     3     32     63   5086
   0    2    0    0    128    159    12     3     4      0     31   5087
   0    2    0    0    160    191    12     3     5     32     63   5087
   0    2    0    0    192    223    12     4     6      0     31   5088
   0    2    0    0    224    255    12     4     7     32     63   5088
   0    2    0    0    256    287    12     5     8      0     31   5089
   0    2    0    0    288    319    12     5     9     32     63   5089
   0    2    0    0    320    351    12     6    10      0     31   5090
   0    2    0    0    352    383    12     6    11     32     63   5090
   0    2    0    0    384    414    12     7    12      0     30   5091
   0    2    0    1      0     31    12     8     0      0     31   5092
   0    2    0    1     32     63    12     8     1     32     63   5092
   0    2    0    1     64     95    12    11     2      0     31   5093
   0    2    0    1     96    127    12    11     3     32     63   5093
   0    2    0    1    128    159    12    12     4      0     31   5094
   0    2    0    1    160    191    12    12     5     32     63   5094
   0    2    0    1    192    223    12    13     6      0     31   5095
   0    2    0    1    224    255    12    13     7     32     63   5095
   0    2    0    1    256    287    12    14     8      0     31   5096
   0    2    0    1    288    319    12    14     9     32     63   5096
   0    2    0    1    320    351    12    15    10      0     31   5097
   0    2    0    1    352    383    12    15    11     32     63   5097
   0    2    0    1    384    414    12     7    12     32     62   5091
   0    2    0    2      0     31    13     1     0      0     31   5099
   0    2    0    2     32     63    13     1     1     32     63   5099
   0    2    0    2     64     95    13     2     2      0     31   5100
   0    2    0    2     96    127    13     2     3     32     63   5100
   0    2    0    2    128    159    13     3     4      0     31   5101
   0    2    0    2    160    191    13     3     5     32     63   5101
   0    2    0    2    192    223    13     4     6      0     31   5102
   0    2    0    2    224    255    13     4     7     32     63   5102
   0    2    0    2    256    287    13     5     8      0     31   5103
   0    2    0    2    288    319    13     5     9     32     63   5103
   0    2    0    2    320    351    13     6    10      0     31   5104
   0    2    0    2    352    383    13     6    11     32     63   5104
   0    2    0    2    384    415    13     7    12      0     31   5105
   0    2    0    2    416    435    13     7    13     32     51   5105
   0    2    0    3      0     31    13     8     0      0     31   5106
   0    2    0    3     32     63    13     8     1     32     63   5106
   0    2    0    3     64     95    13    11     2      0     31   5107
   0    2    0    3     96    127    13    11     3     32     63   5107
   0    2    0    3    128    159    13    12     4      0     31   5108
   0    2    0    3    160    191    13    12     5     32     63   5108
   0    2    0    3    192    223    13    13     6      0     31   5109
   0    2    0    3    224    255    13    13     7     32     63   5109
   0    2    0    3    256    287    13    14     8      0     31   5110
   0    2    0    3    288    319    13    14     9     32     63   5110
   0    2    0    3    320    351    13    15    10      0     31   5111
   0    2    0    3    352    383    13    15    11     32     63   5111
   0    2    0    3    384    415    13    16    12      0     31   5112
   0    2    0    3    416    446    13    16    13     32     62   5112

