   0    1    1    5      0    460     0     0     0      0     63   5000
   0    0    1    0    414    383     0     3     0      0     31   5001
   0    0    1    0    382    351     0     3     1     32     63   5001
   0    0    1    0    350    319     0     4     2      0     31   5002
   0    0    1    0    318    287     0     4     3     32     63   5002
   0    0    1    0    286    255     0     5     4      0     31   5003
   0    0    1    0    254    223     0     5     5     32     63   5003
   0    0    1    0    222    191     0     6     6      0     31   5004
   0    0    1    0    190    159     0     6     7     32     63   5004
   0    0    1    0    158    127     0     7     8      0     31   5005
   0    0    1    0    126     95     0     7     9     32     63   5005
   0    0    1    0     94     63     0     8    10      0     31   5006
   0    0    1    0     62     31     0     8    11     32     63   5006
   0    0    1    0     30      0     0     9    12      0     30   5007
   0    0    1    1    414    383     0    10     0      0     31   5008
   0    0    1    1    382    351     0    10     1     32     63   5008
   0    0    1    1    350    319     0    11     2      0     31   5009
   0    0    1    1    318    287     0    11     3     32     63   5009
   0    0    1    1    286    255     0    12     4      0     31   5010
   0    0    1    1    254    223     0    12     5     32     63   5010
   0    0    1    1    222    191     0    13     6      0     31   5011
   0    0    1    1    190    159     0    13     7     32     63   5011
   0    0    1    1    158    127     0    14     8      0     31   5012
   0    0    1    1    126     95     0    14     9     32     63   5012
   0    0    1    1     94     63     0    15    10      0     31   5013
   0    0    1    1     62     31     0    15    11     32     63   5013
   0    0    1    1     30      0     0     9    12     32     62   5007
   0    0    1    3    446    415     1     1     0      0     31   5014
   0    0    1    3    414    383     1     1     1     32     63   5014
   0    0    1    3    382    351     1     2     2      0     31   5015
   0    0    1    3    350    319     1     2     3     32     63   5015
   0    0    1    3    318    287     1     3     4      0     31   5016
   0    0    1    3    286    255     1     3     5     32     63   5016
   0    0    1    3    254    223     1     4     6      0     31   5017
   0    0    1    3    222    191     1     4     7     32     63   5017
   0    0    1    3    190    159     1     5     8      0     31   5018
   0    0    1    3    158    127     1     5     9     32     63   5018
   0    0    1    3    126     95     1     6    10      0     31   5019
   0    0    1    3     94     63     1     6    11     32     63   5019
   0    0    1    3     62     31     1     7    12      0     31   5020
   0    0    1    3     30      0     1     7    13     32     62   5020
   0    0    1    4    445    414     1     8     0      0     31   5021
   0    0    1    4    413    382     1     8     1     32     63   5021
   0    0    1    4    381    350     1    11     2      0     31   5022
   0    0    1    4    349    318     1    11     3     32     63   5022
   0    0    1    4    317    286     1    12     4      0     31   5023
   0    0    1    4    285    254     1    12     5     32     63   5023
   0    0    1    4    253    222     1    13     6      0     31   5024
   0    0    1    4    221    190     1    13     7     32     63   5024
   0    0    1    4    189    158     1    14     8      0     31   5025
   0    0    1    4    157    126     1    14     9     32     63   5025
   0    0    1    4    125     94     1    15    10      0     31   5026
   0    0    1    4     93     62     1    15    11     32     63   5026
   0    0    1    4     61     30     1    16    12      0     31   5027
   0    0    1    4     29      0     1    16    13     32     61   5027
   0    1    1    0    414    383     2     2     0      0     31   5028
   0    1    1    0    382    351     2     2     1     32     63   5028
   0    1    1    0    350    319     2     3     2      0     31   5029
   0    1    1    0    318    287     2     3     3     32     63   5029
   0    1    1    0    286    255     2     4     4      0     31   5030
   0    1    1    0    254    223     2     4     5     32     63   5030
   0    1    1    0    222    191     2     5     6      0     31   5031
   0    1    1    0    190    159     2     5     7     32     63   5031
   0    1    1    0    158    127     2     6     8      0     31   5032
   0    1    1    0    126     95     2     6     9     32     63   5032
   0    1    1    0     94     63     2     7    10      0     31   5033
   0    1    1    0     62     31     2     7    11     32     63   5033
   0    1    1    0     30      0     2     8    12      0     30   5034
   0    1    1    1    414    383     2     9     0      0     31   5035
   0    1    1    1    382    351     2     9     1     32     63   5035
   0    1    1    1    350    319     2    11     2      0     31   5036
   0    1    1    1    318    287     2    11     3     32     63   5036
   0    1    1    1    286    255     2    12     4      0     31   5037
   0    1    1    1    254    223     2    12     5     32     63   5037
   0    1    1    1    222    191     2    13     6      0     31   5038
   0    1    1    1    190    159     2    13     7     32     63   5038
   0    1    1    1    158    127     2    14     8      0     31   5039
   0    1    1    1    126     95     2    14     9     32     63   5039
   0    1    1    1     94     63     2    15    10      0     31   5040
   0    1    1    1     62     31     2    15    11     32     63   5040
   0    1    1    1     30      0     2     8    12     32     62   5034
   0    1    1    2    435    404     3     1     0      0     31   5041
   0    1    1    2    403    372     3     1     1     32     63   5041
   0    1    1    2    371    340     3     2     2      0     31   5042
   0    1    1    2    339    308     3     2     3     32     63   5042
   0    1    1    2    307    276     3     3     4      0     31   5043
   0    1    1    2    275    244     3     3     5     32     63   5043
   0    1    1    2    243    212     3     4     6      0     31   5044
   0    1    1    2    211    180     3     4     7     32     63   5044
   0    1    1    2    179    148     3     5     8      0     31   5045
   0    1    1    2    147    116     3     5     9     32     63   5045
   0    1    1    2    115     84     3     6    10      0     31   5046
   0    1    1    2     83     52     3     6    11     32     63   5046
   0    1    1    2     51     20     3     7    12      0     31   5047
   0    1    1    2     19      0     3     7    13     32     51   5047
   0    1    1    3    446    415     3     8     0      0     31   5048
   0    1    1    3    414    383     3     8     1     32     63   5048
   0    1    1    3    382    351     3    11     2      0     31   5049
   0    1    1    3    350    319     3    11     3     32     63   5049
   0    1    1    3    318    287     3    12     4      0     31   5050
   0    1    1    3    286    255     3    12     5     32     63   5050
   0    1    1    3    254    223     3    13     6      0     31   5051
   0    1    1    3    222    191     3    13     7     32     63   5051
   0    1    1    3    190    159     3    14     8      0     31   5052
   0    1    1    3    158    127     3    14     9     32     63   5052
   0    1    1    3    126     95     3    15    10      0     31   5053
   0    1    1    3     94     63     3    15    11     32     63   5053
   0    1    1    3     62     31     3    16    12      0     31   5054
   0    1    1    3     30      0     3    16    13     32     62   5054
   0    2    1    0    414    383     4     1     0      0     31   5055
   0    2    1    0    382    351     4     1     1     32     63   5055
   0    2    1    0    350    319     4     2     2      0     31   5056
   0    2    1    0    318    287     4     2     3     32     63   5056
   0    2    1    0    286    255     4     3     4      0     31   5057
   0    2    1    0    254    223     4     3     5     32     63   5057
   0    2    1    0    222    191     4     4     6      0     31   5058
   0    2    1    0    190    159     4     4     7     32     63   5058
   0    2    1    0    158    127     4     5     8      0     31   5059
   0    2    1    0    126     95     4     5     9     32     63   5059
   0    2    1    0     94     63     4     6    10      0     31   5060
   0    2    1    0     62     31     4     6    11     32     63   5060
   0    2    1    0     30      0     4     7    12      0     30   5061
   0    2    1    1    414    383     4     8     0      0     31   5062
   0    2    1    1    382    351     4     8     1     32     63   5062
   0    2    1    1    350    319     4    11     2      0     31   5063
   0    2    1    1    318    287     4    11     3     32     63   5063
   0    2    1    1    286    255     4    12     4      0     31   5064
   0    2    1    1    254    223     4    12     5     32     63   5064
   0    2    1    1    222    191     4    13     6      0     31   5065
   0    2    1    1    190    159     4    13     7     32     63   5065
   0    2    1    1    158    127     4    14     8      0     31   5066
   0    2    1    1    126     95     4    14     9     32     63   5066
   0    2    1    1     94     63     4    15    10      0     31   5067
   0    2    1    1     62     31     4    15    11     32     63   5067
   0    2    1    1     30      0     4     7    12     32     62   5061
   0    2    1    3    446    415     5     1     0      0     31   5068
   0    2    1    3    414    383     5     1     1     32     63   5068
   0    2    1    3    382    351     5     2     2      0     31   5069
   0    2    1    3    350    319     5     2     3     32     63   5069
   0    2    1    3    318    287     5     3     4      0     31   5070
   0    2    1    3    286    255     5     3     5     32     63   5070
   0    2    1    3    254    223     5     4     6      0     31   5071
   0    2    1    3    222    191     5     4     7     32     63   5071
   0    2    1    3    190    159     5     5     8      0     31   5072
   0    2    1    3    158    127     5     5     9     32     63   5072
   0    2    1    3    126     95     5     6    10      0     31   5073
   0    2    1    3     94     63     5     6    11     32     63   5073
   0    2    1    3     62     31     5     7    12      0     31   5074
   0    2    1    3     30      0     5     7    13     32     62   5074
   0    2    1    4    445    414     5     8     0      0     31   5075
   0    2    1    4    413    382     5     8     1     32     63   5075
   0    2    1    4    381    350     5    11     2      0     31   5076
   0    2    1    4    349    318     5    11     3     32     63   5076
   0    2    1    4    317    286     5    12     4      0     31   5077
   0    2    1    4    285    254     5    12     5     32     63   5077
   0    2    1    4    253    222     5    13     6      0     31   5078
   0    2    1    4    221    190     5    13     7     32     63   5078
   0    2    1    4    189    158     5    14     8      0     31   5079
   0    2    1    4    157    126     5    14     9     32     63   5079
   0    2    1    4    125     94     5    15    10      0     31   5080
   0    2    1    4     93     62     5    15    11     32     63   5080
   0    2    1    4     61     30     5    16    12      0     31   5081
   0    2    1    4     29      0     5    16    13     32     61   5081
   0    3    1    0    414    383     6     1     0      0     31   5082
   0    3    1    0    382    351     6     1     1     32     63   5082
   0    3    1    0    350    319     6     2     2      0     31   5083
   0    3    1    0    318    287     6     2     3     32     63   5083
   0    3    1    0    286    255     6     3     4      0     31   5084
   0    3    1    0    254    223     6     3     5     32     63   5084
   0    3    1    0    222    191     6     4     6      0     31   5085
   0    3    1    0    190    159     6     4     7     32     63   5085
   0    3    1    0    158    127     6     5     8      0     31   5086
   0    3    1    0    126     95     6     5     9     32     63   5086
   0    3    1    0     94     63     6     6    10      0     31   5087
   0    3    1    0     62     31     6     6    11     32     63   5087
   0    3    1    0     30      0     6     7    12      0     30   5088
   0    3    1    1    414    383     6     8     0      0     31   5089
   0    3    1    1    382    351     6     8     1     32     63   5089
   0    3    1    1    350    319     6    11     2      0     31   5090
   0    3    1    1    318    287     6    11     3     32     63   5090
   0    3    1    1    286    255     6    12     4      0     31   5091
   0    3    1    1    254    223     6    12     5     32     63   5091
   0    3    1    1    222    191     6    13     6      0     31   5092
   0    3    1    1    190    159     6    13     7     32     63   5092
   0    3    1    1    158    127     6    14     8      0     31   5093
   0    3    1    1    126     95     6    14     9     32     63   5093
   0    3    1    1     94     63     6    15    10      0     31   5094
   0    3    1    1     62     31     6    15    11     32     63   5094
   0    3    1    1     30      0     6     7    12     32     62   5088
   0    3    1    2    435    404     7     1     0      0     31   5095
   0    3    1    2    403    372     7     1     1     32     63   5095
   0    3    1    2    371    340     7     2     2      0     31   5096
   0    3    1    2    339    308     7     2     3     32     63   5096
   0    3    1    2    307    276     7     3     4      0     31   5097
   0    3    1    2    275    244     7     3     5     32     63   5097
   0    3    1    2    243    212     7     4     6      0     31   5098
   0    3    1    2    211    180     7     4     7     32     63   5098
   0    3    1    2    179    148     7     5     8      0     31   5099
   0    3    1    2    147    116     7     5     9     32     63   5099
   0    3    1    2    115     84     7     6    10      0     31   5100
   0    3    1    2     83     52     7     6    11     32     63   5100
   0    3    1    2     51     20     7     7    12      0     31   5101
   0    3    1    2     19      0     7     7    13     32     51   5101
   0    3    1    3    446    415     7     8     0      0     31   5102
   0    3    1    3    414    383     7     8     1     32     63   5102
   0    3    1    3    382    351     7    11     2      0     31   5103
   0    3    1    3    350    319     7    11     3     32     63   5103
   0    3    1    3    318    287     7    12     4      0     31   5104
   0    3    1    3    286    255     7    12     5     32     63   5104
   0    3    1    3    254    223     7    13     6      0     31   5105
   0    3    1    3    222    191     7    13     7     32     63   5105
   0    3    1    3    190    159     7    14     8      0     31   5106
   0    3    1    3    158    127     7    14     9     32     63   5106
   0    3    1    3    126     95     7    15    10      0     31   5107
   0    3    1    3     94     63     7    15    11     32     63   5107
   0    3    1    3     62     31     7    16    12      0     31   5108
   0    3    1    3     30      0     7    16    13     32     62   5108
   0    0    0    0      0     31     8     3     0      0     31   5109
   0    0    0    0     32     63     8     3     1     32     63   5109
   0    0    0    0     64     95     8     4     2      0     31   5110
   0    0    0    0     96    127     8     4     3     32     63   5110
   0    0    0    0    128    159     8     5     4      0     31   5111
   0    0    0    0    160    191     8     5     5     32     63   5111
   0    0    0    0    192    223     8     6     6      0     31   5112
   0    0    0    0    224    255     8     6     7     32     63   5112
   0    0    0    0    256    287     8     7     8      0     31   5113
   0    0    0    0    288    319     8     7     9     32     63   5113
   0    0    0    0    320    351     8     8    10      0     31   5114
   0    0    0    0    352    383     8     8    11     32     63   5114
   0    0    0    0    384    414     8     9    12      0     30   5115
   0    0    0    1      0     31     8    10     0      0     31   5116
   0    0    0    1     32     63     8    10     1     32     63   5116
   0    0    0    1     64     95     8    11     2      0     31   5117
   0    0    0    1     96    127     8    11     3     32     63   5117
   0    0    0    1    128    159     8    12     4      0     31   5118
   0    0    0    1    160    191     8    12     5     32     63   5118
   0    0    0    1    192    223     8    13     6      0     31   5119
   0    0    0    1    224    255     8    13     7     32     63   5119
   0    0    0    1    256    287     8    14     8      0     31   5120
   0    0    0    1    288    319     8    14     9     32     63   5120
   0    0    0    1    320    351     8    15    10      0     31   5121
   0    0    0    1    352    383     8    15    11     32     63   5121
   0    0    0    1    384    414     8     9    12     32     62   5115
   0    0    0    2      0     31     9     1     0      0     31   5122
   0    0    0    2     32     63     9     1     1     32     63   5122
   0    0    0    2     64     95     9     2     2      0     31   5123
   0    0    0    2     96    127     9     2     3     32     63   5123
   0    0    0    2    128    159     9     3     4      0     31   5124
   0    0    0    2    160    191     9     3     5     32     63   5124
   0    0    0    2    192    223     9     4     6      0     31   5125
   0    0    0    2    224    255     9     4     7     32     63   5125
   0    0    0    2    256    287     9     5     8      0     31   5126
   0    0    0    2    288    319     9     5     9     32     63   5126
   0    0    0    2    320    351     9     6    10      0     31   5127
   0    0    0    2    352    383     9     6    11     32     63   5127
   0    0    0    2    384    415     9     7    12      0     31   5128
   0    0    0    2    416    435     9     7    13     32     51   5128
   0    0    0    3      0     31     9     8     0      0     31   5129
   0    0    0    3     32     63     9     8     1     32     63   5129
   0    0    0    3     64     95     9    11     2      0     31   5130
   0    0    0    3     96    127     9    11     3     32     63   5130
   0    0    0    3    128    159     9    12     4      0     31   5131
   0    0    0    3    160    191     9    12     5     32     63   5131
   0    0    0    3    192    223     9    15     6      0     31   5132
   0    0    0    3    224    255     9    15     7     32     63   5132
   0    0    0    3    256    287     9    16     8      0     31   5133
   0    0    0    3    288    319     9    16     9     32     63   5133
   0    0    0    3    320    351     9    17    10      0     31   5134
   0    0    0    3    352    383     9    17    11     32     63   5134
   0    0    0    3    384    415     9    18    12      0     31   5135
   0    0    0    3    416    446     9    18    13     32     62   5135
   0    1    0    0      0     31    10     1     0      0     31   5136
   0    1    0    0     32     63    10     1     1     32     63   5136
   0    1    0    0     64     95    10     2     2      0     31   5137
   0    1    0    0     96    127    10     2     3     32     63   5137
   0    1    0    0    128    159    10     3     4      0     31   5138
   0    1    0    0    160    191    10     3     5     32     63   5138
   0    1    0    0    192    223    10     4     6      0     31   5139
   0    1    0    0    224    255    10     4     7     32     63   5139
   0    1    0    0    256    287    10     5     8      0     31   5140
   0    1    0    0    288    319    10     5     9     32     63   5140
   0    1    0    0    320    351    10     6    10      0     31   5141
   0    1    0    0    352    383    10     6    11     32     63   5141
   0    1    0    0    384    414    10     7    12      0     30   5142
   0    1    0    1      0     31    10     8     0      0     31   5143
   0    1    0    1     32     63    10     8     1     32     63   5143
   0    1    0    1     64     95    10    11     2      0     31   5144
   0    1    0    1     96    127    10    11     3     32     63   5144
   0    1    0    1    128    159    10    12     4      0     31   5145
   0    1    0    1    160    191    10    12     5     32     63   5145
   0    1    0    1    192    223    10    13     6      0     31   5146
   0    1    0    1    224    255    10    13     7     32     63   5146
   0    1    0    1    256    287    10    14     8      0     31   5147
   0    1    0    1    288    319    10    14     9     32     63   5147
   0    1    0    1    320    351    10    15    10      0     31   5148
   0    1    0    1    352    383    10    15    11     32     63   5148
   0    1    0    1    384    414    10     7    12     32     62   5142
   0    1    0    2      0     31    11     1     0      0     31   5149
   0    1    0    2     32     63    11     1     1     32     63   5149
   0    1    0    2     64     95    11     2     2      0     31   5150
   0    1    0    2     96    127    11     2     3     32     63   5150
   0    1    0    2    128    159    11     3     4      0     31   5151
   0    1    0    2    160    191    11     3     5     32     63   5151
   0    1    0    2    192    223    11     4     6      0     31   5152
   0    1    0    2    224    255    11     4     7     32     63   5152
   0    1    0    2    256    287    11     5     8      0     31   5153
   0    1    0    2    288    319    11     5     9     32     63   5153
   0    1    0    2    320    351    11     6    10      0     31   5154
   0    1    0    2    352    383    11     6    11     32     63   5154
   0    1    0    2    384    415    11     7    12      0     31   5155
   0    1    0    2    416    435    11     7    13     32     51   5155
   0    1    0    3      0     31    11     8     0      0     31   5156
   0    1    0    3     32     63    11     8     1     32     63   5156
   0    1    0    3     64     95    11    11     2      0     31   5157
   0    1    0    3     96    127    11    11     3     32     63   5157
   0    1    0    3    128    159    11    12     4      0     31   5158
   0    1    0    3    160    191    11    12     5     32     63   5158
   0    1    0    3    192    223    11    13     6      0     31   5159
   0    1    0    3    224    255    11    13     7     32     63   5159
   0    1    0    3    256    287    11    14     8      0     31   5160
   0    1    0    3    288    319    11    14     9     32     63   5160
   0    1    0    3    320    351    11    15    10      0     31   5161
   0    1    0    3    352    383    11    15    11     32     63   5161
   0    1    0    3    384    415    11    16    12      0     31   5162
   0    1    0    3    416    446    11    16    13     32     62   5162
   0    2    0    0      0     31    12     1     0      0     31   5163
   0    2    0    0     32     63    12     1     1     32     63   5163
   0    2    0    0     64     95    12     2     2      0     31   5164
   0    2    0    0     96    127    12     2     3     32     63   5164
   0    2    0    0    128    159    12     3     4      0     31   5165
   0    2    0    0    160    191    12     3     5     32     63   5165
   0    2    0    0    192    223    12     4     6      0     31   5166
   0    2    0    0    224    255    12     4     7     32     63   5166
   0    2    0    0    256    287    12     5     8      0     31   5167
   0    2    0    0    288    319    12     5     9     32     63   5167
   0    2    0    0    320    351    12     6    10      0     31   5168
   0    2    0    0    352    383    12     6    11     32     63   5168
   0    2    0    0    384    414    12     7    12      0     30   5169
   0    2    0    1      0     31    12     8     0      0     31   5170
   0    2    0    1     32     63    12     8     1     32     63   5170
   0    2    0    1     64     95    12    11     2      0     31   5171
   0    2    0    1     96    127    12    11     3     32     63   5171
   0    2    0    1    128    159    12    12     4      0     31   5172
   0    2    0    1    160    191    12    12     5     32     63   5172
   0    2    0    1    192    223    12    13     6      0     31   5173
   0    2    0    1    224    255    12    13     7     32     63   5173
   0    2    0    1    256    287    12    14     8      0     31   5174
   0    2    0    1    288    319    12    14     9     32     63   5174
   0    2    0    1    320    351    12    15    10      0     31   5175
   0    2    0    1    352    383    12    15    11     32     63   5175
   0    2    0    1    384    414    12     7    12     32     62   5169
   0    2    0    2      0     31    13     1     0      0     31   5176
   0    2    0    2     32     63    13     1     1     32     63   5176
   0    2    0    2     64     95    13     2     2      0     31   5177
   0    2    0    2     96    127    13     2     3     32     63   5177
   0    2    0    2    128    159    13     3     4      0     31   5178
   0    2    0    2    160    191    13     3     5     32     63   5178
   0    2    0    2    192    223    13     4     6      0     31   5179
   0    2    0    2    224    255    13     4     7     32     63   5179
   0    2    0    2    256    287    13     5     8      0     31   5180
   0    2    0    2    288    319    13     5     9     32     63   5180
   0    2    0    2    320    351    13     6    10      0     31   5181
   0    2    0    2    352    383    13     6    11     32     63   5181
   0    2    0    2    384    415    13     7    12      0     31   5182
   0    2    0    2    416    435    13     7    13     32     51   5182
   0    2    0    3      0     31    13     8     0      0     31   5183
   0    2    0    3     32     63    13     8     1     32     63   5183
   0    2    0    3     64     95    13    11     2      0     31   5184
   0    2    0    3     96    127    13    11     3     32     63   5184
   0    2    0    3    128    159    13    12     4      0     31   5185
   0    2    0    3    160    191    13    12     5     32     63   5185
   0    2    0    3    192    223    13    13     6      0     31   5186
   0    2    0    3    224    255    13    13     7     32     63   5186
   0    2    0    3    256    287    13    14     8      0     31   5187
   0    2    0    3    288    319    13    14     9     32     63   5187
   0    2    0    3    320    351    13    15    10      0     31   5188
   0    2    0    3    352    383    13    15    11     32     63   5188
   0    2    0    3    384    415    13    16    12      0     31   5189
   0    2    0    3    416    446    13    16    13     32     62   5189
   0    3    0    0      0     31    14     1     0      0     31   5190
   0    3    0    0     32     63    14     1     1     32     63   5190
   0    3    0    0     64     95    14     2     2      0     31   5191
   0    3    0    0     96    127    14     2     3     32     63   5191
   0    3    0    0    128    159    14     3     4      0     31   5192
   0    3    0    0    160    191    14     3     5     32     63   5192
   0    3    0    0    192    223    14     4     6      0     31   5193
   0    3    0    0    224    255    14     4     7     32     63   5193
   0    3    0    0    255    287    14     5     8      0     31   5194
   0    3    0    0    288    319    14     5     9     32     63   5194
   0    3    0    0    320    351    14     6    10      0     31   5195
   0    3    0    0    352    383    14     6    11     32     63   5195
   0    3    0    0    384    414    14     7    12      0     30   5196
   0    3    0    1      0     31    14     8     0      0     31   5197
   0    3    0    1     32     63    14     8     1     32     63   5197
   0    3    0    1     64     95    14    11     2      0     31   5198
   0    3    0    1     96    127    14    11     3     32     63   5198
   0    3    0    1    128    159    14    12     4      0     31   5199
   0    3    0    1    160    191    14    12     5     32     63   5199
   0    3    0    1    192    223    14    13     6      0     31   5200
   0    3    0    1    224    255    14    13     7     32     63   5200
   0    3    0    1    256    287    14    14     8      0     31   5201
   0    3    0    1    288    319    14    14     9     32     63   5201
   0    3    0    1    320    351    14    15    10      0     31   5202
   0    3    0    1    352    383    14    15    11     32     63   5202
   0    3    0    1    384    414    14     7    12     32     62   5196
   0    3    0    2      0     31    15     1     0      0     31   5203
   0    3    0    2     32     63    15     1     1     32     63   5203
   0    3    0    2     64     95    15     2     2      0     31   5204
   0    3    0    2     96    127    15     2     3     32     63   5204
   0    3    0    2    128    159    15     3     4      0     31   5205
   0    3    0    2    160    191    15     3     5     32     63   5205
   0    3    0    2    192    223    15     4     6      0     31   5206
   0    3    0    2    224    255    15     4     7     32     63   5206
   0    3    0    2    256    287    15     5     8      0     31   5207
   0    3    0    2    288    319    15     5     9     32     63   5207
   0    3    0    2    320    351    15     6    10      0     31   5208
   0    3    0    2    352    383    15     6    11     32     63   5208
   0    3    0    2    384    415    15     7    12      0     31   5209
   0    3    0    2    416    435    15     7    13     32     51   5209
   0    3    0    3      0     31    15     8     0      0     31   5210
   0    3    0    3     32     63    15     8     1     32     63   5210
   0    3    0    3     64     95    15    11     2      0     31   5211
   0    3    0    3     96    127    15    11     3     32     63   5211
   0    3    0    3    128    159    15    12     4      0     31   5212
   0    3    0    3    160    191    15    12     5     32     63   5212
   0    3    0    3    192    223    15    13     6      0     31   5213
   0    3    0    3    224    255    15    13     7     32     63   5213
   0    3    0    3    256    287    15    14     8      0     31   5214
   0    3    0    3    288    319    15    14     9     32     63   5214
   0    3    0    3    320    351    15    15    10      0     31   5215
   0    3    0    3    352    383    15    15    11     32     63   5215
   0    3    0    3    384    415    15    16    12      0     31   5216
   0    3    0    3    416    446    15    16    13     32     62   5216
