   0    1    1    5      0    460     0     0     0      0     63   5000
   0    1    1    0    414    383     2     2     0      0     31   5001
   0    1    1    0    382    351     2     2     1     32     63   5001
   0    1    1    0    350    319     2     3     2      0     31   5002
   0    1    1    0    318    287     2     3     3     32     63   5002
   0    1    1    0    286    255     2     4     4      0     31   5003
   0    1    1    0    254    223     2     4     5     32     63   5003
   0    1    1    0    223    191     2     5     6      0     31   5004
   0    1    1    0    190    159     2     5     7     32     63   5004
   0    1    1    0    158    127     2     6     8      0     31   5005
   0    1    1    0    126     95     2     6     9     32     63   5005
   0    1    1    0     94     63     2     7    10      0     31   5006
   0    1    1    0     62     31     2     7    11     32     63   5006
   0    1    1    0     30      0     2     8    12      0     30   5007
   0    1    1    1    414    383     2     9     0      0     31   5008
   0    1    1    1    382    351     2     9     1     32     63   5008
   0    1    1    1    350    319     2    11     2      0     31   5009
   0    1    1    1    318    287     2    11     3     32     63   5009
   0    1    1    1    286    255     2    12     4      0     31   5010
   0    1    1    1    254    223     2    12     5     32     63   5010
   0    1    1    1    222    191     2    13     6      0     31   5011
   0    1    1    1    190    159     2    13     7     32     63   5011
   0    1    1    1    158    127     2    14     8      0     31   5012
   0    1    1    1    126     95     2    14     9     32     63   5012
   0    1    1    1     94     63     2    15    10      0     31   5013
   0    1    1    1     62     31     2    15    11     32     63   5013
   0    1    1    1     30      0     2     8    12      0     30   5007
   0    1    1    2    435    404     3     1     0      0     31   5015
   0    1    1    2    403    372     3     1     1     32     63   5015
   0    1    1    2    371    340     3     2     2      0     31   5016
   0    1    1    2    339    308     3     2     3     32     63   5016
   0    1    1    2    307    276     3     3     4      0     31   5017
   0    1    1    2    275    244     3     3     5     32     63   5017
   0    1    1    2    243    212     3     4     6      0     31   5018
   0    1    1    2    211    180     3     4     7     32     63   5018
   0    1    1    2    179    148     3     5     8      0     31   5019
   0    1    1    2    147    116     3     5     9     32     63   5019
   0    1    1    2    115     84     3     6    10      0     31   5020
   0    1    1    2     83     52     3     6    11     32     63   5020
   0    1    1    2     51     20     3     7    12      0     31   5021
   0    1    1    2     19      0     3     7    13     32     51   5021
   0    1    1    3    446    415     3     8     0      0     31   5022
   0    1    1    3    414    383     3     8     1     32     63   5022
   0    1    1    3    382    351     3    11     2      0     31   5023
   0    1    1    3    350    319     3    11     3     32     63   5023
   0    1    1    3    318    287     3    12     4      0     31   5024
   0    1    1    3    286    255     3    12     5     32     63   5024
   0    1    1    3    254    223     3    13     6      0     31   5025
   0    1    1    3    222    191     3    13     7     32     63   5025
   0    1    1    3    190    159     3    14     8      0     31   5026
   0    1    1    3    158    127     3    14     9     32     63   5026
   0    1    1    3    126     95     3    15    10      0     31   5027
   0    1    1    3     94     63     3    15    11     32     63   5027
   0    1    1    3     62     31     3    16    12      0     31   5028
   0    1    1    3     30      0     3    16    13     32     62   5028
   0    2    1    0    414    383     4     1     0      0     31   5029
   0    2    1    0    382    351     4     1     1     32     63   5029
   0    2    1    0    350    319     4     2     2      0     31   5030
   0    2    1    0    318    287     4     2     3     32     63   5030
   0    2    1    0    286    255     4     3     4      0     31   5031
   0    2    1    0    254    223     4     3     5     32     63   5031
   0    2    1    0    222    191     4     4     6      0     31   5032
   0    2    1    0    190    159     4     4     7     32     63   5032
   0    2    1    0    158    127     4     5     8      0     31   5033
   0    2    1    0    126     95     4     5     9     32     63   5033
   0    2    1    0     94     63     4     6    10      0     31   5034
   0    2    1    0     62     31     4     6    11     32     63   5034
   0    2    1    0     30      0     4     7    12      0     30   5035
   0    2    1    1    414    383     4     8     0      0     31   5036
   0    2    1    1    382    351     4     8     1     32     63   5036
   0    2    1    1    350    319     4    11     2      0     31   5037
   0    2    1    1    318    287     4    11     3     32     63   5037
   0    2    1    1    286    255     4    12     4      0     31   5038
   0    2    1    1    254    223     4    12     5     32     63   5038
   0    2    1    1    222    191     4    13     6      0     31   5039
   0    2    1    1    190    159     4    13     7     32     63   5039
   0    2    1    1    158    127     4    14     8      0     31   5040
   0    2    1    1    126     95     4    14     9     32     63   5040
   0    2    1    1     94     63     4    15    10      0     31   5041
   0    2    1    1     62     31     4    15    11     32     63   5041
   0    2    1    1     30      0     4     7    12      0     30   5035
   0    2    1    2    435    404     5     1     0      0     31   5043
   0    2    1    2    403    372     5     1     1     32     63   5043
   0    2    1    2    371    340     5     2     2      0     31   5044
   0    2    1    2    339    308     5     2     3     32     63   5044
   0    2    1    2    307    276     5     3     4      0     31   5045
   0    2    1    2    275    244     5     3     5     32     63   5045
   0    2    1    2    243    212     5     4     6      0     31   5046
   0    2    1    2    211    180     5     4     7     32     63   5046
   0    2    1    2    179    148     5     5     8      0     31   5047
   0    2    1    2    147    116     5     5     9     32     63   5047
   0    2    1    2    115     84     5     6    10      0     31   5048
   0    2    1    2     83     52     5     6    11     32     63   5048
   0    2    1    2     51     20     5     7    12      0     31   5049
   0    2    1    2     19      0     5     7    13     32     51   5049
   0    2    1    3    446    415     5     8     0      0     31   5050
   0    2    1    3    414    383     5     8     1     32     63   5050
   0    2    1    3    382    351     5    11     2      0     31   5051
   0    2    1    3    350    319     5    11     3     32     63   5051
   0    2    1    3    318    287     5    12     4      0     31   5052
   0    2    1    3    286    255     5    12     5     32     63   5052
   0    2    1    3    254    223     5    13     6      0     31   5053
   0    2    1    3    222    191     5    13     7     32     63   5053
   0    2    1    3    190    159     5    14     8      0     31   5054
   0    2    1    3    158    127     5    14     9     32     63   5054
   0    2    1    3    126     95     5    15    10      0     31   5055
   0    2    1    3     94     63     5    15    11     32     63   5055
   0    2    1    3     62     31     5    16    12      0     31   5056
   0    2    1    3     30      0     5    16    13     32     62   5056
   0    1    0    0      0     31    10     1     0      0     31   5057
   0    1    0    0     32     63    10     1     1     32     63   5057
   0    1    0    0     64     95    10     2     2      0     31   5058
   0    1    0    0     96    127    10     2     3     32     63   5058
   0    1    0    0    128    159    10     3     4      0     31   5059
   0    1    0    0    160    191    10     3     5     32     63   5059
   0    1    0    0    192    223    10     4     6      0     31   5060
   0    1    0    0    224    255    10     4     7     32     63   5060
   0    1    0    0    256    287    10     5     8      0     31   5061
   0    1    0    0    288    319    10     5     9     32     63   5061
   0    1    0    0    320    351    10     6    10      0     31   5062
   0    1    0    0    352    383    10     6    11     32     63   5062
   0    1    0    0    384    414    10     7    12      0     30   5063
   0    1    0    1      0     31    10     8     0      0     31   5064
   0    1    0    1     32     63    10     8     1     32     63   5064
   0    1    0    1     64     95    10    11     2      0     31   5065
   0    1    0    1     96    127    10    11     3     32     63   5065
   0    1    0    1    128    159    10    12     4      0     31   5066
   0    1    0    1    160    191    10    12     5     32     63   5066
   0    1    0    1    192    223    10    13     6      0     31   5067
   0    1    0    1    224    255    10    13     7     32     63   5067
   0    1    0    1    256    287    10    14     8      0     31   5068
   0    1    0    1    288    319    10    14     9     32     63   5068
   0    1    0    1    320    351    10    15    10      0     31   5069
   0    1    0    1    352    383    10    15    11     32     63   5069
   0    1    0    1    384    414    10     7    12      0     30   5063
   0    1    0    2      0     31    11     1     0      0     31   5071
   0    1    0    2     32     63    11     1     1     32     63   5071
   0    1    0    2     64     95    11     2     2      0     31   5072
   0    1    0    2     96    127    11     2     3     32     63   5072
   0    1    0    2    128    159    11     3     4      0     31   5073
   0    1    0    2    160    191    11     3     5     32     63   5073
   0    1    0    2    192    223    11     4     6      0     31   5074
   0    1    0    2    224    255    11     4     7     32     63   5074
   0    1    0    2    256    287    11     5     8      0     31   5075
   0    1    0    2    288    319    11     5     9     32     63   5075
   0    1    0    2    320    351    11     6    10      0     31   5076
   0    1    0    2    352    383    11     6    11     32     63   5076
   0    1    0    2    384    415    11     7    12      0     31   5077
   0    1    0    2    416    435    11     7    13     32     51   5077
   0    1    0    3      0     31    11     8     0      0     31   5078
   0    1    0    3     32     63    11     8     1     32     63   5078
   0    1    0    3     64     95    11    11     2      0     31   5079
   0    1    0    3     96    127    11    11     3     32     63   5079
   0    1    0    3    128    159    11    12     4      0     31   5080
   0    1    0    3    160    191    11    12     5     32     63   5080
   0    1    0    3    192    223    11    13     6      0     31   5081
   0    1    0    3    224    255    11    13     7     32     63   5081
   0    1    0    3    256    287    11    14     8      0     31   5082
   0    1    0    3    288    319    11    14     9     32     63   5082
   0    1    0    3    320    351    11    15    10      0     31   5083
   0    1    0    3    352    383    11    15    11     32     63   5083
   0    1    0    3    384    415    11    16    12      0     31   5084
   0    1    0    3    416    446    11    16    13     32     62   5084
   0    2    0    0      0     31    12     1     0      0     31   5085
   0    2    0    0     32     63    12     1     1     32     63   5085
   0    2    0    0     64     95    12     2     2      0     31   5086
   0    2    0    0     96    127    12     2     3     32     63   5086
   0    2    0    0    128    159    12     3     4      0     31   5087
   0    2    0    0    160    191    12     3     5     32     63   5087
   0    2    0    0    192    223    12     4     6      0     31   5088
   0    2    0    0    224    255    12     4     7     32     63   5088
   0    2    0    0    256    287    12     5     8      0     31   5089
   0    2    0    0    288    319    12     5     9     32     63   5089
   0    2    0    0    320    351    12     6    10      0     31   5090
   0    2    0    0    352    383    12     6    11     32     63   5090
   0    2    0    0    384    414    12     7    12      0     30   5091
   0    2    0    1      0     31    12     8     0      0     31   5092
   0    2    0    1     32     63    12     8     1     32     63   5092
   0    2    0    1     64     95    12    11     2      0     31   5093
   0    2    0    1     96    127    12    11     3     32     63   5093
   0    2    0    1    128    159    12    12     4      0     31   5094
   0    2    0    1    160    191    12    12     5     32     63   5094
   0    2    0    1    192    223    12    13     6      0     31   5095
   0    2    0    1    224    255    12    13     7     32     63   5095
   0    2    0    1    256    287    12    14     8      0     31   5096
   0    2    0    1    288    319    12    14     9     32     63   5096
   0    2    0    1    320    351    12    15    10      0     31   5097
   0    2    0    1    352    383    12    15    11     32     63   5097
   0    2    0    1    384    414    12     7    12      0     30   5091
   0    2    0    2      0     31    13     1     0      0     31   5099
   0    2    0    2     32     63    13     1     1     32     63   5099
   0    2    0    2     64     95    13     2     2      0     31   5100
   0    2    0    2     96    127    13     2     3     32     63   5100
   0    2    0    2    128    159    13     3     4      0     31   5101
   0    2    0    2    160    191    13     3     5     32     63   5101
   0    2    0    2    192    223    13     4     6      0     31   5102
   0    2    0    2    224    255    13     4     7     32     63   5102
   0    2    0    2    256    287    13     5     8      0     31   5103
   0    2    0    2    288    319    13     5     9     32     63   5103
   0    2    0    2    320    351    13     6    10      0     31   5104
   0    2    0    2    352    383    13     6    11     32     63   5104
   0    2    0    2    384    415    13     7    12      0     31   5105
   0    2    0    2    416    435    13     7    13     32     51   5105
   0    2    0    3      0     31    13     8     0      0     31   5106
   0    2    0    3     32     63    13     8     1     32     63   5106
   0    2    0    3     64     95    13    11     2      0     31   5107
   0    2    0    3     96    127    13    11     3     32     63   5107
   0    2    0    3    128    159    13    12     4      0     31   5108
   0    2    0    3    160    191    13    12     5     32     63   5108
   0    2    0    3    192    223    13    13     6      0     31   5109
   0    2    0    3    224    255    13    13     7     32     63   5109
   0    2    0    3    256    287    13    14     8      0     31   5110
   0    2    0    3    288    319    13    14     9     32     63   5110
   0    2    0    3    320    351    13    15    10      0     31   5111
   0    2    0    3    352    383    13    15    11     32     63   5111
   0    2    0    3    384    415    13    16    12      0     31   5112
   0    2    0    3    416    446    13    16    13     32     62   5112

