0 2 0 0 0 0          0.052         -2.145   0.000000e+00   0.000000e+00   0.000000e+00   0.000000e+00   0.000000e+00
0 2 0 0 0 1          0.052         -2.145   0.000000e+00   0.000000e+00   0.000000e+00   0.000000e+00   0.000000e+00
0 2 0 0 0 2          0.052         -2.145   0.000000e+00   0.000000e+00   0.000000e+00   0.000000e+00   0.000000e+00
0 2 0 0 1 0          0.052         -1.045   0.000000e+00   0.000000e+00   0.000000e+00   0.000000e+00   0.000000e+00
0 2 0 0 1 1          0.052         -1.045   0.000000e+00   0.000000e+00   0.000000e+00   0.000000e+00   0.000000e+00
0 2 0 0 1 2          0.052         -1.045   0.000000e+00   0.000000e+00   0.000000e+00   0.000000e+00   0.000000e+00
0 2 0 1 0 0          0.038         -0.131   0.000000e+00   0.000000e+00   0.000000e+00   0.000000e+00   0.000000e+00
0 2 0 1 0 1          0.038         -0.131   0.000000e+00   0.000000e+00   0.000000e+00   0.000000e+00   0.000000e+00
0 2 0 1 0 2          0.038         -0.131   0.000000e+00   0.000000e+00   0.000000e+00   0.000000e+00   0.000000e+00
0 2 0 1 1 0          0.038          0.029   0.000000e+00   0.000000e+00   0.000000e+00   0.000000e+00   0.000000e+00
0 2 0 1 1 1          0.038          0.029   0.000000e+00   0.000000e+00   0.000000e+00   0.000000e+00   0.000000e+00
0 2 0 1 1 2          0.038          0.029   0.000000e+00   0.000000e+00   0.000000e+00   0.000000e+00   0.000000e+00
0 2 1 0 0 0         -0.128         -0.494   0.000000e+00   0.000000e+00   0.000000e+00   0.000000e+00   0.000000e+00
0 2 1 0 0 1         -0.128         -0.494   0.000000e+00   0.000000e+00   0.000000e+00   0.000000e+00   0.000000e+00
0 2 1 0 0 2         -0.128         -0.494   0.000000e+00   0.000000e+00   0.000000e+00   0.000000e+00   0.000000e+00
0 2 1 0 1 0         -0.128         -1.554   0.000000e+00   0.000000e+00   0.000000e+00   0.000000e+00   0.000000e+00
0 2 1 0 1 1         -0.128         -1.554   0.000000e+00   0.000000e+00   0.000000e+00   0.000000e+00   0.000000e+00
0 2 1 0 1 2         -0.128         -1.554   0.000000e+00   0.000000e+00   0.000000e+00   0.000000e+00   0.000000e+00
0 2 1 1 0 0         -0.094         -0.803   0.000000e+00   0.000000e+00   0.000000e+00   0.000000e+00   0.000000e+00
0 2 1 1 0 1         -0.094         -0.803   0.000000e+00   0.000000e+00   0.000000e+00   0.000000e+00   0.000000e+00
0 2 1 1 0 2         -0.094         -0.803   0.000000e+00   0.000000e+00   0.000000e+00   0.000000e+00   0.000000e+00
0 2 1 1 1 0         -0.094         -0.153   0.000000e+00   0.000000e+00   0.000000e+00   0.000000e+00   0.000000e+00
0 2 1 1 1 1         -0.094         -0.153   0.000000e+00   0.000000e+00   0.000000e+00   0.000000e+00   0.000000e+00
0 2 1 1 1 2         -0.094         -0.153   0.000000e+00   0.000000e+00   0.000000e+00   0.000000e+00   0.000000e+00
0 2 2 0 0 0         -0.397          0.771   0.000000e+00   0.000000e+00   0.000000e+00   0.000000e+00   0.000000e+00
0 2 2 0 0 1         -0.397          0.771   0.000000e+00   0.000000e+00   0.000000e+00   0.000000e+00   0.000000e+00
0 2 2 0 0 2         -0.397          0.771   0.000000e+00   0.000000e+00   0.000000e+00   0.000000e+00   0.000000e+00
0 2 2 0 1 0         -0.397          0.041   0.000000e+00   0.000000e+00   0.000000e+00   0.000000e+00   0.000000e+00
0 2 2 0 1 1         -0.397          0.041   0.000000e+00   0.000000e+00   0.000000e+00   0.000000e+00   0.000000e+00
0 2 2 0 1 2         -0.397          0.041   0.000000e+00   0.000000e+00   0.000000e+00   0.000000e+00   0.000000e+00
0 2 2 1 0 0         -0.102         -0.326   0.000000e+00   0.000000e+00   0.000000e+00   0.000000e+00   0.000000e+00
0 2 2 1 0 1         -0.102         -0.326   0.000000e+00   0.000000e+00   0.000000e+00   0.000000e+00   0.000000e+00
0 2 2 1 0 2         -0.102         -0.326   0.000000e+00   0.000000e+00   0.000000e+00   0.000000e+00   0.000000e+00
0 2 2 1 1 0         -0.102          0.114   0.000000e+00   0.000000e+00   0.000000e+00   0.000000e+00   0.000000e+00
0 2 2 1 1 1         -0.102          0.114   0.000000e+00   0.000000e+00   0.000000e+00   0.000000e+00   0.000000e+00
0 2 2 1 1 2         -0.102          0.114   0.000000e+00   0.000000e+00   0.000000e+00   0.000000e+00   0.000000e+00
0 2 3 0 0 0         -0.462         -0.215   0.000000e+00   0.000000e+00   0.000000e+00   0.000000e+00   0.000000e+00
0 2 3 0 0 1         -0.462         -0.215   0.000000e+00   0.000000e+00   0.000000e+00   0.000000e+00   0.000000e+00
0 2 3 0 0 2         -0.462         -0.215   0.000000e+00   0.000000e+00   0.000000e+00   0.000000e+00   0.000000e+00
0 2 3 0 1 0         -0.462         -0.215   0.000000e+00   0.000000e+00   0.000000e+00   0.000000e+00   0.000000e+00
0 2 3 0 1 1         -0.462         -0.215   0.000000e+00   0.000000e+00   0.000000e+00   0.000000e+00   0.000000e+00
0 2 3 0 1 2         -0.462         -0.215   0.000000e+00   0.000000e+00   0.000000e+00   0.000000e+00   0.000000e+00
0 2 3 1 0 0         -0.132         -0.048   0.000000e+00   0.000000e+00   0.000000e+00   0.000000e+00   0.000000e+00
0 2 3 1 0 1         -0.132         -0.048   0.000000e+00   0.000000e+00   0.000000e+00   0.000000e+00   0.000000e+00
0 2 3 1 0 2         -0.132         -0.048   0.000000e+00   0.000000e+00   0.000000e+00   0.000000e+00   0.000000e+00
0 2 3 1 1 0         -0.132         -0.028   0.000000e+00   0.000000e+00   0.000000e+00   0.000000e+00   0.000000e+00
0 2 3 1 1 1         -0.132         -0.028   0.000000e+00   0.000000e+00   0.000000e+00   0.000000e+00   0.000000e+00
0 2 3 1 1 2         -0.132         -0.028   0.000000e+00   0.000000e+00   0.000000e+00   0.000000e+00   0.000000e+00
0 2 4 0 0 0         -0.217          2.245   0.000000e+00   0.000000e+00   0.000000e+00   0.000000e+00   0.000000e+00
0 2 4 0 0 1         -0.217          2.245   0.000000e+00   0.000000e+00   0.000000e+00   0.000000e+00   0.000000e+00
0 2 4 0 0 2         -0.217          2.245   0.000000e+00   0.000000e+00   0.000000e+00   0.000000e+00   0.000000e+00
0 2 4 0 1 0         -0.217          2.845   0.000000e+00   0.000000e+00   0.000000e+00   0.000000e+00   0.000000e+00
0 2 4 0 1 1         -0.217          2.845   0.000000e+00   0.000000e+00   0.000000e+00   0.000000e+00   0.000000e+00
0 2 4 0 1 2         -0.217          2.845   0.000000e+00   0.000000e+00   0.000000e+00   0.000000e+00   0.000000e+00
0 2 4 1 0 0          0.068         -0.524   0.000000e+00   0.000000e+00   0.000000e+00   0.000000e+00   0.000000e+00
0 2 4 1 0 1          0.068         -0.524   0.000000e+00   0.000000e+00   0.000000e+00   0.000000e+00   0.000000e+00
0 2 4 1 0 2          0.068         -0.524   0.000000e+00   0.000000e+00   0.000000e+00   0.000000e+00   0.000000e+00
0 2 4 1 1 0          0.068         -0.434   0.000000e+00   0.000000e+00   0.000000e+00   0.000000e+00   0.000000e+00
0 2 4 1 1 1          0.068         -0.434   0.000000e+00   0.000000e+00   0.000000e+00   0.000000e+00   0.000000e+00
0 2 4 1 1 2          0.068         -0.434   0.000000e+00   0.000000e+00   0.000000e+00   0.000000e+00   0.000000e+00
0 2 5 0 0 0          0.102          0.338   0.000000e+00   0.000000e+00   0.000000e+00   0.000000e+00   0.000000e+00
0 2 5 0 0 1          0.102          0.338   0.000000e+00   0.000000e+00   0.000000e+00   0.000000e+00   0.000000e+00
0 2 5 0 0 2          0.102          0.338   0.000000e+00   0.000000e+00   0.000000e+00   0.000000e+00   0.000000e+00
0 2 5 0 1 0          0.102         -0.272   0.000000e+00   0.000000e+00   0.000000e+00   0.000000e+00   0.000000e+00
0 2 5 0 1 1          0.102         -0.272   0.000000e+00   0.000000e+00   0.000000e+00   0.000000e+00   0.000000e+00
0 2 5 0 1 2          0.102         -0.272   0.000000e+00   0.000000e+00   0.000000e+00   0.000000e+00   0.000000e+00
0 2 5 1 0 0          0.325          0.318   0.000000e+00   0.000000e+00   0.000000e+00   0.000000e+00   0.000000e+00
0 2 5 1 0 1          0.325          0.318   0.000000e+00   0.000000e+00   0.000000e+00   0.000000e+00   0.000000e+00
0 2 5 1 0 2          0.325          0.318   0.000000e+00   0.000000e+00   0.000000e+00   0.000000e+00   0.000000e+00
0 2 5 1 1 0          0.325          0.318   0.000000e+00   0.000000e+00   0.000000e+00   0.000000e+00   0.000000e+00
0 2 5 1 1 1          0.325          0.318   0.000000e+00   0.000000e+00   0.000000e+00   0.000000e+00   0.000000e+00
0 2 5 1 1 2          0.325          0.318   0.000000e+00   0.000000e+00   0.000000e+00   0.000000e+00   0.000000e+00
0 2 6 0 0 0          0.069         -0.152   0.000000e+00   0.000000e+00   0.000000e+00   0.000000e+00   0.000000e+00
0 2 6 0 0 1          0.069         -0.152   0.000000e+00   0.000000e+00   0.000000e+00   0.000000e+00   0.000000e+00
0 2 6 0 0 2          0.069         -0.152   0.000000e+00   0.000000e+00   0.000000e+00   0.000000e+00   0.000000e+00
0 2 6 0 1 0          0.069         -0.212   0.000000e+00   0.000000e+00   0.000000e+00   0.000000e+00   0.000000e+00
0 2 6 0 1 1          0.069         -0.212   0.000000e+00   0.000000e+00   0.000000e+00   0.000000e+00   0.000000e+00
0 2 6 0 1 2          0.069         -0.212   0.000000e+00   0.000000e+00   0.000000e+00   0.000000e+00   0.000000e+00
0 2 6 1 0 0          0.451          0.193   0.000000e+00   0.000000e+00   0.000000e+00   0.000000e+00   0.000000e+00
0 2 6 1 0 1          0.451          0.193   0.000000e+00   0.000000e+00   0.000000e+00   0.000000e+00   0.000000e+00
0 2 6 1 0 2          0.451          0.193   0.000000e+00   0.000000e+00   0.000000e+00   0.000000e+00   0.000000e+00
0 2 6 1 1 0          0.451         -0.167   0.000000e+00   0.000000e+00   0.000000e+00   0.000000e+00   0.000000e+00
0 2 6 1 1 1          0.451         -0.167   0.000000e+00   0.000000e+00   0.000000e+00   0.000000e+00   0.000000e+00
0 2 6 1 1 2          0.451         -0.167   0.000000e+00   0.000000e+00   0.000000e+00   0.000000e+00   0.000000e+00
0 2 7 0 0 0          0.020          0.002   0.000000e+00   0.000000e+00   0.000000e+00   0.000000e+00   0.000000e+00
0 2 7 0 0 1          0.020          0.002   0.000000e+00   0.000000e+00   0.000000e+00   0.000000e+00   0.000000e+00
0 2 7 0 0 2          0.020          0.002   0.000000e+00   0.000000e+00   0.000000e+00   0.000000e+00   0.000000e+00
0 2 7 0 1 0          0.020          0.002   0.000000e+00   0.000000e+00   0.000000e+00   0.000000e+00   0.000000e+00
0 2 7 0 1 1          0.020          0.002   0.000000e+00   0.000000e+00   0.000000e+00   0.000000e+00   0.000000e+00
0 2 7 0 1 2          0.020          0.002   0.000000e+00   0.000000e+00   0.000000e+00   0.000000e+00   0.000000e+00
0 2 7 1 0 0          0.139          0.353   0.000000e+00   0.000000e+00   0.000000e+00   0.000000e+00   0.000000e+00
0 2 7 1 0 1          0.139          0.353   0.000000e+00   0.000000e+00   0.000000e+00   0.000000e+00   0.000000e+00
0 2 7 1 0 2          0.139          0.353   0.000000e+00   0.000000e+00   0.000000e+00   0.000000e+00   0.000000e+00
0 2 7 1 1 0          0.139         -0.387   0.000000e+00   0.000000e+00   0.000000e+00   0.000000e+00   0.000000e+00
0 2 7 1 1 1          0.139         -0.387   0.000000e+00   0.000000e+00   0.000000e+00   0.000000e+00   0.000000e+00
0 2 7 1 1 2          0.139         -0.387   0.000000e+00   0.000000e+00   0.000000e+00   0.000000e+00   0.000000e+00
1 2 0 0 0 0         -0.190         -1.861   0.000000e+00   0.000000e+00   0.000000e+00   0.000000e+00   0.000000e+00
1 2 0 0 0 1         -0.190         -1.861   0.000000e+00   0.000000e+00   0.000000e+00   0.000000e+00   0.000000e+00
1 2 0 0 0 2         -0.190         -1.861   0.000000e+00   0.000000e+00   0.000000e+00   0.000000e+00   0.000000e+00
1 2 0 0 1 0         -0.190         -1.861   0.000000e+00   0.000000e+00   0.000000e+00   0.000000e+00   0.000000e+00
1 2 0 0 1 1         -0.190         -1.861   0.000000e+00   0.000000e+00   0.000000e+00   0.000000e+00   0.000000e+00
1 2 0 0 1 2         -0.190         -1.861   0.000000e+00   0.000000e+00   0.000000e+00   0.000000e+00   0.000000e+00
1 2 0 1 0 0         -0.377         -0.667   0.000000e+00   0.000000e+00   0.000000e+00   0.000000e+00   0.000000e+00
1 2 0 1 0 1         -0.377         -0.667   0.000000e+00   0.000000e+00   0.000000e+00   0.000000e+00   0.000000e+00
1 2 0 1 0 2         -0.377         -0.667   0.000000e+00   0.000000e+00   0.000000e+00   0.000000e+00   0.000000e+00
1 2 0 1 1 0         -0.377         -0.667   0.000000e+00   0.000000e+00   0.000000e+00   0.000000e+00   0.000000e+00
1 2 0 1 1 1         -0.377         -0.667   0.000000e+00   0.000000e+00   0.000000e+00   0.000000e+00   0.000000e+00
1 2 0 1 1 2         -0.377         -0.667   0.000000e+00   0.000000e+00   0.000000e+00   0.000000e+00   0.000000e+00
1 2 1 0 0 0         -0.091          0.610   0.000000e+00   0.000000e+00   0.000000e+00   0.000000e+00   0.000000e+00
1 2 1 0 0 1         -0.091          0.610   0.000000e+00   0.000000e+00   0.000000e+00   0.000000e+00   0.000000e+00
1 2 1 0 0 2         -0.091          0.610   0.000000e+00   0.000000e+00   0.000000e+00   0.000000e+00   0.000000e+00
1 2 1 0 1 0         -0.091          0.610   0.000000e+00   0.000000e+00   0.000000e+00   0.000000e+00   0.000000e+00
1 2 1 0 1 1         -0.091          0.610   0.000000e+00   0.000000e+00   0.000000e+00   0.000000e+00   0.000000e+00
1 2 1 0 1 2         -0.091          0.610   0.000000e+00   0.000000e+00   0.000000e+00   0.000000e+00   0.000000e+00
1 2 1 1 0 0         -0.193         -0.477   0.000000e+00   0.000000e+00   0.000000e+00   0.000000e+00   0.000000e+00
1 2 1 1 0 1         -0.193         -0.477   0.000000e+00   0.000000e+00   0.000000e+00   0.000000e+00   0.000000e+00
1 2 1 1 0 2         -0.193         -0.477   0.000000e+00   0.000000e+00   0.000000e+00   0.000000e+00   0.000000e+00
1 2 1 1 1 0         -0.193         -0.477   0.000000e+00   0.000000e+00   0.000000e+00   0.000000e+00   0.000000e+00
1 2 1 1 1 1         -0.193         -0.477   0.000000e+00   0.000000e+00   0.000000e+00   0.000000e+00   0.000000e+00
1 2 1 1 1 2         -0.193         -0.477   0.000000e+00   0.000000e+00   0.000000e+00   0.000000e+00   0.000000e+00
1 2 2 0 0 0         -0.045         -1.581   0.000000e+00   0.000000e+00   0.000000e+00   0.000000e+00   0.000000e+00
1 2 2 0 0 1         -0.045         -1.581   0.000000e+00   0.000000e+00   0.000000e+00   0.000000e+00   0.000000e+00
1 2 2 0 0 2         -0.045         -1.581   0.000000e+00   0.000000e+00   0.000000e+00   0.000000e+00   0.000000e+00
1 2 2 0 1 0         -0.045         -1.581   0.000000e+00   0.000000e+00   0.000000e+00   0.000000e+00   0.000000e+00
1 2 2 0 1 1         -0.045         -1.581   0.000000e+00   0.000000e+00   0.000000e+00   0.000000e+00   0.000000e+00
1 2 2 0 1 2         -0.045         -1.581   0.000000e+00   0.000000e+00   0.000000e+00   0.000000e+00   0.000000e+00
1 2 2 1 0 0         -0.349          0.588   0.000000e+00   0.000000e+00   0.000000e+00   0.000000e+00   0.000000e+00
1 2 2 1 0 1         -0.349          0.588   0.000000e+00   0.000000e+00   0.000000e+00   0.000000e+00   0.000000e+00
1 2 2 1 0 2         -0.349          0.588   0.000000e+00   0.000000e+00   0.000000e+00   0.000000e+00   0.000000e+00
1 2 2 1 1 0         -0.349          0.588   0.000000e+00   0.000000e+00   0.000000e+00   0.000000e+00   0.000000e+00
1 2 2 1 1 1         -0.349          0.588   0.000000e+00   0.000000e+00   0.000000e+00   0.000000e+00   0.000000e+00
1 2 2 1 1 2         -0.349          0.588   0.000000e+00   0.000000e+00   0.000000e+00   0.000000e+00   0.000000e+00
1 2 3 0 0 0         -0.026          0.124   0.000000e+00   0.000000e+00   0.000000e+00   0.000000e+00   0.000000e+00
1 2 3 0 0 1         -0.026          0.124   0.000000e+00   0.000000e+00   0.000000e+00   0.000000e+00   0.000000e+00
1 2 3 0 0 2         -0.026          0.124   0.000000e+00   0.000000e+00   0.000000e+00   0.000000e+00   0.000000e+00
1 2 3 0 1 0         -0.026          0.124   0.000000e+00   0.000000e+00   0.000000e+00   0.000000e+00   0.000000e+00
1 2 3 0 1 1         -0.026          0.124   0.000000e+00   0.000000e+00   0.000000e+00   0.000000e+00   0.000000e+00
1 2 3 0 1 2         -0.026          0.124   0.000000e+00   0.000000e+00   0.000000e+00   0.000000e+00   0.000000e+00
1 2 3 1 0 0         -0.189         -0.955   0.000000e+00   0.000000e+00   0.000000e+00   0.000000e+00   0.000000e+00
1 2 3 1 0 1         -0.189         -0.955   0.000000e+00   0.000000e+00   0.000000e+00   0.000000e+00   0.000000e+00
1 2 3 1 0 2         -0.189         -0.955   0.000000e+00   0.000000e+00   0.000000e+00   0.000000e+00   0.000000e+00
1 2 3 1 1 0         -0.189         -0.955   0.000000e+00   0.000000e+00   0.000000e+00   0.000000e+00   0.000000e+00
1 2 3 1 1 1         -0.189         -0.955   0.000000e+00   0.000000e+00   0.000000e+00   0.000000e+00   0.000000e+00
1 2 3 1 1 2         -0.189         -0.955   0.000000e+00   0.000000e+00   0.000000e+00   0.000000e+00   0.000000e+00
1 2 4 0 0 0          0.123          1.265   0.000000e+00   0.000000e+00   0.000000e+00   0.000000e+00   0.000000e+00
1 2 4 0 0 1          0.123          1.265   0.000000e+00   0.000000e+00   0.000000e+00   0.000000e+00   0.000000e+00
1 2 4 0 0 2          0.123          1.265   0.000000e+00   0.000000e+00   0.000000e+00   0.000000e+00   0.000000e+00
1 2 4 0 1 0          0.123          1.265   0.000000e+00   0.000000e+00   0.000000e+00   0.000000e+00   0.000000e+00
1 2 4 0 1 1          0.123          1.265   0.000000e+00   0.000000e+00   0.000000e+00   0.000000e+00   0.000000e+00
1 2 4 0 1 2          0.123          1.265   0.000000e+00   0.000000e+00   0.000000e+00   0.000000e+00   0.000000e+00
1 2 4 1 0 0         -0.017         -0.996   0.000000e+00   0.000000e+00   0.000000e+00   0.000000e+00   0.000000e+00
1 2 4 1 0 1         -0.017         -0.996   0.000000e+00   0.000000e+00   0.000000e+00   0.000000e+00   0.000000e+00
1 2 4 1 0 2         -0.017         -0.996   0.000000e+00   0.000000e+00   0.000000e+00   0.000000e+00   0.000000e+00
1 2 4 1 1 0         -0.017         -0.996   0.000000e+00   0.000000e+00   0.000000e+00   0.000000e+00   0.000000e+00
1 2 4 1 1 1         -0.017         -0.996   0.000000e+00   0.000000e+00   0.000000e+00   0.000000e+00   0.000000e+00
1 2 4 1 1 2         -0.017         -0.996   0.000000e+00   0.000000e+00   0.000000e+00   0.000000e+00   0.000000e+00
1 2 5 0 0 0          0.024          0.789   0.000000e+00   0.000000e+00   0.000000e+00   0.000000e+00   0.000000e+00
1 2 5 0 0 1          0.024          0.789   0.000000e+00   0.000000e+00   0.000000e+00   0.000000e+00   0.000000e+00
1 2 5 0 0 2          0.024          0.789   0.000000e+00   0.000000e+00   0.000000e+00   0.000000e+00   0.000000e+00
1 2 5 0 1 0          0.024          0.789   0.000000e+00   0.000000e+00   0.000000e+00   0.000000e+00   0.000000e+00
1 2 5 0 1 1          0.024          0.789   0.000000e+00   0.000000e+00   0.000000e+00   0.000000e+00   0.000000e+00
1 2 5 0 1 2          0.024          0.789   0.000000e+00   0.000000e+00   0.000000e+00   0.000000e+00   0.000000e+00
1 2 5 1 0 0         -0.078         -0.534   0.000000e+00   0.000000e+00   0.000000e+00   0.000000e+00   0.000000e+00
1 2 5 1 0 1         -0.078         -0.534   0.000000e+00   0.000000e+00   0.000000e+00   0.000000e+00   0.000000e+00
1 2 5 1 0 2         -0.078         -0.534   0.000000e+00   0.000000e+00   0.000000e+00   0.000000e+00   0.000000e+00
1 2 5 1 1 0         -0.078         -0.534   0.000000e+00   0.000000e+00   0.000000e+00   0.000000e+00   0.000000e+00
1 2 5 1 1 1         -0.078         -0.534   0.000000e+00   0.000000e+00   0.000000e+00   0.000000e+00   0.000000e+00
1 2 5 1 1 2         -0.078         -0.534   0.000000e+00   0.000000e+00   0.000000e+00   0.000000e+00   0.000000e+00
1 2 6 0 0 0         -0.133         -2.467   0.000000e+00   0.000000e+00   0.000000e+00   0.000000e+00   0.000000e+00
1 2 6 0 0 1         -0.133         -2.467   0.000000e+00   0.000000e+00   0.000000e+00   0.000000e+00   0.000000e+00
1 2 6 0 0 2         -0.133         -2.467   0.000000e+00   0.000000e+00   0.000000e+00   0.000000e+00   0.000000e+00
1 2 6 0 1 0         -0.133         -2.467   0.000000e+00   0.000000e+00   0.000000e+00   0.000000e+00   0.000000e+00
1 2 6 0 1 1         -0.133         -2.467   0.000000e+00   0.000000e+00   0.000000e+00   0.000000e+00   0.000000e+00
1 2 6 0 1 2         -0.133         -2.467   0.000000e+00   0.000000e+00   0.000000e+00   0.000000e+00   0.000000e+00
1 2 6 1 0 0         -0.257          1.865   0.000000e+00   0.000000e+00   0.000000e+00   0.000000e+00   0.000000e+00
1 2 6 1 0 1         -0.257          1.865   0.000000e+00   0.000000e+00   0.000000e+00   0.000000e+00   0.000000e+00
1 2 6 1 0 2         -0.257          1.865   0.000000e+00   0.000000e+00   0.000000e+00   0.000000e+00   0.000000e+00
1 2 6 1 1 0         -0.257          1.865   0.000000e+00   0.000000e+00   0.000000e+00   0.000000e+00   0.000000e+00
1 2 6 1 1 1         -0.257          1.865   0.000000e+00   0.000000e+00   0.000000e+00   0.000000e+00   0.000000e+00
1 2 6 1 1 2         -0.257          1.865   0.000000e+00   0.000000e+00   0.000000e+00   0.000000e+00   0.000000e+00
1 2 7 0 0 0         -0.026          1.728   0.000000e+00   0.000000e+00   0.000000e+00   0.000000e+00   0.000000e+00
1 2 7 0 0 1         -0.026          1.728   0.000000e+00   0.000000e+00   0.000000e+00   0.000000e+00   0.000000e+00
1 2 7 0 0 2         -0.026          1.728   0.000000e+00   0.000000e+00   0.000000e+00   0.000000e+00   0.000000e+00
1 2 7 0 1 0         -0.026          1.728   0.000000e+00   0.000000e+00   0.000000e+00   0.000000e+00   0.000000e+00
1 2 7 0 1 1         -0.026          1.728   0.000000e+00   0.000000e+00   0.000000e+00   0.000000e+00   0.000000e+00
1 2 7 0 1 2         -0.026          1.728   0.000000e+00   0.000000e+00   0.000000e+00   0.000000e+00   0.000000e+00
1 2 7 1 0 0         -0.202         -0.861   0.000000e+00   0.000000e+00   0.000000e+00   0.000000e+00   0.000000e+00
1 2 7 1 0 1         -0.202         -0.861   0.000000e+00   0.000000e+00   0.000000e+00   0.000000e+00   0.000000e+00
1 2 7 1 0 2         -0.202         -0.861   0.000000e+00   0.000000e+00   0.000000e+00   0.000000e+00   0.000000e+00
1 2 7 1 1 0         -0.202         -0.861   0.000000e+00   0.000000e+00   0.000000e+00   0.000000e+00   0.000000e+00
1 2 7 1 1 1         -0.202         -0.861   0.000000e+00   0.000000e+00   0.000000e+00   0.000000e+00   0.000000e+00
1 2 7 1 1 2         -0.202         -0.861   0.000000e+00   0.000000e+00   0.000000e+00   0.000000e+00   0.000000e+00
