2.0 7.983097542953186E-03  8.168664149731166E-03  2.265602809699890E-02  1.639443712659435E-02  4.857016789944433E-03  3.675448088094602E-03
2.28 2.439159598552702E-03  2.425814132658278E-03  5.779100071890728E-03  3.896100877815585E-03  1.561351088843073E-03  1.165325122077514E-03
2.56 8.946793463296796E-04  9.452285013345152E-04  2.069471610947779E-03  1.317576935936279E-03  6.351536175237169E-04  4.318903330375922E-04
2.84 4.112778634465251E-04  4.119385396178443E-04  8.637916348161146E-04  4.826611258074476E-04  2.804185678533363E-04  1.991790400358884E-04
3.12 1.967805571933775E-04  1.951604112740413E-04  3.781304408500863E-04  2.034456700347880E-04  1.287392772738876E-04  8.993138673212956E-05
3.4 1.010137432420219E-04  1.053658096980087E-04  1.708167326051208E-04  8.727583905635191E-05  6.442724060249132E-05  4.179739669917411E-05
3.68 5.665791465223538E-05  5.573744712481732E-05  8.352101203482397E-05  4.067900419926695E-05  3.460873478703281E-05  2.085115518832195E-05
3.96 3.171347519108569E-05  3.168996447757079E-05  4.211380788828419E-05  1.847392252513360E-05  1.849129862521190E-05  1.049015636728096E-05
4.24 1.915803582875041E-05  1.900668293061768E-05  2.166941817636622E-05  9.124108236395725E-06  1.067599870606024E-05  5.591596446264795E-06
4.52 1.162191922169002E-05  1.162325899216860E-05  1.145871734110719E-05  4.384400327865035E-06  6.424529584302236E-06  3.010448002270980E-06
4.8 7.569288701321188E-06  7.529949315072158E-06  5.945705673544295E-06  2.182535838228410E-06  3.786712182561077E-06  1.678807906121679E-06
5.08 4.999914350336485E-06  5.089301992382842E-06  3.198602754832169E-06  1.047525404186102E-06  2.330417380465165E-06  9.241826486539822E-07
5.36 3.241634484213173E-06  3.349784132010306E-06  1.732665357039372E-06  5.279861604905797E-07  1.480002986538716E-06  5.297813794188464E-07
5.64 2.225537699643818E-06  2.253127512751214E-06  9.626566126959979E-07  2.683268677853202E-07  9.992262241768443E-07  3.201799790028767E-07
5.92 1.558778427702970E-06  1.606600121127384E-06  5.510672176255456E-07  1.314288218421916E-07  6.788012701267485E-07  1.978328926461018E-07
6.2 1.112779692477295E-06  1.149481337924324E-06  3.196625884475156E-07  6.449094678622102E-08  4.783086668399417E-07  1.286309948272976E-07
6.48 8.185821682594015E-07  8.025794010672845E-07  1.953039608938375E-07  3.417025312558677E-08  3.424611375976906E-07  8.509458632395285E-08
6.76 5.787259040782719E-07  6.064320485080835E-07  1.194127560141422E-07  1.801215746059082E-08  2.472644712747423E-07  5.913177400639218E-08
7.04 4.301470435729950E-07  4.423536953734666E-07  7.771272931504600E-08  9.797852986137440E-09  1.787964142144036E-07  4.236441103975774E-08
7.32 3.241043084339006E-07  3.350407052381721E-07  5.364706798509109E-08  5.682534762370338E-09  1.388064853739932E-07  2.963576517563414E-08
7.6 2.409124473494414E-07  2.466871923465631E-07  3.923196273900605E-08  3.400366876741974E-09  1.065635126860819E-07  2.202338912090166E-08
7.88 1.812199279508611E-07  1.975646054874239E-07  2.764841877852324E-08  2.277263353925703E-09  8.397068380850242E-08  1.658548296297821E-08
8.16 1.410558430096660E-07  1.469321779997566E-07  2.129208464099874E-08  1.562426986283294E-09  6.315635612831650E-08  1.270339152075491E-08
8.44 1.084148162818870E-07  1.138229781661461E-07  1.615943016790040E-08  1.186359470430523E-09  4.877727724465273E-08  1.002749624360598E-08
8.72 8.351103205135327E-08  8.710033190892886E-08  1.246516057418559E-08  8.653141864077047E-10  3.878910443421100E-08  7.729084867601843E-09
9.0 6.577023593210128E-08  7.172953955491418E-08  1.007685001333881E-08  6.423592242035276E-10  3.101109229082690E-08  5.969259426203241E-09
9.28 5.218344746780407E-08  5.457591106406644E-08  7.860593562907196E-09  4.942046776809211E-10  2.508326519787784E-08  4.699879450505846E-09
9.56 4.338660036595646E-08  4.390207133317727E-08  6.104638117365605E-09  3.968251859629183E-10  2.002600341038850E-08  3.741889713849091E-09
9.84 3.255736837337949E-08  3.514582525900232E-08  5.014538472722397E-09  3.066227300188141E-10  1.582367464059959E-08  2.959059410643831E-09
10.12 2.694871568514371E-08  2.793597345441219E-08  3.949382529443113E-09  2.335664735577012E-10  1.276526871005386E-08  2.357394478731028E-09
10.4 2.156467385653571E-08  2.284087513885249E-08  3.244061504178982E-09  1.914235691426650E-10  1.057758896720024E-08  1.936722384283904E-09
10.68 1.757056696161425E-08  1.804200091060052E-08  2.611043287181058E-09  1.545052466477592E-10  8.400857042587286E-09  1.587112034958365E-09
10.96 1.399347982746796E-08  1.515327296851196E-08  2.093829584225375E-09  1.229288339145040E-10  6.841838512989567E-09  1.275843939229122E-09
11.24 1.201519312146799E-08  1.199421305600718E-08  1.758454836169114E-09  9.768227990775643E-11  5.665364919645670E-09  1.042633490282852E-09
11.52 9.656314115843296E-09  1.010438908547139E-08  1.404820949207599E-09  7.826698945884978E-11  4.766766553461296E-09  8.251548589068545E-10
11.8 7.938803321560096E-09  8.288993099014861E-09  1.190812918964898E-09  6.303775709911367E-11  3.942777983276870E-09  7.037524803308387E-10
12.08 6.447760512427111E-09  6.935216193529581E-09  9.880033110078486E-10  5.182848452453636E-11  3.393593711933171E-09  5.708147615438638E-10
12.36 5.324613811741899E-09  5.836830937558299E-09  8.280970302656760E-10  4.256358285181855E-11  2.717911765228804E-09  4.719342271550315E-10
12.64 4.365708115690761E-09  4.839569785667954E-09  6.814001430827267E-10  3.511964657312042E-11  2.301442991782979E-09  3.929747383280154E-10
12.92 3.806063415086735E-09  4.049465001656841E-09  5.585734750615388E-10  2.801705043783223E-11  1.905656052796915E-09  3.221093216140047E-10
13.2 3.170665525403746E-09  3.402195748320179E-09  4.714086743386306E-10  2.306536050079375E-11  1.553997479671050E-09  2.689367179013946E-10
13.48 2.667225881011261E-09  2.871024937618942E-09  3.907105968483664E-10  1.881318001518442E-11  1.351294829298865E-09  2.241140448065754E-10
13.76 2.261445477257668E-09  2.414743709963760E-09  3.276973458907244E-10  1.590304087663960E-11  1.150923103036987E-09  1.942285125282311E-10
14.04 1.856854485926306E-09  2.057352963321720E-09  2.840229605594902E-10  1.298268883263750E-11  9.862803746826399E-10  1.634727877301985E-10
14.32 1.594614372444583E-09  1.730778263242546E-09  2.362708902584951E-10  1.090322044689403E-11  8.237281688131278E-10  1.383063437066227E-10
14.6 1.333864468714790E-09  1.470354937110917E-09  2.024535291542418E-10  9.058572423946722E-12  7.089768880638006E-10  1.140332974910398E-10
14.88 1.148623172154486E-09  1.254521035938161E-09  1.716283068424633E-10  7.507184589690383E-12  6.035314975230350E-10  9.388861395852423E-11
15.16 9.638251946979289E-10  1.068538059353977E-09  1.445740089269659E-10  6.150686512234886E-12  5.157299257068432E-10  8.330972796128578E-11
15.44 8.402095617900442E-10  9.258088033368237E-10  1.241249239659232E-10  5.275853701066060E-12  4.432863224716793E-10  6.899516532219180E-11
15.72 7.155721700824786E-10  7.845796283528540E-10  1.033146543653945E-10  4.537270731411800E-12  3.834489663586513E-10  6.021195356665717E-11
16. 6.280569789387160E-10  6.831562680052202E-10  9.094265390814281E-11  3.687726426358815E-12  3.275372108393887E-10  5.028829474819710E-11


The column labels in each files are the same as following:
Pt, pi+, pi-, p, pbar, K+, K-

These are cross sections normalized by number of binary scatterings already.
So R_AA=AA/pp. the default files are for hijing shadowing, files with eks
labels are for EKS shadowing.
