2.0 8.355860692164161E-03  8.601043199002451E-03  2.592629501181094E-02  2.011364129004846E-02  5.065159233756316E-03  3.826413279428092E-03
2.28 2.566494711922134E-03  2.570940548293799E-03  7.049678604342796E-03  4.935849057833444E-03  1.668971214725029E-03  1.271463468909826E-03
2.56 1.004399248442735E-03  1.023288850904694E-03  2.604185388554667E-03  1.697868222775269E-03  6.710465923321044E-04  4.914112649857124E-04
2.84 4.380426523549519E-04  4.479510486547154E-04  1.068694073949729E-03  6.564031341964183E-04  2.965519121075846E-04  2.108258252515228E-04
3.12 2.168947468805440E-04  2.182866976396063E-04  4.728200943757610E-04  2.771689113750386E-04  1.443397521920118E-04  9.795261127229434E-05
3.4 1.091471680947475E-04  1.118511137699216E-04  2.183164629604482E-04  1.243322829294342E-04  7.138125551036449E-05  4.708958729433833E-05
3.68 6.049832270652888E-05  6.090824658666646E-05  1.073727875103867E-04  5.843262798697668E-05  3.820005430629999E-05  2.314664080936486E-05
3.96 3.462561120232532E-05  3.364081576736168E-05  5.486819185341891E-05  2.747257655282760E-05  2.006978922331337E-05  1.191072432291491E-05
4.24 2.045770148038881E-05  2.056308833238057E-05  2.761944279624792E-05  1.296977837824310E-05  1.149725440426598E-05  6.273016977510332E-06
4.52 1.284480197431327E-05  1.304280880892209E-05  1.419885837588248E-05  6.409563239871813E-06  6.846395498063124E-06  3.376772017052990E-06
4.8 8.238901657292401E-06  8.230479343214600E-06  7.680511093359342E-06  3.145568693458980E-06  4.009002045165607E-06  1.858530106543675E-06
5.08 5.252601215145575E-06  5.306837378489829E-06  4.045802729954573E-06  1.584404442508468E-06  2.513257214503157E-06  1.064483814904494E-06
5.36 3.479121074044378E-06  3.611357205428815E-06  2.187680491431689E-06  7.718053628437929E-07  1.622140108738615E-06  6.031008283080798E-07
5.64 2.390750269947113E-06  2.519841025791688E-06  1.210143063129392E-06  3.773576414327474E-07  1.084374663232600E-06  3.580591613607613E-07
5.92 1.689846883690931E-06  1.746893964860223E-06  6.803290165342207E-07  1.874306727597028E-07  7.399458460947688E-07  2.187356937151962E-07
6.2 1.207733731893578E-06  1.234889124774380E-06  3.789896071979466E-07  9.213859592273107E-08  5.005049715146148E-07  1.412916276247866E-07
6.48 8.576822129112229E-07  8.848131193301245E-07  2.238480838485353E-07  4.693645784265600E-08  3.609039871495426E-07  9.312834940326327E-08
6.76 6.264294290641050E-07  6.434659678448909E-07  1.376417292592015E-07  2.341993811752117E-08  2.648151183351441E-07  6.324568596193197E-08
7.04 4.626617700731428E-07  4.749213194400944E-07  8.911865250123672E-08  1.207006338460184E-08  1.994323455656716E-07  4.471307466542296E-08
7.32 3.415434284529488E-07  3.558200560132956E-07  5.865071063401075E-08  6.776130865565553E-09  1.487973319073859E-07  3.245217133446469E-08
7.6 2.580782946871125E-07  2.680978887326772E-07  4.131440240684693E-08  3.982695403131206E-09  1.143669069446941E-07  2.401747011793416E-08
7.88 1.972204404108233E-07  2.032414202321992E-07  3.017561304139908E-08  2.540764963545130E-09  8.676601834540480E-08  1.777335489381928E-08
8.16 1.505117295924054E-07  1.590523055368667E-07  2.237886319409363E-08  1.758204367088389E-09  6.774125409622204E-08  1.378719641925312E-08
8.44 1.168246722092160E-07  1.217063437823062E-07  1.746723081543532E-08  1.226562056378620E-09  5.190240625164372E-08  1.056108276270151E-08
8.72 9.046539219375252E-08  9.538873734000863E-08  1.337123510991617E-08  9.289590007546176E-10  4.095661922685487E-08  8.212306069922035E-09
9.0 7.134110844101433E-08  7.389194074116720E-08  1.039794738994677E-08  6.906784944376935E-10  3.260947677753285E-08  6.241014750149434E-09
9.28 5.541549861644477E-08  5.876156773864838E-08  8.173493167396972E-09  5.364881500937325E-10  2.627302983894681E-08  5.006928205013241E-09
9.56 4.453335866538794E-08  4.780970024040485E-08  6.626309882475714E-09  4.176448546353941E-10  2.079085516327901E-08  4.046550087526956E-09
9.84 3.589289859455894E-08  3.739194375630823E-08  5.216442292247822E-09  3.237447189577904E-10  1.679958456927839E-08  3.171911989023590E-09
10.12 2.833164244027763E-08  3.005296702448890E-08  4.270278117982077E-09  2.559030247127680E-10  1.339755056672864E-08  2.578267366894072E-09
10.4 2.270255851806784E-08  2.428089693038847E-08  3.421366745315800E-09  2.038572063138423E-10  1.092679963124830E-08  2.045642534418408E-09
10.68 1.872368293619784E-08  1.972109250107084E-08  2.763717278989921E-09  1.625709692729302E-10  9.066250342887633E-09  1.679091639741622E-09
10.96 1.496538388513799E-08  1.617692402181323E-08  2.264709495010429E-09  1.298227285800913E-10  7.464118714700531E-09  1.345715681672185E-09
11.24 1.249387998167351E-08  1.342057896736139E-08  1.873189283989854E-09  1.023146344483173E-10  6.058650748511624E-09  1.114671443157816E-09
11.52 1.007017055422558E-08  1.089937202654855E-08  1.518486968869315E-09  8.354669474811152E-11  5.041439248287220E-09  9.048399793540161E-10
11.8 8.280214731043360E-09  8.933070933424755E-09  1.254837389429091E-09  6.712354263093157E-11  4.174910834170895E-09  7.432163880176489E-10
12.08 6.979007792017898E-09  7.339134935474294E-09  1.050852216400963E-09  5.453804868175952E-11  3.454921754193007E-09  6.073727160860830E-10
12.36 5.673172850052587E-09  6.162597889040423E-09  8.730567439208672E-10  4.425531614727727E-11  2.910858247957873E-09  5.041878569765280E-10
12.64 4.817734743175625E-09  5.148136934985456E-09  7.088991487211556E-10  3.629895139947979E-11  2.458594309973499E-09  4.182804508469767E-10
12.92 3.966804986466130E-09  4.212094214800495E-09  6.050579812049217E-10  2.997208087922999E-11  2.012313051854913E-09  3.421471974843798E-10
13.2 3.364445276734755E-09  3.623016345936622E-09  4.980287064899490E-10  2.439455773845018E-11  1.695472052241981E-09  2.904515207320502E-10
13.48 2.824061174912279E-09  2.982835560379310E-09  4.217756832172817E-10  2.001343697902376E-11  1.458214346959726E-09  2.415781884795654E-10
13.76 2.347211345134621E-09  2.561082223335479E-09  3.492232085524772E-10  1.667022321049431E-11  1.223544354539038E-09  2.049498308756235E-10
14.04 1.975057783664119E-09  2.193053651744346E-09  2.950804905152020E-10  1.382099307072749E-11  1.019759069027342E-09  1.692198879435014E-10
14.32 1.695623025743241E-09  1.820759049680497E-09  2.535062111062908E-10  1.150530284854470E-11  8.969845595253123E-10  1.432001348813835E-10
14.6 1.436332054333147E-09  1.559758002542682E-09  2.159029335231587E-10  9.708467233125459E-12  7.425794485421549E-10  1.218497611082333E-10
14.88 1.215478537789879E-09  1.328262701414254E-09  1.782432806131480E-10  7.886582862334906E-12  6.511993769470283E-10  1.027411654848200E-10
15.16 1.049024298616787E-09  1.147334391983748E-09  1.516840714072102E-10  6.673305307657311E-12  5.394256039003131E-10  8.717563939433958E-11
15.44 8.733234945993584E-10  9.553431396926946E-10  1.289355218591789E-10  5.603415237307257E-12  4.732681845621366E-10  7.432468786476962E-11
15.72 7.659290371842710E-10  8.376476071651321E-10  1.105801393311943E-10  4.722064551985887E-12  4.018635173017298E-10  6.351846504001272E-11
16. 6.500827359519072E-10  7.127203990103557E-10  9.551053773992390E-11  3.954838878363377E-12  3.481945327836379E-10  5.324151978052094E-11



The column labels in each files are the same as following:
Pt, pi+, pi-, p, pbar, K+, K-

These are cross sections normalized by number of binary scatterings already.
So R_AA=AA/pp. the default files are for hijing shadowing, files with eks
labels are for EKS shadowing.

