2.0 9.215287384519315E-03  9.382704882463344E-03  2.557273567643712E-02  1.935298725567352E-02  5.185377723239475E-03  3.975688789312377E-03
2.28 2.822038991105170E-03  2.809545939870717E-03  6.959782737255104E-03  4.670411431957688E-03  1.770702061692302E-03  1.302762652039398E-03
2.56 1.111090032116034E-03  1.120851642001872E-03  2.426126671297136E-03  1.564242932335274E-03  7.203553426282660E-04  5.174652960116720E-04
2.84 4.944064119241094E-04  4.798034701843664E-04  1.010105820280703E-03  6.235289829471472E-04  3.197606438370175E-04  2.225292233379578E-04
3.12 2.370677983966658E-04  2.330333100725038E-04  4.471614981632735E-04  2.499276355478704E-04  1.529540164668654E-04  1.017265672104438E-04
3.4 1.202103126134088E-04  1.211471083771222E-04  2.130986526125922E-04  1.120263978118244E-04  7.676574221137767E-05  4.881255029221894E-05
3.68 6.583720422791376E-05  6.652262679488025E-05  1.012395456968613E-04  5.059412846141198E-05  3.928794234203060E-05  2.425376062486890E-05
3.96 3.757949403459991E-05  3.838843392622014E-05  4.944140032392131E-05  2.409934317015122E-05  2.156771124794499E-05  1.225818789605378E-05
4.24 2.269954117091467E-05  2.239873842258727E-05  2.564501096558466E-05  1.148519856891021E-05  1.201807963059094E-05  6.492207442655410E-06
4.52 1.389048660098103E-05  1.408776105162804E-05  1.334958999739551E-05  5.512221430193939E-06  7.121757996559738E-06  3.499362199883810E-06
4.8 8.792194868184692E-06  9.024858435264652E-06  7.027656968340956E-06  2.683298574347457E-06  4.239542641223378E-06  1.922042932628964E-06
5.08 5.789493264543732E-06  5.850035808260370E-06  3.753300568453681E-06  1.321064006977170E-06  2.693567335534056E-06  1.059771762349140E-06
5.36 3.900476749233023E-06  3.966846879308058E-06  2.045544670106383E-06  6.578226924605038E-07  1.727781717979775E-06  6.183432577880800E-07
5.64 2.589676917573919E-06  2.728089030470579E-06  1.121796845084257E-06  3.245987563565886E-07  1.155282759827655E-06  3.714719470524552E-07
5.92 1.860513304531041E-06  1.875212036445838E-06  6.331455105843205E-07  1.616731244535259E-07  7.924757390746438E-07  2.271281344251286E-07
6.2 1.295579117797919E-06  1.323723905513037E-06  3.675661057766067E-07  7.977651706857413E-08  5.547401031517955E-07  1.479372667546906E-07
6.48 9.434536534831487E-07  9.608959339891354E-07  2.238625160619324E-07  4.104896098022550E-08  3.902042226137951E-07  9.973136200345250E-08
6.76 6.974147442776634E-07  6.988895896896517E-07  1.375587805158006E-07  2.096605880654802E-08  2.870338392981944E-07  6.849772284485255E-08
7.04 5.003845190363544E-07  5.215333002089569E-07  9.083225436559277E-08  1.145496211972943E-08  2.161721440250576E-07  4.835872370569003E-08
7.32 3.746044080330203E-07  3.889606611327335E-07  6.155440579566160E-08  6.636338336096574E-09  1.621945192305501E-07  3.521489744296141E-08
7.6 2.859432174440559E-07  2.916582289505089E-07  4.375999666807528E-08  4.065203419196039E-09  1.209579671722347E-07  2.598374823904973E-08
7.88 2.161835368211685E-07  2.227766336737539E-07  3.217155781370233E-08  2.627038450487935E-09  9.473860356028256E-08  1.921846319832863E-08
8.16 1.644690151701317E-07  1.700757790716158E-07  2.432510755566487E-08  1.848454484454593E-09  7.249221531568022E-08  1.472804404213730E-08
8.44 1.254291918672088E-07  1.312365018851913E-07  1.875249293050472E-08  1.346930898133659E-09  5.683863526107183E-08  1.167616631535169E-08
8.72 9.847878932969600E-08  1.021907638364612E-07  1.435637317488022E-08  1.001216629530008E-09  4.423928207666700E-08  8.953559550840364E-09
9.0 7.621861893215914E-08  8.094450297881479E-08  1.128594384110405E-08  7.584254758279746E-10  3.538427976502522E-08  7.032743901739447E-09
9.28 5.995576366953177E-08  6.479009912635881E-08  8.942231649892051E-09  5.860164665771420E-10  2.804310157259596E-08  5.524824677635045E-09
9.56 4.836613632654349E-08  5.115543576714264E-08  7.153022273308237E-09  4.477828236310201E-10  2.277463158638499E-08  4.389731053088351E-09
9.84 3.863471057502610E-08  4.084509513667548E-08  5.657109885832242E-09  3.469170465877724E-10  1.799172438855201E-08  3.470334097421317E-09
10.120 3.089077315247003E-08  3.261448949860337E-08  4.591223698382771E-09  2.793460787043866E-10  1.482194306078879E-08  2.731364798491497E-09
10.4 2.483246696701395E-08  2.642889332117386E-08  3.718833418530967E-09  2.163806067634002E-10  1.199336299072844E-08  2.208814759929898E-09
10.680 2.000303965103927E-08  2.150934706760724E-08  3.029981994651730E-09  1.764331095527469E-10  9.689085661381137E-09  1.785016834993260E-09
10.960 1.648279051751485E-08  1.726502011319529E-08  2.451424530378232E-09  1.391074671576988E-10  8.075828283119231E-09  1.441467380026609E-09
11.240 1.363956417890388E-08  1.434837718944332E-08  2.005167496800865E-09  1.124415821895259E-10  6.516429800090355E-09  1.188550426079385E-09
11.520 1.119913467235208E-08  1.174483209889409E-08  1.647021136048085E-09  8.982638103602276E-11  5.446593553393843E-09  9.657532519703937E-10
11.8 9.192453929307232E-09  9.749491439616530E-09  1.361975436875734E-09  7.221497751070351E-11  4.501879451828816E-09  8.145401309458521E-10
12.080 7.470002060533080E-09  7.972078885213886E-09  1.123624417718749E-09  5.908578322668005E-11  3.757804680754890E-09  6.600538574538728E-10
12.360 6.192783366355749E-09  6.661337928442888E-09  9.366844557411404E-10  4.806472307331748E-11  3.116972105766985E-09  5.526612795617908E-10
12.640 5.210465978831075E-09  5.611918277893101E-09  7.680902903686829E-10  3.937850367618313E-11  2.631325451041011E-09  4.508283405225194E-10
12.920 4.311635516298526E-09  4.590919427949030E-09  6.516705017302244E-10  3.203740870359017E-11  2.198214688580566E-09  3.726460913041393E-10
13.2 3.637613458956483E-09  3.907890237420946E-09  5.363574128810825E-10  2.649840199453509E-11  1.837133457758245E-09  3.151472939069155E-10
13.480 3.046060084588483E-09  3.255172037207306E-09  4.520599573544679E-10  2.178335011633756E-11  1.578321696755918E-09  2.613783461447849E-10
13.760 2.531367866344386E-09  2.745294146005344E-09  3.751255605915128E-10  1.802883657726402E-11  1.318507824507329E-09  2.195158081789451E-10
14.040 2.140311512526648E-09  2.355369475789643E-09  3.196295157711476E-10  1.480527800161661E-11  1.106384707139568E-09  1.835088882997864E-10
14.320 1.826072721086401E-09  1.967040617595286E-09  2.710432789984469E-10  1.233051813727765E-11  9.668302254001115E-10  1.552916431129587E-10
14.6 1.548609684996676E-09  1.678520798729301E-09  2.317354451656758E-10  1.043019755485873E-11  8.076186871774379E-10  1.305663095847702E-10
14.880 1.324202761970505E-09  1.430309654547759E-09  1.908495048183312E-10  8.593955596419822E-12  6.957459666497634E-10  1.114812837829050E-10
15.160 1.137036536750822E-09  1.244389951249198E-09  1.640362507158223E-10  7.194542225211150E-12  5.824012887009163E-10  9.402838534082989E-11
15.440 9.468601565611470E-10  1.044138370647319E-09  1.391153694876275E-10  6.074654581989519E-12  5.087069534978399E-10  7.997884291494844E-11
15.720 8.206503723459533E-10  9.012016541768913E-10  1.191972731534727E-10  5.105079378985111E-12  4.355633884014655E-10  6.850299302507762E-11
16. 6.909957458476138E-10  7.762383987116731E-10  1.025653733137484E-10  4.250860216245517E-12  3.736135764902403E-10  5.796322362512136E-11


The column labels in each files are the same as following:
Pt, pi+, pi-, p, pbar, K+, K-

These are cross sections normalized by number of binary scatterings already.
So R_AA=AA/pp. the default files are for hijing shadowing, files with eks
labels are for EKS shadowing.
