2.0 1.109382125162218E-02  1.129692895158592E-02  2.545909611405114E-02  2.121997506191093E-02  5.290954692565861E-03  3.854275548624270E-03
2.28 3.964761204930641E-03  3.966316025786688E-03  8.651956644451978E-03  6.644304285593376E-03  2.160236714095397E-03  1.531312472905440E-03
2.56 1.544851658259245E-03  1.530669944506646E-03  3.172266484194009E-03  2.210199602803822E-03  9.038370711028155E-04  6.184155638296987E-04
2.84 6.764250333373718E-04  6.793793426680825E-04  1.266804473134699E-03  8.431036945862791E-04  4.074782579662931E-04  2.710231625743997E-04
3.12 3.211516267087837E-04  3.223519978245360E-04  5.551053047282457E-04  3.609926580139663E-04  1.942196270599769E-04  1.279831952776971E-04
3.4 1.697884413724191E-04  1.689700514686635E-04  2.605719250526597E-04  1.577924607564512E-04  9.894538353419146E-05  6.212140854596851E-05
3.68 9.176747934929536E-05  9.170053641331687E-05  1.279658375892606E-04  7.263751627491511E-05  5.228355814223729E-05  3.222040078580217E-05
3.96 5.357841168826457E-05  5.365353330772992E-05  6.419035252171528E-05  3.479746014366808E-05  2.832577989909253E-05  1.580451526462324E-05
4.24 3.159733782668778E-05  3.259219847729803E-05  3.282717931440467E-05  1.661135472888548E-05  1.622144414454755E-05  8.423587531668911E-06
4.52 1.983750519542767E-05  2.026110943399673E-05  1.685705986177587E-05  8.153669926071384E-06  9.580287791411417E-06  4.594200439116135E-06
4.8 1.285575817628945E-05  1.289271617966558E-05  9.048825076272985E-06  3.903881655159206E-06  5.867448492039169E-06  2.507697520811672E-06
5.08 8.434280416287098E-06  8.519107741326448E-06  4.846504168716497E-06  1.890295748731992E-06  3.721547347185934E-06  1.414560292238127E-06
5.36 5.637301973093570E-06  5.750170361257221E-06  2.590530284956475E-06  9.396365144857666E-07  2.390190959965663E-06  8.389947016667217E-07
5.64 3.884975377963278E-06  3.984663092191886E-06  1.461164573476217E-06  4.577338200788339E-07  1.593268290662907E-06  5.103835260586415E-07
5.92 2.679223791932220E-06  2.779936135669034E-06  8.137894733251837E-07  2.255061559649855E-07  1.105664870395281E-06  3.092939398167320E-07
6.2 1.936723983876915E-06  1.967813527509290E-06  4.716596979810242E-07  1.121983276620657E-07  7.847924418588425E-07  2.086461935273221E-07
6.48 1.394683856520526E-06  1.413945131116049E-06  2.918647130056224E-07  5.574699341759690E-08  5.606137074297687E-07  1.397072703769157E-07
6.76 1.011148242945666E-06  1.050230753590960E-06  1.836980275359484E-07  2.849628957786219E-08  4.102834994967277E-07  9.798460050027335E-08
7.04 7.393190838967546E-07  7.599624325457075E-07  1.223544829916077E-07  1.586860617939310E-08  3.068167770319561E-07  7.118032754629896E-08
7.32 5.664410890448729E-07  5.813259440531848E-07  8.573091764386481E-08  9.190831633286426E-09  2.315169954859506E-07  5.104195833556278E-08
7.6 4.270262976921668E-07  4.376033072672708E-07  6.208257983149623E-08  5.893565207292331E-09  1.755196388867882E-07  3.848381930006236E-08
7.88 3.208557123288424E-07  3.353917382214025E-07  4.612530145753998E-08  3.932062176346737E-09  1.366494564995556E-07  2.911380880004898E-08
8.16 2.505533683281829E-07  2.549525695797239E-07  3.463136531475869E-08  2.776653066682931E-09  1.063739026991972E-07  2.239538278484646E-08
8.44 1.908204346809967E-07  1.983854381716045E-07  2.705022922885736E-08  2.046720136359514E-09  8.285936546361802E-08  1.691469658033452E-08
8.72 1.502017588460563E-07  1.538298029430921E-07  2.106256007027876E-08  1.519308040541779E-09  6.551880271418716E-08  1.323573852586266E-08
9.0 1.178461502338889E-07  1.217709790084785E-07  1.673229166550178E-08  1.158221264874866E-09  5.184970498361907E-08  1.050063835767507E-08
9.28 9.218510972022621E-08  9.729140603311079E-08  1.321435570946467E-08  8.884291561781321E-10  4.168663598566518E-08  8.323131294056995E-09
9.56 7.311860333464693E-08  7.625885814810625E-08  1.047617051280546E-08  6.960366676300165E-10  3.295261240403221E-08  6.606555946096603E-09
9.84 5.851381138013706E-08  6.161342503153484E-08  8.355580325487237E-09  5.462493137097406E-10  2.659781176105995E-08  5.264486928213646E-09
10.12 4.723282429729470E-08  4.943072965691840E-08  6.867947552647134E-09  4.309546692209861E-10  2.186080976833674E-08  4.282029786120468E-09
10.4 3.758621028309344E-08  3.992947217038003E-08  5.462287508171011E-09  3.439864966786601E-10  1.747887011195617E-08  3.399704108965143E-09
10.68 3.062148337931019E-08  3.265831843293785E-08  4.461840166255490E-09  2.726610024272695E-10  1.442057652921149E-08  2.768431016096315E-09
10.96 2.497557602518393E-08  2.657844050868868E-08  3.626440801607438E-09  2.184901313056178E-10  1.180484477491361E-08  2.241381161339975E-09
11.24 2.054400927450129E-08  2.181704401409280E-08  2.936128078151370E-09  1.741645660590226E-10  9.801383840170027E-09  1.850472085822264E-09
11.52 1.706133458335159E-08  1.771691978564966E-08  2.460882092209362E-09  1.407266121196583E-10  8.015022345024875E-09  1.521874665359239E-09
11.8 1.395066816053581E-08  1.470225258332152E-08  2.008825655495048E-09  1.150999415113440E-10  6.658304024206138E-09  1.222635273664313E-09
12.08 1.155309736446186E-08  1.217170950468465E-08  1.664762506398482E-09  9.298251368661925E-11  5.549823042920006E-09  1.016411995625969E-09
12.36 9.476821340543409E-09  1.016285351280645E-08  1.387092726514603E-09  7.589420139962773E-11  4.653316726109125E-09  8.379844544324021E-10
12.64 7.839880816927203E-09  8.493921726030252E-09  1.162595054609275E-09  6.212175359143100E-11  3.921485284483649E-09  6.886592492458212E-10
12.92 6.581536781152410E-09  7.086573827349833E-09  9.518859405029109E-10  5.039889967184407E-11  3.246311517289331E-09  5.738818951906025E-10
13.2 5.511335348081867E-09  5.946308334130015E-09  8.052195537481173E-10  4.159989170219482E-11  2.745931911451044E-09  4.881407830727182E-10
13.48 4.616515360035136E-09  4.998795319290807E-09  6.641119253123610E-10  3.441255119656044E-11  2.344842819686091E-09  4.129473631910727E-10
13.76 3.886457023781303E-09  4.186787770729179E-09  5.746954665912680E-10  2.837693674410480E-11  1.956491672753781E-09  3.422563296838731E-10
14.04 3.285882543252020E-09  3.554290031427409E-09  4.735914186353910E-10  2.343757501340568E-11  1.672508331209293E-09  2.885968969536840E-10
14.32 2.791386671163724E-09  3.016607302275593E-09  4.065304508583250E-10  1.924225419298734E-11  1.405090657077351E-09  2.412388076073665E-10
14.6 2.335763055531579E-09  2.576770848040340E-09  3.390220984021346E-10  1.603920189156026E-11  1.207043680246798E-09  2.051490333325476E-10
14.88 2.004424744516959E-09  2.181791539948733E-09  2.910032885219481E-10  1.357126068922708E-11  1.037115236720178E-09  1.729234785472803E-10
15.16 1.708672920666307E-09  1.861027146348304E-09  2.476609893316687E-10  1.138773359160450E-11  8.729353175218552E-10  1.475668408984868E-10
15.44 1.451399306486287E-09  1.611049619998419E-09  2.104466215215533E-10  9.421998075976511E-12  7.470383594468154E-10  1.248563264507442E-10
15.72 1.246904788904176E-09  1.375030144745753E-09  1.805776036502424E-10  7.968156147237514E-12  6.610367728159762E-10  1.057313168815126E-10
16. 1.074148468060505E-09  1.167216839933386E-09  1.536784480119838E-10  6.693490587923968E-12  5.580479712377549E-10  9.019406616947793E-11



The column labels in each files are the same as following:
Pt, pi+, pi-, p, pbar, K+, K-

These are cross sections normalized by number of binary scatterings already.
So R_AA=AA/pp. the default files are for hijing shadowing, files with eks
labels are for EKS shadowing.

