2.0 8.628162014837211E-03  8.620274160292480E-03  2.773460806960556E-02  2.211494630033715E-02  4.998049873857852E-03  3.706264653472973E-03
2.28 2.812449673325656E-03  2.823975398517005E-03  8.416684167333656E-03  6.094343241802338E-03  1.925252004969569E-03  1.422695614589993E-03
2.56 1.041599554805292E-03  1.042837664799598E-03  2.784909724343326E-03  1.834239008844741E-03  7.588441164714859E-04  5.445748503871528E-04
2.84 4.507469935214592E-04  4.539804126629748E-04  1.099785492738116E-03  6.801662797112234E-04  3.270126297689527E-04  2.279941264046217E-04
3.12 2.174745599824736E-04  2.171318784622424E-04  4.776424932730396E-04  2.804878134661098E-04  1.545380081473768E-04  1.028088323395012E-04
3.4 1.129019298559199E-04  1.119091789348863E-04  2.208565270466518E-04  1.208878639316625E-04  7.610346201821661E-05  4.891835092447567E-05
3.68 6.153298954409230E-05  6.171239886510695E-05  1.061408658604350E-04  5.567501460914479E-05  3.940014097751500E-05  2.416876513252500E-05
3.96 3.558066981930068E-05  3.574616362192324E-05  5.247248660318566E-05  2.604114532947979E-05  2.148545440347098E-05  1.225754064024526E-05
4.24 2.137947601361046E-05  2.167268912209478E-05  2.676855390803326E-05  1.243825271841765E-05  1.209738962600491E-05  6.402641964002077E-06
4.52 1.337755763394511E-05  1.352214243293737E-05  1.376137695733461E-05  6.015871166902400E-06  7.074171649401953E-06  3.439793186917250E-06
4.8 8.581328797905374E-06  8.716029452509377E-06  7.201852315829277E-06  2.933999897051238E-06  4.293105197183690E-06  1.886694177675278E-06
5.08 5.652567350064866E-06  5.709610334441490E-06  3.833413124908134E-06  1.425884173166622E-06  2.673649159886559E-06  1.058053459447364E-06
5.36 3.804493275139216E-06  3.846074506517679E-06  2.065776510518730E-06  6.975806777010218E-07  1.724874150536446E-06  6.106633135327054E-07
5.64 2.625381015610817E-06  2.671986841288322E-06  1.129895028916184E-06  3.428674571062236E-07  1.157591512842308E-06  3.687608480379283E-07
5.92 1.842111479076531E-06  1.865864403701345E-06  6.324050999177188E-07  1.683804415275876E-07  7.901372175812903E-07  2.298616135430102E-07
6.2 1.312771115005074E-06  1.341425207726530E-06  3.675975104430231E-07  8.327121399524148E-08  5.563618308275018E-07  1.482184778808272E-07
6.48 9.411665517983831E-07  9.633400955929796E-07  2.191716606169605E-07  4.211955225472972E-08  3.977550450979126E-07  9.937341621963863E-08
6.76 6.898723327173905E-07  7.056931942650688E-07  1.377375845203150E-07  2.168070543828116E-08  2.934997810632522E-07  6.898240401187270E-08
7.04 5.079420276175151E-07  5.244125992387178E-07  9.098833037778961E-08  1.172810996727591E-08  2.181416537586611E-07  4.921128048497838E-08
7.32 3.825568195326449E-07  3.920498056056176E-07  6.224574559623402E-08  6.749247804553680E-09  1.652699575252426E-07  3.593048216901649E-08
7.6 2.884931268954402E-07  2.980836528874565E-07  4.472512089399880E-08  4.177707961284394E-09  1.256745556706969E-07  2.678214034302881E-08
7.88 2.194236218051904E-07  2.263684024843712E-07  3.305853208365571E-08  2.762789205917312E-09  9.637556408489160E-08  2.012699020788569E-08
8.16 1.684269263230021E-07  1.751726654659795E-07  2.510230900018629E-08  1.928469814518787E-09  7.484153895934132E-08  1.544684955126515E-08
8.44 1.301178032443497E-07  1.356281933302686E-07  1.924610424204367E-08  1.399908678481516E-09  5.842491767937250E-08  1.195009251138596E-08
8.72 1.018474660479930E-07  1.065277878516124E-07  1.491028541147899E-08  1.051200774086216E-09  4.646545177390553E-08  9.254229606161687E-09
9.0 7.953505499498165E-08  8.357211835686960E-08  1.172872320760511E-08  7.989432672245944E-10  3.671437502954695E-08  7.291913314677962E-09
9.28 6.304367965056009E-08  6.591747633274312E-08  9.284172451402212E-09  6.142902204070139E-10  2.921234655588042E-08  5.747886549755517E-09
9.56 5.027715084461953E-08  5.272706110516962E-08  7.462699307728298E-09  4.793876615703107E-10  2.345852275686861E-08  4.558281596261966E-09
9.84 4.002771978661777E-08  4.211738971551380E-08  5.964809831755473E-09  3.737585385893827E-10  1.891032376224283E-08  3.657302085403532E-09
10.12 3.207309761249804E-08  3.409775610081370E-08  4.788029964725108E-09  2.976626115564564E-10  1.530331853668420E-08  2.929703248371179E-09
10.4 2.592283754963571E-08  2.742574132932551E-08  3.892887189738943E-09  2.332189217620018E-10  1.244835123712429E-08  2.359572610142829E-09
10.68 2.111980746582058E-08  2.231139955899328E-08  3.161844217088460E-09  1.864630592793508E-10  1.018211827847192E-08  1.904267802206548E-09
10.96 1.713995592221881E-08  1.819309525580951E-08  2.576896629543916E-09  1.497454533806714E-10  8.391551282102898E-09  1.548020471307284E-09
11.24 1.397728964663004E-08  1.495814901582517E-08  2.102671044606328E-09  1.200830334779466E-10  6.874710221714689E-09  1.263626491054314E-09
11.52 1.157144444439491E-08  1.233192465859637E-08  1.736039135049204E-09  9.671491665434536E-11  5.707621835800188E-09  1.037013125198274E-09
11.8 9.512717905915099E-09  1.014455926683885E-08  1.426450519219488E-09  7.734302275620080E-11  4.726992037233303E-09  8.523916590118870E-10
12.08 7.854596416102125E-09  8.438842243904783E-09  1.187522105396152E-09  6.323122270981897E-11  3.952977540268221E-09  7.013113660150925E-10
12.36 6.541361557336387E-09  6.982507081060820E-09  9.788953052086101E-10  5.164092025940192E-11  3.299626667216008E-09  5.825421120412066E-10
12.64 5.417674429899828E-09  5.875854016061933E-09  8.175491570564610E-10  4.191388772598188E-11  2.750206245709813E-09  4.824056677685672E-10
12.92 4.527916167817387E-09  4.881753213469050E-09  6.808775987248148E-10  3.457606193849955E-11  2.312875070959864E-09  4.015162994956626E-10
13.2 3.797313561558627E-09  4.102561888102977E-09  5.689901134112770E-10  2.840889437625524E-11  1.938850072136531E-09  3.357985183324006E-10
13.48 3.186851598032646E-09  3.459238408627988E-09  4.791111506221145E-10  2.344424344917870E-11  1.644548954150720E-09  2.805871292598900E-10
13.76 2.698195158630536E-09  2.910205127072916E-09  3.998171456842906E-10  1.942316835734420E-11  1.391369647663546E-09  2.360241948161902E-10
14.04 2.284191272045729E-09  2.470984534800169E-09  3.390758184501978E-10  1.606336392363404E-11  1.179812737053956E-09  1.987523423226196E-10
14.32 1.939035419593191E-09  2.099995642561746E-09  2.864843305262720E-10  1.333006677169109E-11  1.006748512636313E-09  1.663579689792765E-10
14.6 1.640807788519454E-09  1.772385590023850E-09  2.420676982054296E-10  1.110067534638078E-11  8.519738093548406E-10  1.415409745674923E-10
14.88 1.386944597185446E-09  1.520695504061059E-09  2.051059666475737E-10  9.279583925731958E-12  7.323197389265672E-10  1.196681974083667E-10
15.16 1.191577732572398E-09  1.305053844677069E-09  1.748269425868424E-10  7.769091949753775E-12  6.255570560977701E-10  1.012517273985842E-10
15.44 1.014467571183745E-09  1.105722464155447E-09  1.487043941601416E-10  6.503491671942831E-12  5.332274788095618E-10  8.642778603472236E-11
15.72 8.642932207666700E-10  9.568776721584638E-10  1.265512550441053E-10  5.469227260193778E-12  4.582609096396352E-10  7.355244102452682E-11
16. 7.442639996515480E-10  8.174156988422679E-10  1.083231150179310E-10  4.607822305850381E-12  3.967269044101861E-10  6.268241176559435E-11



The column labels in each files are the same as following:
Pt, pi+, pi-, p, pbar, K+, K-

These are cross sections normalized by number of binary scatterings already.
So R_AA=AA/pp. the default files are for hijing shadowing, files with eks
labels are for EKS shadowing.


