2.00 1.861075654119417E-2  1.878194033591502E-2  1.612835211164542E-2  1.302121494169835E-2  6.260395442393620E-3 4.424302526408710E-3
2.28 7.447865789627881E-3  7.459495718551770E-3  6.296016432935535E-3  4.924536913264989E-3  2.620885437357548E-3 1.848716909360545E-3
2.56 3.186818592533402E-3  3.187801252012034E-3  2.740994697201635E-3  1.981495308412567E-3  1.205576035602411E-3 8.082576183800901E-4
2.84 1.496430801254649E-3  1.486036529704573E-3  1.229177507255060E-3  8.863567030764324E-4  5.740878266364489E-4 3.767679966196105E-4
3.12 7.359148115510297E-4  7.316033479398901E-4  5.754406123497373E-4  4.000605010241916E-4  2.829765851160166E-4 1.820058828354857E-4
3.40 3.863213667662829E-4  3.861906338613036E-4  2.837981578351850E-4  1.883332368993074E-4  1.522497924708355E-4 9.276134942341162E-5
3.68 2.135131092611567E-4  2.150752939480565E-4  1.434713185757724E-4  9.176025538333835E-5  8.230569634700479E-5 4.933710744547598E-5
3.96 1.245773645670902E-4  1.224291182570865E-4  7.488917240702913E-5  4.671410514602266E-5  4.637363211343156E-5 2.594386213759379E-5
4.24 7.427366615020253E-5  7.508821182613950E-5  4.047435147260724E-5  2.310060436996050E-5  2.709094987429841E-5 1.415793707708090E-5
4.52 4.657618430591134E-5  4.678899367835626E-5  2.147267181706779E-5  1.177281267366067E-5  1.609150582798144E-5 7.649321107926311E-6
4.80 2.929522024823935E-5  2.971361717120260E-5  1.168379914521244E-5  6.162824118845059E-6  9.801675770057330E-6 4.413643989939004E-6
5.08 1.958427899935026E-5  1.972708780788013E-5  6.608014698964662E-6  3.132864312755322E-6  6.303914924143861E-6 2.551870078633104E-6
5.36 1.308923132539603E-5  1.323680258698144E-5  3.636934267471520E-6  1.596778428256708E-6  4.042488737861503E-6 1.522380089524812E-6
5.64 8.931910286162443E-6  9.085172920535187E-6  2.080519931609162E-6  8.112454370049646E-7  2.759809881562530E-6 9.372527616973418E-7
5.92 6.208123504630077E-6  6.312224860650651E-6  1.221503658227674E-6  4.183602271478384E-7  1.929421339902511E-6  5.967958666162300E-7
6.20 4.411443891807283E-6  4.417613279996560E-6  7.433306399709221E-7  2.116508690235997E-7  1.355661306064333E-6  3.970239710262515E-7
6.48 3.162411117821216E-6  3.222223935147701E-6  4.580638657777863E-7  1.103231725852596E-7  9.803800107850112E-7  2.754718478845209E-7
6.76 2.296552890181281E-6  2.354641492842898E-6  3.019105924049952E-7  5.859285829971609E-8  7.198271774139099E-7  1.964781290005663E-7
7.04 1.682160154775058E-6  1.732997618534989E-6  2.064311583712647E-7  3.252855687611804E-8  5.412893671998304E-7  1.399144779819608E-7
7.32 1.272471679970669E-6  1.277597108633181E-6  1.450771339565386E-7  1.951362464416484E-8  4.133192623519314E-7  1.043032900375235E-7
7.60 9.459842089697142E-7  9.748627272663419E-7  1.073005663626810E-7  1.240237081146474E-8  3.137139973285006E-7  7.761736786591316E-8
7.88 7.197974717718999E-7  7.273010993867461E-7  8.032143752797510E-8  8.429578417239261E-9  2.421076990027271E-7  5.955687242514685E-8
8.16 5.485106012786131E-7  5.658527752207829E-7  6.126217792913599E-8  6.007208379977857E-9  1.905444742302083E-7  4.523024643630493E-8
8.44 4.194371493804131E-7  4.322106722492944E-7  4.852551093902210E-8  4.393042763413082E-9  1.469030523286024E-7  3.531183113976559E-8
8.72 3.297708719437758E-7  3.352051017252441E-7  3.741055272025812E-8  3.278142423628935E-9  1.166495397885800E-7  2.733779522256998E-8
9.00 2.554215968342948E-7  2.629389746653072E-7  2.933367568622667E-8  2.514537267999059E-9  9.173646842330440E-8  2.150081568183464E-8
9.28 2.012748307466301E-7  2.081310984725771E-7  2.357524209694495E-8  1.949247424979154E-9  7.380086572721106E-8  1.700662397792200E-8
9.56 1.595479462120166E-7  1.648020220306191E-7  1.872016128522989E-8  1.502806725030907E-9  6.022445264357427E-8  1.346614192220155E-8
9.84 1.268383681211856E-7  1.317552488958014E-7  1.486751377127932E-8  1.175784960250164E-9  4.804078412907073E-8  1.073228922607023E-8
10.12 1.024664264225847E-7  1.062706118771878E-7  1.212313219890500E-8  9.231484185674648E-10  3.860198812330284E-8 8.583455191927130E-9
10.4 8.230684376951091E-8  8.483966507013858E-8  9.774788593021145E-9  7.450820307061564E-10  3.198577827863128E-8  6.900880956867292E-9
10.68 6.581992416156851E-8  6.714299733648664E-8  8.001291159726187E-9  5.958897155089318E-10  2.616790427414046E-8 5.570371722814713E-9
10.96 5.350800267907384E-8  5.604548826576346E-8  6.404183872936245E-9  4.674828513308576E-10  2.133721346552560E-8 4.593591527725404E-9
11.24 4.300370940942813E-8  4.572783136198122E-8  5.357616711438531E-9  3.825093836970621E-10  1.757561593100500E-8 3.779770078971258E-9
11.52 3.570666007327098E-8  3.737125663275314E-8  4.396012393944031E-9  2.999511939388715E-10  1.466157823464750E-8 3.050351863057793E-9
11.8 2.951113246406987E-8  3.063587743337517E-8  3.583972970142519E-9  2.457543684386557E-10  1.214278220327080E-8  2.524365750201514E-9
12.08 2.408793564595961E-8  2.546392454483550E-8  3.021347051600036E-9  1.982348023485927E-10  1.012003200528924E-8 2.084883717212830E-9
12.36 1.988362706369192E-8  2.084379060945713E-8  2.488028703048528E-9  1.637407413309990E-10  8.461755707660169E-9 1.711324117237931E-9
12.64 1.667680852345289E-8  1.723444920197535E-8  2.091653258103272E-9  1.317028839207203E-10  7.066818716770055E-9 1.416552247417947E-9
12.92 1.388932225991027E-8  1.450769784987821E-8  1.732359985332550E-9  1.088917352738017E-10  5.997348289200390E-9 1.190637205106190E-9
13.2 1.156317770830921E-8  1.220718737538396E-8  1.471312798236175E-9  8.966130289659688E-11  4.999649053807147E-9  9.932972003867591E-10
13.48 9.678515615035581E-9  1.016909564771918E-8  1.224468633533242E-9  7.328767825081941E-11  4.235224526362373E-9 8.187456939794732E-10
13.76 8.237116863501897E-9  8.571505818095526E-9  1.060127040255929E-9  6.012863373805371E-11  3.612114552429647E-9 6.879510029259384E-10
14.04 6.921979429113796E-9  7.178240471013084E-9  8.729868087708264E-10  5.053865000241334E-11  3.041965078394760E-9 5.821053379829153E-10
14.32 5.848894849424861E-9  6.139949193226043E-9  7.347480665024718E-10  4.152698076634945E-11  2.598027673410588E-9 4.990845272766708E-10
14.6 4.930744431310855E-9  5.200791274417136E-9  6.296180633993104E-10  3.403887116127959E-11  2.205978928319910E-9  4.205786549577061E-10
14.88 4.162135440515861E-9  4.484658039795180E-9  5.333034867352661E-10  2.922331521344569E-11  1.905379787218272E-9 3.503636400410632E-10
15.16 3.527690376562907E-9  3.833935657198987E-9  4.480307338811572E-10  2.418735794031608E-11  1.638878375024362E-9 2.998164566442424E-10
15.44 3.036587959396980E-9  3.248681811096709E-9  3.866229195317175E-10  2.021739128447138E-11  1.398964129617478E-9 2.525504165346984E-10
15.72 2.559667046643652E-9  2.787659798293771E-9  3.317489175524935E-10  1.710237018707237E-11  1.169375039134162E-9 2.145890963623127E-10
16.0 2.185120270324941E-9  2.406445402148599E-9  2.830367467370597E-10  1.430910741701684E-11  1.030745681053412E-9  1.839183499954569E-10



The column labels in each files are the same as following:
Pt, pi+, pi-, p, pbar, K+, K-

These are cross sections normalized by number of binary scatterings already.
So R_AA=AA/pp. the default files are for hijing shadowing, files with eks
labels are for EKS shadowing.

