2.0  2.064321159231111E-2 2.015216550166079E-2 7.580189616128978E-3 5.039614222426566E-3 6.173838899423920E-3 4.036235959421096E-3
2.28  8.125916825523662E-3 7.927361783854414E-3 3.029003256129418E-3 1.925137894361091E-3 2.582184912447735E-3 1.661975009911000E-3
2.56  3.505591316272452E-3 3.322768876456591E-3 1.293803830487674E-3 7.779963259864432E-4 1.164172801966203E-3 7.264922344569951E-4
2.84  1.631135871206370E-3 1.548927968149203E-3 5.813289850124089E-4 3.324468184731880E-4 5.517961558440169E-4 3.349547572757284E-4
3.12  8.096998907790779E-4 7.711350567509037E-4 2.751658152443482E-4 1.481499389093753E-4 2.778862170869265E-4 1.627067612140026E-4
3.40  4.270875425711900E-4 4.021956340935283E-4 1.379265697798555E-4 6.857478255970696E-5 1.457141482865184E-4 8.179661880230009E-5
3.68  2.400290082731947E-4 2.241283899714695E-4 7.040046969438999E-5 3.227434740975156E-5 7.917161581210761E-5 4.243470841155870E-5
3.96  1.401448085901240E-4 1.299149719542329E-4 3.704628538433879E-5 1.540353639493269E-5 4.480314749885507E-5 2.264659937136370E-5
4.24  8.452635850122650E-5 7.823707038604564E-5 1.953066781316827E-5 7.376000733551962E-6 2.601305676943269E-5 1.231806225170102E-5
4.52  5.286025235881376E-5 4.863219421930728E-5 1.067327883703957E-5 3.553561772327127E-6 1.561127466736031E-5 6.926578861807943E-6
4.80  3.415704696530128E-5 3.099093737803659E-5 5.894700498641730E-6 1.737104965255563E-6 9.689374819827080E-6 3.928199243647828E-6
5.08  2.258454248470948E-5 2.038567992461669E-5 3.369485295514461E-6 8.327129932954422E-7 6.137154042536614E-6 2.315195160359892E-6
5.36  1.518995344804941E-5 1.359538703038137E-5 2.024589651490865E-6 4.139033829347021E-7 4.032974260953934E-6 1.403294503310188E-6
5.64  1.045146682872475E-5 9.319134218903388E-6 1.254134657830291E-6 2.180699759902769E-7 2.719729819194570E-6 8.875674697078381E-7
5.92  7.327302136573597E-6 6.541419215848745E-6 8.189829573324809E-7 1.195305045744579E-7 1.891430958816567E-6 5.845097820880824E-7
6.20  5.213756573360656E-6 4.548085806851531E-6 5.624292165049209E-7 7.065649747551707E-8 1.346977569176512E-6 4.016986342775452E-7
6.48  3.774429247716753E-6 3.257771028109772E-6 3.987703597559397E-7 4.537145310359920E-8 9.796117337516630E-7 2.802921715838883E-7
6.76  2.754856243575170E-6 2.372858169913903E-6 2.892142018456775E-7 3.062088035405524E-8 7.281925040160973E-7 2.015519253882339E-7
7.04  2.041023485708692E-6 1.738729061040765E-6 2.161815605854836E-7 2.144216889583427E-8 5.495246845366855E-7 1.479318609390482E-7
7.32  1.526244830187375E-6 1.294222736035247E-6 1.643982266084464E-7 1.534960192753007E-8 4.146679542304665E-7 1.097969781391068E-7
7.60  1.150040813891144E-6 9.591901108974623E-7 1.257815165921939E-7 1.126684364913857E-8 3.184441787554042E-7 8.297139677348495E-8
7.88  8.787052325387154E-7 7.271272575582795E-7 9.691641178325114E-8 8.388419644828046E-9 2.458991817980428E-7 6.361752453999972E-8
8.16  6.755153841530143E-7 5.512988173790520E-7 7.555704723500088E-8 6.316714067227193E-9 1.925741166643788E-7 4.884747826233209E-8
8.44  5.231644678344522E-7 4.255422298129680E-7 5.940066886224278E-8 4.847726263571178E-9 1.503848925513774E-7 3.781425908896882E-8
8.72  4.072266370267642E-7 3.264502353128693E-7 4.679775735258045E-8 3.694634319529470E-9 1.191832038686856E-7 2.949111652736389E-8
9.0  3.198628798501641E-7 2.552530418468454E-7 3.718666079299132E-8 2.857306426955321E-9 9.537665734417186E-8 2.312180885844268E-8
9.28  2.536073361309915E-7 1.999075903403316E-7 2.984324158181224E-8 2.223660806728302E-9 7.610536896903357E-8 1.834970053237120E-8
9.56  2.011690485513626E-7 1.561261114948627E-7 2.366588598241485E-8 1.738563643115076E-9 6.122901678625723E-8 1.446821954044431E-8
9.84  1.602005103482538E-7 1.241750785837872E-7 1.924011105762041E-8 1.345626055035067E-9 4.940771783917851E-8 1.161283902404465E-8
10.12  1.295702342907313E-7 9.929130651842858E-8 1.564913837976450E-8 1.073742248039553E-9 4.026392934901612E-8 9.334642685928370E-9
10.4  1.050558310640662E-7 7.936989270690905E-8 1.276626752935533E-8 8.566737238527908E-10 3.303960770669716E-8 7.540248052826735E-9
10.68  8.586658159023687E-8 6.376320710499177E-8 1.043400449785468E-8 6.864422495103862E-10 2.691628825591534E-8 6.120908924340135E-9
10.96  6.991261389694901E-8 5.168445274417090E-8 8.603055842331733E-9 5.512189337465416E-10 2.244387426336252E-8 4.964353191019532E-9
11.24  5.711648005827126E-8 4.205152321715337E-8 7.095356814590635E-9 4.434356342558568E-10 1.849185180901329E-8 4.051957824851061E-9
11.52  4.719260706305141E-8 3.424111517967286E-8 5.840474184968811E-9 3.571773976976799E-10 1.538145948161476E-8 3.330824115244234E-9
11.8  3.892722627265098E-8 2.812896059893320E-8 4.848733936382681E-9 2.892625457487982E-10 1.277038327592883E-8 2.740448742987100E-9
12.08  3.251568382620414E-8 2.304016068031935E-8 4.035186963147408E-9 2.348000117413871E-10 1.064840405788603E-8 2.269444544616002E-9
12.36  2.685578548201951E-8 1.902236546332394E-8 3.380259058946914E-9 1.933221918765515E-10 8.956312370175840E-9 1.875830451108275E-9
12.64  2.235167715404660E-8 1.565645252547833E-8 2.830799242502644E-9 1.580615628092562E-10 7.544677193002148E-9 1.556273762140483E-9
12.92  1.881147804601427E-8 1.302307850343781E-8 2.376057751587093E-9 1.296403678509139E-10 6.360599955856904E-9 1.295275131205114E-9
13.2  1.590150611488743E-8 1.084901030243339E-8 1.991543828424449E-9 1.072870064016204E-10 5.373795780704503E-9 1.082166000641744E-9
13.48  1.340263021063625E-8 8.940600779433862E-9 1.688462583007661E-9 8.834574228462778E-11 4.569915230683551E-9 9.102956591718755E-10
13.76  1.125503572971527E-8 7.578681568516357E-9 1.414991008972482E-9 7.379792935852180E-11 3.899508907578151E-9 7.676504313175131E-10
14.04  9.565672847899092E-9 6.311215956221382E-9 1.203953490608416E-9 6.101076655949238E-11 3.320602691180136E-9 6.440503762434543E-10
14.32  8.087161840120897E-9 5.324145339635870E-9 1.019753307083145E-9 5.049037427196870E-11 2.841243255042133E-9 5.459334300918312E-10
14.6  6.919280307237082E-9 4.495909094178411E-9 8.726287374464471E-10 4.249889243085529E-11 2.423129771531579E-9 4.608767929903837E-10
14.88  5.893121154768569E-9 3.820325100497164E-9 7.446031331147095E-10 3.552707128258588E-11 2.085202370315992E-9 3.890247956604301E-10
15.16  5.061496799008730E-9 3.221759549384163E-9 6.367962121276732E-10 2.985317100654574E-11 1.796562598102097E-9 3.295940255944613E-10
15.44  4.380318206313171E-9 2.721187111715361E-9 5.433070332611920E-10 2.493630942583933E-11 1.544434721018970E-9 2.822096387381842E-10
15.72  3.728581675383270E-9 2.324783192487030E-9 4.613295862527630E-10 2.102030565873878E-11 1.337061149377311E-9 2.414957274146385E-10
16.0  3.187439289119147E-9 1.986111893982601E-9 3.991586394225337E-10 1.783349251947870E-11 1.163396601428767E-9 2.051818494776033E-10


The column labels in each files are the same as following:
Pt, pi+, pi-, p, pbar, K+, K-

These are cross sections normalized by number of binary scatterings already.
So R_AA=AA/pp. the default files are for hijing shadowing, files with eks
labels are for EKS shadowing.

