  1.0000E+01  2.7883E-02  0.0  9.7212E-01
  3.0000E+01  2.4564E-01  0.0  7.5436E-01
  5.0000E+01  3.8707E-01  0.0  6.1293E-01
  7.0000E+01  4.8525E-01  0.0  5.1475E-01
  1.0000E+02  5.8093E-01  0.0  4.1907E-01
  150.0	      0.677	  0.0  0.333
  2.0000E+02  7.2177E-01  0.0  2.7823E-01
  250.0	      0.76	  0.0  0.24
  3.0000E+02  7.7518E-01  0.0  2.2482E-01
  4.0000E+02  8.0315E-01  0.0  1.9685E-01
  5.0000E+02  8.2004E-01  0.0  1.7996E-01
  6.0000E+02  8.3174E-01  0.0  1.6826E-01
  7.0000E+02  8.3964E-01  0.0  1.6036E-01
  8.0000E+02  8.4621E-01  0.0  1.5379E-01
  9.0000E+02  8.5103E-01  0.0  1.4897E-01
  1.0000E+03  8.5508E-01  0.0  1.4492E-01
  2.0000E+03  8.7486E-01  0.0  1.2514E-01
  3.0000E+03  8.8248E-01  0.0  1.1752E-01
  4.0000E+03  8.8663E-01  0.0  1.1337E-01
  5.0000E+03  8.8842E-01  0.0  1.1158E-01
  6.0000E+03  8.9042E-01  0.0  1.0958E-01
  7.0000E+03  8.9256E-01  0.0  1.0744E-01
  8.0000E+03  8.9393E-01  0.0  1.0607E-01


KKP NLO: sqrt(s)     Dg          Dq
contributions at pT = 5 GeV/c : 
D_g: gluon fragmentation --> h+/-
D_q: quark fragmentation --> h+/-
versus sqrt(s).

Kretzer:
  1.0000E+01  1.1474E-02  0.0    9.8853E-01
  2.0000E+01  5.5562E-02  0.0    9.4444E-01
  3.0000E+01  1.1959E-01  0.0    8.8041E-01
  4.0000E+01  1.8206E-01  0.0    8.1794E-01
  5.0000E+01  2.3939E-01  0.0    7.6061E-01
  6.0000E+01  2.9046E-01  0.0    7.0954E-01
  7.0000E+01  3.3573E-01  0.0    6.6427E-01
  8.0000E+01  3.7510E-01  0.0    6.2490E-01
  9.0000E+01  4.0989E-01  0.0    5.9011E-01
  1.0000E+02  4.4028E-01  0.0    5.5972E-01
  2.0000E+02  6.1344E-01  0.0    3.8656E-01
  3.0000E+02  6.8481E-01  0.0    3.1519E-01
  4.0000E+02  7.2380E-01  0.0    2.7620E-01
  5.0000E+02  7.4756E-01  0.0    2.5244E-01
  6.0000E+02  7.6423E-01  0.0    2.3577E-01
  7.0000E+02  7.7546E-01  0.0    2.2454E-01
  8.0000E+02  7.8508E-01  0.0    2.1492E-01
  9.0000E+02  7.9236E-01  0.0    2.0764E-01
  1.0000E+03  7.9831E-01  0.0    2.0169E-01
  2.0000E+03  8.2772E-01  0.0    1.7228E-01
  3.0000E+03  8.3964E-01  0.0    1.6036E-01
  4.0000E+03  8.4618E-01  0.0    1.5382E-01
  5.0000E+03  8.4957E-01  0.0    1.5043E-01
  6.0000E+03  8.5240E-01  0.0    1.4760E-01
  7.0000E+03  8.5627E-01  0.0    1.4373E-01
  8.0000E+03  8.5810E-01  0.0    1.4190E-01


KKP, LO:
  1.0000E+01  7.9309E-03  0.0    9.9207E-01
  2.0000E+01  8.4360E-02  0.0    9.1564E-01
  3.0000E+01  1.5825E-01  0.0    8.4175E-01
  4.0000E+01  2.2470E-01  0.0    7.7530E-01
  5.0000E+01  2.8247E-01  0.0    7.1753E-01
  6.0000E+01  3.3239E-01  0.0    6.6761E-01
  7.0000E+01  3.7470E-01  0.0    6.2530E-01
  8.0000E+01  4.1157E-01  0.0    5.8843E-01
  9.0000E+01  4.4322E-01  0.0    5.5678E-01
  1.0000E+02  4.7084E-01  0.0    5.2916E-01
  2.0000E+02  6.2458E-01  0.0    3.7542E-01
  3.0000E+02  6.8776E-01  0.0    3.1224E-01
  4.0000E+02  7.2190E-01  0.0    2.7810E-01
  5.0000E+02  7.4294E-01  0.0    2.5706E-01
  6.0000E+02  7.5752E-01  0.0    2.4248E-01
  7.0000E+02  7.6822E-01  0.0    2.3178E-01
  8.0000E+02  7.7632E-01  0.0    2.2368E-01
  9.0000E+02  7.8259E-01  0.0    2.1741E-01
  1.0000E+03  7.8782E-01  0.0    2.1218E-01
  2.0000E+03  8.1265E-01  0.0    1.8735E-01
  3.0000E+03  8.2166E-01  0.0    1.7834E-01
  4.0000E+03  8.2679E-01  0.0    1.7321E-01
  5.0000E+03  8.2983E-01  0.0    1.7017E-01
  6.0000E+03  8.3203E-01  0.0    1.6797E-01
  7.0000E+03  8.3371E-01  0.0    1.6629E-01
  8.0000E+03  8.3502E-01  0.0    1.6498E-01




