PION 14 TeV scale pT

25455947.1
7758727.58
2839090.64
1207898.97
571279.812
293042.728
161049.846
93216.8798
56457.6752
35483.8049
23005.707
15340.7085
7324.93601
2782.66652
727.613888
239.399016
92.7402455
40.2765001
9.96645518

PION 14 TeV scale pT/2

36696939.2
11450979.4
4264274.95
1791851.87
837180.269
423106.172
227392.651
128240.124
76424.0127
47382.8959
30398.8945
20065.6079
9404.06049
3516.16941
887.303785
284.573089
108.515392
46.8733749
11.3695463

PION 14 TeV scale 2*pT

19238523.5
5847355.6
2172779.78
929310.888
440310.984
226628.894
124693.967
72394.9282
43967.7777
27709.5131
18025.4443
12052.7458
5781.29356
2209.77452
581.15145
192.246115
74.9128416
32.8933085
8.20903126

4. 
5. 
6. 
7. 
8. 
9. 
10.
11.
12.
13.
14.
15.
17.
20.
25.
30.
35.
40.
50.
