  2.700E+00  4.037E+06
  2.900E+00  2.460E+06
  3.160E+00  1.346E+06
  3.550E+00  5.897E+05
  4.060E+00  2.257E+05
  4.700E+00  7.773E+04
  5.480E+00  2.517E+04
  6.420E+00  7.749E+03
  7.430E+00  2.564E+03
  8.430E+00  9.694E+02
  9.440E+00  4.000E+02


  1.450E+00  2.720E+08
  1.550E+00  1.755E+08
  1.650E+00  1.160E+08
  1.750E+00  7.813E+07
  1.850E+00  5.365E+07
  1.950E+00  3.778E+07
  2.050E+00  2.686E+07
  2.150E+00  1.944E+07
  2.250E+00  1.414E+07
  2.350E+00  1.052E+07
  2.490E+00  7.076E+06

for KKP with scale 2pt:
