  2.0000E+01  8.8116E-02  0.0  9.1209E-01
  3.0000E+01  1.6364E-01  0.0  8.3630E-01
  4.0000E+01  2.3061E-01  0.0  7.6939E-01
  5.0000E+01  2.8962E-01  0.0  7.1033E-01
  6.0000E+01  3.4107E-01  0.0  6.5893E-01
  7.0000E+01  3.8620E-01  0.0  6.1348E-01
  8.0000E+01  4.2499E-01  0.0  5.7469E-01
  9.0000E+01  4.5936E-01  0.0  5.4049E-01
  1.0000E+02  4.8939E-01  0.0  5.1067E-01
  2.0000E+02  6.5651E-01  0.0  3.4325E-01
  3.0000E+02  7.2614E-01  0.0  2.7430E-01
  4.0000E+02  7.6150E-01  0.0  2.3811E-01
  5.0000E+02  7.8484E-01  0.0  2.1544E-01
  6.0000E+02  8.0063E-01  0.0  1.9990E-01
  7.0000E+02  8.1142E-01  0.0  1.8844E-01
  8.0000E+02  8.2012E-01  0.0  1.8046E-01
  9.0000E+02  8.2663E-01  0.0  1.7327E-01
  1.0000E+03  8.3259E-01  0.0  1.6819E-01
  2.0000E+03  8.5840E-01  0.0  1.4193E-01
  3.0000E+03  8.6901E-01  0.0  1.3150E-01
  4.0000E+03  8.7435E-01  0.0  1.2535E-01
  5.0000E+03  8.7818E-01  0.0  1.2221E-01
  6.0000E+03  8.8035E-01  0.0  1.2000E-01
  7.0000E+03  8.8171E-01  0.0  1.1779E-01
  8.0000E+03  8.8431E-01  0.0  1.1543E-01
  9.0000E+03  8.8489E-01  0.0  1.1402E-01


    sqrt(s)    D_g contr.   D_q contr

contributions at pT = 5 GeV/c : 
D_g: gluon fragmentation --> h+/-
D_q: quark fragmentation --> h+/-
versus sqrt(s).