   2.00000000000000       0.446554130558516
   2.50000000000000       0.459237482837471
   3.00000000000000       0.457336419703929
   3.50000000000000       0.443814568497591
   4.00000000000000       0.395257133703321
   4.50000000000000       0.364666095804502
   5.00000000000000       0.345921963140366
   5.50000000000000       0.334394257996396
   6.00000000000000       0.326946565499892
   6.50000000000000       0.320154623208822
   7.00000000000000       0.313438926802314
   7.50000000000000       0.307871218696865
   8.00000000000000       0.302162098550660


    dN/dy = 800
   Pt            RAA
