   2.00000000000000       0.572300508708800
   2.50000000000000       0.605048163765385
   3.00000000000000       0.605852227421283
   3.50000000000000       0.577363505209961
   4.00000000000000       0.515910473157431
   4.50000000000000       0.478016663850857
   5.00000000000000       0.451632743622962
   5.50000000000000       0.436910813851831
   6.00000000000000       0.426320770558241
   6.50000000000000       0.417319767422423
   7.00000000000000       0.409221698703937
   7.50000000000000       0.402511332243964
   8.00000000000000       0.395754760105678



  dN/dy = 650
Pt            RAA
