2.5 0.23842223
3 0.22514451
3.5 0.21600332
4 0.20853456
4.5 0.20801114
5 0.20890985
5.5 0.21157547
6 0.21538674
6.5 0.21915712
7 0.22289066
7.5 0.2269019
8 0.23097115
8.5 0.2349668
9 0.23860911
9.5 0.24231051
10 0.24593687
10.5 0.24911961
11 0.25230991
11.5 0.25517961
12 0.25778902
12.5 0.26050299
13 0.26292505
13.5 0.26518765
14 0.26728302
14.5 0.26901194
15 0.27063722
15.5 0.27231191
16 0.27351883
16.5 0.27453283
17 0.27560619
17.5 0.27635877
18 0.27710905
18.5 0.27760158
19 0.27810444
19.5 0.27836312
20 0.27862748


upper band:

2.5 0.33026194
3 0.3302726
3.5 0.32427903
4 0.31620257
4.5 0.3148689
5 0.31635956
5.5 0.31940035
6 0.32405152
6.5 0.32842132
7 0.33272388
7.5 0.33730617
8 0.34198186
8.5 0.34635439
9 0.35036848
9.5 0.35442509
10 0.35833767
10.5 0.36168134
11 0.36502198
11.5 0.36800905
12 0.37053392
12.5 0.37334062
13 0.3757525
13.5 0.37800466
14 0.38005137
14.5 0.38165166
15 0.38318036
15.5 0.3847798
16 0.3858547
16.5 0.38670658
17 0.38765884
17.5 0.38817546
18 0.3887031
19 0.38934081
19.5 0.38932387
20 0.38929079

