3.0         0.240511
4.0         0.222512
5.0         0.21893
6.0         0.224506
7.0         0.228184
8.0         0.234308
9.0         0.240007
10.0        0.24388
11.0        0.247393
12.0        0.249521
13.0        0.251546
14.0        0.253102
15.0        0.253987
16.0        0.25314
17.0        0.251984
18.0        0.251082
19.0        0.249384
20.0        0.247425


finer binning:

3.0       0.24051168
3.5       0.22872487
4.0       0.22251292
4.5       0.21942279
5.0       0.21893174
5.5       0.22203776
6.0       0.22450641
6.5       0.227076
7.0       0.2301294
7.5       0.23351663
8.0       0.23605282
8.5       0.23884604
9.0       0.24122508
9.5       0.24340828
10.0      0.24533964
10.5      0.24723936
11.0      0.24849982
11.5      0.24985332
12.0      0.25093406

P_T          R_AA



2.5   0.23842223
3     0.22514451
3.5   0.21600332
4     0.20853456
4.5   0.20801114
5     0.20890985
5.5   0.21157547
6     0.21538674
6.5   0.21915712
7     0.22289066
7.5   0.2269019
8     0.23097115
8.5   0.2349668
9     0.23860911
9.5   0.24231051
10    0.24593687
10.5  0.24911961
11    0.25230991
11.5  0.25517961
12    0.25778902
12.5  0.26050299
13    0.26292505
13.5  0.26518765
14    0.26728302
14.5  0.26901194
15    0.27063722
15.5  0.27231191
16    0.27351883
16.5  0.27453283
17    0.27560619
17.5  0.27635877
18    0.27710905
18.5  0.27760158
19    0.27810444
19.5  0.27836312
20    0.27862748


PT        RAA
The actual calculations read:

PT        RAA

2.5   0.23842223
3     0.22514451
3.5   0.21600332
4     0.20853456
4.5   0.20801114
5     0.20890985
5.5   0.21157547
6     0.21538674
6.5   0.21915712
7     0.22289066
7.5   0.2269019
8     0.23097115
8.5   0.2349668
9     0.23860911
9.5   0.24231051
10    0.24593687
10.5  0.24911961
11    0.25230991
11.5  0.25517961
12    0.25778902
12.5  0.26050299
13    0.26292505
13.5  0.26518765
14    0.26728302
14.5  0.26901194
15    0.27063722
15.5  0.27231191
16    0.27351883
16.5  0.27453283
17    0.27560619
17.5  0.27635877
18    0.27710905
18.5  0.27760158
19    0.27810444
19.5  0.27836312
20    0.27862748

pT    d\sigma / dy d^2p_T

2.5   0.010019767
3     0.0018631757
3.5   0.00047491345
4     0.00016022191
4.5   6.3417257e-05
5     2.8321689e-05
5.5   1.3647544e-05
6     7.0325616e-06
6.5   3.8232018e-06
7     2.1673179e-06
7.5   1.2758929e-06
8     7.7456218e-07
8.5   4.8413829e-07
9     3.0960554e-07
9.5   2.0207288e-07
10    1.3436655e-07
10.5  9.1135792e-08
11    6.26822e-08
11.5  4.3648829e-08
12    3.0826191e-08
12.5  2.2018459e-08
13    1.5880578e-08
13.5  1.158584e-08
14    8.518637e-09
14.5  6.3143272e-09
15    4.7227486e-09
15.5  3.5487257e-09
16    2.6875907e-09
16.5  2.0520708e-09
17    1.5706861e-09
17.5  1.2106156e-09
18    9.3708159e-10
18.5  7.3065075e-10
19    5.708379e-10
19.5  4.4818676e-10
20    3.5260403e-10


Au+Au central 10%

pT    dN / dy d^2p_T

2.5   0.054945509
3     0.0096481271
3.5   0.0023594063
4     0.00076847155
4.5   0.0003034044
5     0.00013608363
5.5   6.6412169e-05
6     3.4838572e-05
6.5   1.9271283e-05
7     1.1110723e-05
7.5   6.6585579e-06
8     4.1147348e-06
8.5   2.6163978e-06
9     1.6991182e-06
9.5   1.1261808e-06
10    7.6005083e-07
10.5  5.221854e-07
11    3.6375282e-07
11.5  2.5618069e-07
12    1.8277303e-07
12.5  1.3192511e-07
13    9.603424e-08
13.5  7.06657e-08
14    5.2368402e-08
14.5  3.9068476e-08
15    2.9397486e-08
15.5  2.2226286e-08
16    1.6907453e-08
16.5  1.2957299e-08
17    9.9564886e-09
17.5  7.6949776e-09
18    5.9724971e-09
18.5  4.6650854e-09
19    3.6513088e-09
19.5  2.8694494e-09
20    2.2596389e-09


Regards,

PS: If you need the results with a soft parton multiplicity dN/dy ~ 800
that drives the quenching (versus the ~ 1200 that you got) so that you
