-4.95    0.000000    
-4.85    0.2816610E-42
-4.75    0.1290876E-39
-4.65    0.3838494E-37
-4.55    0.8185369E-35
-4.45    0.1369636E-32
-4.35    0.1902036E-30
-4.25    0.2214249E-28
-4.15    0.2118995E-26
-4.05    0.1626183E-24
-3.95    0.9833426E-23
-3.85    0.4645826E-21
-3.75    0.1713197E-19
-3.65    0.2353901E-05
-3.55    0.3127548E-05
-3.45    0.8139043E-05
-3.35    0.9518465E-05
-3.25    0.2409819E-04
-3.15    0.3537331E-04
-3.05    0.4735587E-04
-2.95    0.1125045E-03
-2.85    0.1714772E-03
-2.75    0.1834949E-03
-2.65    0.2897464E-03
-2.55    0.6130098E-03
-2.45    0.1036419E-02
-2.35    0.1320489E-02
-2.25    0.1394805E-02
-2.15    0.1498804E-02
-2.05    0.2079914E-02
-1.95    0.3577392E-02
-1.85    0.6247449E-02
-1.75    0.1009932E-01
-1.65    0.1492871E-01
-1.55    0.2040046E-01
-1.45    0.2613665E-01
-1.35    0.3178506E-01
-1.25    0.3706072E-01
-1.15    0.4176325E-01
-1.05    0.4577715E-01
-0.95    0.4906172E-01
-0.85    0.5163596E-01
-0.75    0.5356231E-01
-0.65    0.5493094E-01
-0.55    0.5584590E-01
-0.45    0.5641374E-01
-0.35    0.5673430E-01
-0.25    0.5689404E-01
-0.15    0.5696123E-01
-0.05    0.5698287E-01
 0.05    0.5698287E-01
 0.15    0.5696123E-01
 0.25    0.5689404E-01
 0.35    0.5673430E-01
 0.45    0.5641374E-01
 0.55    0.5584590E-01
 0.65    0.5493094E-01
 0.75    0.5356231E-01
 0.85    0.5163596E-01
 0.95    0.4906172E-01
 1.05    0.4577715E-01
 1.15    0.4176325E-01
 1.25    0.3706072E-01
 1.35    0.3178506E-01
 1.45    0.2613665E-01
 1.55    0.2040046E-01
 1.65    0.1492871E-01
 1.75    0.1009932E-01
 1.85    0.6247449E-02
 1.95    0.3577392E-02
 2.05    0.2079914E-02
 2.15    0.1498804E-02
 2.25    0.1394805E-02
 2.35    0.1320489E-02
 2.45    0.1036419E-02
 2.55    0.6130098E-03
 2.65    0.2897464E-03
 2.75    0.1834949E-03
 2.85    0.1714772E-03
 2.95    0.1125045E-03
 3.05    0.4735587E-04
 3.15    0.3537331E-04
 3.25    0.2409819E-04
 3.35    0.9518465E-05
 3.45    0.8139043E-05
 3.55    0.3127548E-05
 3.65    0.2353901E-05
 3.75    0.1713197E-19
 3.85    0.4645826E-21
 3.95    0.9833426E-23
 4.05    0.1626183E-24
 4.15    0.2118995E-26
 4.25    0.2214249E-28
 4.35    0.1902036E-30
 4.45    0.1369636E-32
 4.55    0.8185369E-35
 4.65    0.3838494E-37
 4.75    0.1290876E-39
 4.85    0.2816610E-42
 4.95    0.000000    


eta      dsig/deta (mb)
-----------------------
