2.40384615385  0.170930232558 
2.5  0.188372093023 
2.88461538462  0.201162790698 
3.07692307692  0.21511627907 
3.36538461538  0.227906976744 
3.94230769231  0.240697674419 
4.51923076923  0.252325581395 
5.28846153846  0.255813953488 
4.90384615385  0.253488372093 
5.96153846154  0.252325581395 
6.44230769231  0.248837209302 
6.82692307692  0.245348837209 
7.98076923077  0.237209302326 
8.94230769231  0.231395348837 
10.0961538462  0.223255813953 
11.4423076923  0.217441860465 
12.4038461538  0.212790697674 
14.3269230769  0.206976744186 
15.8653846154  0.203488372093 
17.6923076923  0.202325581395 
19.0384615385  0.203488372093 
20.6730769231  0.204651162791 
22.3076923077  0.208139534884 
23.6538461538  0.210465116279 
25.1923076923  0.213953488372 
26.8269230769  0.218604651163 
28.1730769231  0.222093023256 
29.7115384615  0.226744186047 
31.3461538462  0.227906976744 
32.6923076923  0.23023255814 
34.1346153846  0.233720930233 

TF1 *pol9 = new TF1("pol9","pol9",2.40385,34.1346);
pol9->SetParameters(-0.190887,0.27097,-0.0659711,0.00857147,-0.000680298,3.46448e-05,-1.1392e-06,2.34507e-08,-2.75655e-10,1.41621e-12);

