2.59615384615  0.186046511628 
2.78846153846  0.195348837209 
2.88461538462  0.204651162791 
3.17307692308  0.213953488372 
3.36538461538  0.223255813953 
3.75  0.23023255814 
4.23076923077  0.236046511628 
4.90384615385  0.243023255814 
5.48076923077  0.245348837209 
6.15384615385  0.25 
7.30769230769  0.252325581395 
7.98076923077  0.251162790698 
8.55769230769  0.25 
10.1923076923  0.246511627907 
11.7307692308  0.245348837209 
14.0384615385  0.244186046512 
16.4423076923  0.239534883721 
18.75  0.238372093023 
20.8653846154  0.23488372093 
23.6538461538  0.233720930233 
26.0576923077  0.232558139535 
28.5576923077  0.231395348837 
30.4807692308  0.23023255814 
32.0192307692  0.229069767442 
34.4230769231  0.229069767442


const int N = 25 ;
double x[N]={2.566, 2.701, 2.836, 3.106, 3.308, 3.713, 4.186, 4.861, 5.401, 6.076, 7.224, 7.899, 8.507, 10.195, 11.680, 13.773, 16.406, 18.702, 21.132, 23.833, 25.993, 28.491, 30.382, 31.935, 34.365};
double y[N]={1.86e-01, 1.95e-01, 2.05e-01, 2.14e-01, 2.24e-01, 2.30e-01, 2.36e-01, 2.43e-01, 2.47e-01, 2.50e-01, 2.52e-01, 2.51e-01, 2.50e-01, 2.47e-01, 2.46e-01, 2.44e-01, 2.41e-01, 2.39e-01, 2.37e-01, 2.34e-01, 2.33e-01, 2.32e-01, 2.30e-01, 2.29e-01, 2.29e-01};
double ex[N]={0.00, 0.00, 0.00, 0.00, 0.00, 0.00, 0.00, 0.00, 0.00, 0.00, 0.00, 0.00, 0.00, 0.00, 0.00, 0.00, 0.00, 0.00, 0.00, 0.00, 0.00, 0.00, 0.00, 0.00, 0.00};
double ey[N]={0.00e+00, 0.00e+00, 0.00e+00, 0.00e+00, 0.00e+00, 0.00e+00, 0.00e+00, 0.00e+00, 0.00e+00, 0.00e+00, 0.00e+00, 0.00e+00, 0.00e+00, 0.00e+00, 0.00e+00, 0.00e+00, 0.00e+00, 0.00e+00, 0.00e+00, 0.00e+00, 0.00e+00, 0.00e+00, 0.00e+00, 0.00e+00, 0.00e+00};
TGraphErrors *Graph = new TGraphErrors(N,x,y,ex,ey);

TF1 *pol9 = new TF1("pol9","pol9",2.56556,34.3651);
pol9->SetParameters(-0.221658,0.326793,-0.097655,0.0164247,-0.00170242,0.000112295,-4.71351e-06,1.21677e-07,-1.75864e-09,1.08819e-11);
