% Initial energy density profiles in the transverse plane for central collisions as the top
% panel of Fig. 3 of
% P.F. Kolb et al. Nucl. Phys. A 696 (2001) 197
%
% The first line contains the position in fm
% the subsequent lines the energy density profiles in GeV/fm^3 for the 4 different
% parameterizations.
%
% Compiled on July 10 2003, PFK, Stony Brook
%
% x (fm)
 -14.8000002 -14.6000004 -14.4000006 -14.1999998 -14.0000000 -13.8000002 -13.6000004 -13.4000006 -13.1999998 -13.0000000 -12.8000002 -12.6000004 -12.4000006 -12.1999998 -12.0000000 -11.8000002 -11.6000004 -11.4000006 -11.1999998 -11.0000000 -10.8000002 -10.6000004 -10.4000006 -10.1999998 -10.0000000  -9.8000002  -9.6000004  -9.4000006  -9.1999998  -9.0000000  -8.8000002  -8.6000004  -8.4000006  -8.1999998  -8.0000000  -7.8000002  -7.5999999  -7.4000001  -7.2000003  -7.0000000  -6.8000002  -6.5999999  -6.4000001  -6.2000003  -6.0000000  -5.8000002  -5.5999999  -5.4000001  -5.2000003  -5.0000000  -4.8000002  -4.5999999  -4.4000001  -4.2000003  -4.0000000  -3.8000000  -3.6000001  -3.4000001  -3.2000000  -3.0000000  -2.8000000  -2.6000001  -2.4000001  -2.2000000  -2.0000000  -1.8000001  -1.6000000  -1.4000000  -1.2000000  -1.0000000  -0.8000000  -0.6000000  -0.4000000  -0.2000000   0.0000000   0.2000000   0.4000000   0.6000000   0.8000000   1.0000000   1.2000000   1.4000000   1.6000000   1.8000001   2.0000000   2.2000000   2.4000001   2.6000001   2.8000000   3.0000000   3.2000000   3.4000001   3.6000001   3.8000000   4.0000000   4.2000003   4.4000001   4.5999999   4.8000002   5.0000000   5.2000003   5.4000001   5.5999999   5.8000002   6.0000000   6.2000003   6.4000001   6.5999999   6.8000002   7.0000000   7.2000003   7.4000001   7.5999999   7.8000002   8.0000000   8.1999998   8.4000006   8.6000004   8.8000002   9.0000000   9.1999998   9.4000006   9.6000004   9.8000002  10.0000000  10.1999998  10.4000006  10.6000004  10.8000002  11.0000000  11.1999998  11.4000006  11.6000004  11.8000002  12.0000000  12.1999998  12.4000006  12.6000004  12.8000002  13.0000000  13.1999998  13.4000006  13.6000004  13.8000002  14.0000000  14.1999998  14.4000006  14.6000004  14.8000002
% eWN
   0.0000000   0.0000000   0.0000000   0.0000000   0.0000000   0.0000000   0.0000000   0.0000000   0.0000000   0.0000000   0.0000000   0.0000000   0.0000000   0.0000000   0.0000000   0.0000001   0.0000002   0.0000004   0.0000008   0.0000017   0.0000035   0.0000072   0.0000148   0.0000304   0.0000625   0.0001284   0.0002633   0.0005391   0.0011018   0.0022456   0.0045596   0.0092100   0.0184705   0.0366771   0.0718449   0.1381498   0.2591389   0.4705807   0.8202235   1.3604671   2.1319704   3.1436522   4.3622417   5.7211514   7.1429234   8.5598230   9.9233665  11.2043686  12.3888731  13.4734430  14.4611244  15.3584661  16.1734600  16.9142914  17.5886688  18.2034740  18.7647057  19.2774696  19.7460918  20.1742039  20.5648479  20.9205780  21.2435360  21.5355053  21.7980061  22.0323143  22.2394848  22.4204216  22.5758686  22.7064304  22.8126163  22.8948154  22.9533176  22.9883347  23.0000000  22.9883347  22.9533176  22.8948154  22.8126163  22.7064304  22.5758686  22.4204216  22.2394848  22.0323143  21.7980061  21.5355053  21.2435360  20.9205780  20.5648479  20.1742039  19.7460918  19.2774696  18.7647057  18.2034740  17.5886688  16.9142914  16.1734600  15.3584661  14.4611244  13.4734430  12.3888731  11.2043686   9.9233665   8.5598230   7.1429234   5.7211514   4.3622417   3.1436522   2.1319704   1.3604671   0.8202235   0.4705807   0.2591389   0.1381498   0.0718449   0.0366771   0.0184705   0.0092100   0.0045596   0.0022456   0.0011018   0.0005391   0.0002633   0.0001284   0.0000625   0.0000304   0.0000148   0.0000072   0.0000035   0.0000017   0.0000008   0.0000004   0.0000002   0.0000001   0.0000000   0.0000000   0.0000000   0.0000000   0.0000000   0.0000000   0.0000000   0.0000000   0.0000000   0.0000000   0.0000000   0.0000000   0.0000000   0.0000000   0.0000000
% eBC
   0.0000000   0.0000000   0.0000000   0.0000000   0.0000000   0.0000000   0.0000000   0.0000000   0.0000000   0.0000000   0.0000000   0.0000000   0.0000000   0.0000000   0.0000000   0.0000000   0.0000000   0.0000001   0.0000001   0.0000003   0.0000006   0.0000012   0.0000025   0.0000052   0.0000107   0.0000220   0.0000452   0.0000927   0.0001900   0.0003890   0.0007948   0.0016196   0.0032889   0.0066464   0.0133423   0.0265385   0.0521253   0.1006472   0.1899746   0.3481988   0.6151891   1.0401903   1.6731807   2.5509937   3.6839998   5.0508785   6.6045208   8.2850571  10.0330935  11.7983818  13.5430470  15.2411404  16.8762856  18.4390564  19.9246807  21.3312569  22.6585960  23.9073772  25.0787144  26.1738415  27.1939659  28.1401863  29.0134888  29.8146515  30.5443993  31.2033215  31.7918510  32.3104134  32.7593040  33.1387482  33.4489822  33.6901321  33.8623009  33.9655685  34.0000000  33.9655685  33.8623009  33.6901321  33.4489822  33.1387482  32.7593040  32.3104134  31.7918510  31.2033215  30.5443993  29.8146515  29.0134888  28.1401863  27.1939659  26.1738415  25.0787144  23.9073772  22.6585960  21.3312569  19.9246807  18.4390564  16.8762856  15.2411404  13.5430470  11.7983818  10.0330935   8.2850571   6.6045208   5.0508785   3.6839998   2.5509937   1.6731807   1.0401903   0.6151891   0.3481988   0.1899746   0.1006472   0.0521253   0.0265385   0.0133423   0.0066464   0.0032889   0.0016196   0.0007948   0.0003890   0.0001900   0.0000927   0.0000452   0.0000220   0.0000107   0.0000052   0.0000025   0.0000012   0.0000006   0.0000003   0.0000001   0.0000001   0.0000000   0.0000000   0.0000000   0.0000000   0.0000000   0.0000000   0.0000000   0.0000000   0.0000000   0.0000000   0.0000000   0.0000000   0.0000000   0.0000000   0.0000000   0.0000000   0.0000000
% sWN
   0.0000000   0.0000000   0.0000000   0.0000000   0.0000000   0.0000000   0.0000000   0.0000000   0.0000000   0.0000000   0.0000000   0.0000000   0.0000000   0.0000000   0.0000000   0.0000000   0.0000000   0.0000000   0.0000000   0.0000000   0.0000000   0.0000000   0.0000000   0.0000000   0.0000000   0.0000000   0.0000000   0.0000000   0.0000000   0.0000000   0.0000000   0.0000000   0.0000000   0.0000000   0.0283652   0.0625201   0.1320884   0.2663831   0.5086034   0.8954588   1.4475189   2.1917620   3.1929369   4.4252028   5.8237309   7.3135390   8.8274164  10.3145885  11.7414246  13.0883732  14.3470182  15.5156717  16.5970612  17.5959282  18.5180645  19.3689995  20.1542492  20.8785934  21.5461559  22.1606846  22.7252579  23.2424545  23.7145805  24.1419182  24.5291862  24.8760700  25.1839218  25.4535179  25.6857243  25.8811913  26.0404186  26.1637783  26.2517548  26.3044548  26.3219452  26.3044548  26.2517548  26.1637783  26.0404186  25.8811913  25.6857243  25.4535179  25.1839218  24.8760700  24.5291862  24.1419182  23.7145805  23.2424545  22.7252579  22.1606846  21.5461559  20.8785934  20.1542492  19.3689995  18.5180645  17.5959282  16.5970612  15.5156717  14.3470182  13.0883732  11.7414246  10.3145885   8.8274164   7.3135390   5.8237309   4.4252028   3.1929369   2.1917620   1.4475189   0.8954588   0.5086034   0.2663831   0.1320884   0.0625201   0.0283652   0.0000000   0.0000000   0.0000000   0.0000000   0.0000000   0.0000000   0.0000000   0.0000000   0.0000000   0.0000000   0.0000000   0.0000000   0.0000000   0.0000000   0.0000000   0.0000000   0.0000000   0.0000000   0.0000000   0.0000000   0.0000000   0.0000000   0.0000000   0.0000000   0.0000000   0.0000000   0.0000000   0.0000000   0.0000000   0.0000000   0.0000000   0.0000000   0.0000000   0.0000000
% sBC
   0.0000000   0.0000000   0.0000000   0.0000000   0.0000000   0.0000000   0.0000000   0.0000000   0.0000000   0.0000000   0.0000000   0.0000000   0.0000000   0.0000000   0.0000000   0.0000000   0.0000000   0.0000000   0.0000000   0.0000000   0.0000000   0.0000000   0.0000000   0.0000000   0.0000000   0.0000000   0.0000000   0.0000000   0.0000000   0.0000000   0.0000000   0.0000000   0.0000000   0.0000000   0.0000000   0.0000000   0.0179325   0.0399689   0.0857275   0.1755316   0.3417801   0.6268180   1.0557256   1.6506864   2.4643333   3.5628500   4.9378839   6.5520816   8.3513985  10.2781305  12.2794781  14.3119593  16.3419819  18.3446255  20.3015766  22.1999817  24.0293789  25.7842274  27.4581738  29.0470543  30.5472450  31.9556332  33.2695503  34.4865417  35.6046219  36.6219749  37.5366325  38.3472519  39.0524139  39.6510773  40.1422081  40.5250397  40.7989120  40.9634323  41.0183411  40.9634323  40.7989120  40.5250397  40.1422081  39.6510773  39.0524139  38.3472519  37.5366325  36.6219749  35.6046219  34.4865417  33.2695503  31.9556332  30.5472450  29.0470543  27.4581738  25.7842274  24.0293789  22.1999817  20.3015766  18.3446255  16.3419819  14.3119593  12.2794781  10.2781305   8.3513985   6.5520816   4.9378839   3.5628500   2.4643333   1.6506864   1.0557256   0.6268180   0.3417801   0.1755316   0.0857275   0.0399689   0.0179325   0.0000000   0.0000000   0.0000000   0.0000000   0.0000000   0.0000000   0.0000000   0.0000000   0.0000000   0.0000000   0.0000000   0.0000000   0.0000000   0.0000000   0.0000000   0.0000000   0.0000000   0.0000000   0.0000000   0.0000000   0.0000000   0.0000000   0.0000000   0.0000000   0.0000000   0.0000000   0.0000000   0.0000000   0.0000000   0.0000000   0.0000000   0.0000000   0.0000000   0.0000000   0.0000000   0.0000000
