0 250 78.4 0.608 0.382 548 204 54.5 1530 589 0.0947956 5.10704e-05 0.225714 0.000165042 0.254082 0.000205001 0.265239 0.000222921 0.278321 0.000246361 0.29804 0.000277302 0.327571 0.000341752 0.366577 0.000429526 0.408911 0.000535883 0.446296 0.000634077 
1 250 78.2 0.608 0.382 548 204 54.5 1530 590 0.0947889 4.75112e-05 0.225717 0.0001765 0.254096 0.000205113 0.265241 0.000223401 0.278313 0.000246443 0.298025 0.000283394 0.327549 0.000343321 0.366551 0.000363394 0.408884 0.000535783 0.446269 0.000638181 
2 250 78.2 0.608 0.382 548 202 54.5 1530 589 0.0947912 4.70991e-05 0.225731 0.000165318 0.254129 0.000205162 0.265267 0.000223444 0.278324 0.000246451 0.298014 0.000283357 0.327512 0.000343211 0.36649 0.000429933 0.40881 0.000535582 0.446195 0.000637891 
3 250 77.8 0.608 0.38 548 202 54.5 1530 590 0.0947984 4.73766e-05 0.225747 0.000165595 0.25417 0.000205224 0.265311 0.000223515 0.278355 0.000246517 0.298018 0.000283193 0.327478 0.000343174 0.366417 0.000430293 0.408715 0.000535358 0.446097 0.000637743 
4 249 77.6 0.607 0.38 547 202 54.5 1520 587 0.0947963 4.69101e-05 0.225767 0.000165378 0.254224 0.000205318 0.265353 0.000223586 0.278375 0.000246537 0.298006 0.000283359 0.327424 0.000343019 0.366322 0.000430045 0.408594 0.000535068 0.44597 0.000582277 
5 249 77.2 0.607 0.38 547 200 54.5 1510 585 0.0947971 4.70036e-05 0.225794 0.000164059 0.254282 0.000205402 0.265396 0.00022366 0.278393 0.000246572 0.297991 0.000283312 0.327365 0.000342923 0.366217 0.000429811 0.408459 0.000534719 0.445825 0.000636953 
6 248 76.8 0.607 0.378 546 199.6 54.5 1510 585 0.0948082 5.13138e-05 0.22583 0.000165478 0.254357 0.000205529 0.265463 0.00022377 0.278431 0.000246634 0.297984 0.000283311 0.327298 0.000342798 0.366092 0.000429525 0.408297 0.000534267 0.445651 0.000636386 
7 248 76.2 0.607 0.376 545 198.4 54.5 1500 575 0.0948097 4.57445e-05 0.225873 0.000165547 0.254428 0.000205641 0.265506 0.000223837 0.27844 0.000238791 0.297955 0.000283258 0.327226 0.000342615 0.365974 0.000429212 0.408145 0.000533903 0.445479 0.000635881 
8 247 75.6 0.606 0.376 544 197 54.5 1490 569 0.0948113 5.18074e-05 0.225914 0.000165611 0.254508 0.000205768 0.265565 0.000223932 0.278463 0.000246677 0.297927 0.00028309 0.32713 0.000342409 0.365809 0.000428852 0.407933 0.000533372 0.445252 0.000635389 
9 247 75 0.606 0.374 543 195.4 54.5 1480 565 0.0948156 4.6232e-05 0.225951 0.000155185 0.2546 0.000205914 0.265632 0.000224044 0.278485 0.000246713 0.297889 0.000283123 0.327017 0.000341831 0.365623 0.000428416 0.4077 0.000532698 0.445001 0.000634464 
10 246 74.2 0.605 0.372 542 193.8 54.5 1460 559 0.0948175 4.56767e-05 0.225993 0.000155836 0.254719 0.000206113 0.265727 0.000222599 0.278526 0.000246711 0.297853 0.00028172 0.326882 0.000341876 0.36539 0.000427884 0.407407 0.000524993 0.444693 0.000623708 
11 245 73.4 0.605 0.37 540 192 54.5 1450 561 0.0948248 4.58876e-05 0.226054 0.000153649 0.254829 0.000206287 0.265807 0.000222844 0.278553 0.000247002 0.297808 0.000282953 0.326745 0.000338581 0.36516 0.000540811 0.407114 0.000531229 0.444376 0.000625663 
12 244 72.6 0.604 0.368 539 190 54.5 1430 556 0.0948273 4.6215e-05 0.22611 0.000165929 0.254923 0.000206435 0.265863 0.000224442 0.278563 0.000246845 0.29776 0.000281369 0.326623 0.000341345 0.364957 0.000426869 0.406846 0.000525639 0.44407 0.000625795 
13 243 71.6 0.604 0.366 537 187.8 54.5 1420 543 0.0948245 4.74462e-05 0.226155 0.000166008 0.255039 0.00020662 0.265933 0.000223724 0.278564 0.000246149 0.29768 0.000282693 0.326449 0.000340962 0.364695 0.000426249 0.406526 0.000525149 0.443725 0.000618524 
14 242 72.6 0.603 0.372 535 190.6 53 1400 536 0.094834 4.79596e-05 0.226209 0.000166094 0.25515 0.000206798 0.266008 0.000224657 0.278579 0.000245341 0.297616 0.000282557 0.326287 0.000339078 0.364433 0.000425617 0.406191 0.000524442 0.443353 0.000623739 
15 241 71.6 0.602 0.368 534 188.2 53 1380 532 0.0948345 4.75192e-05 0.226279 0.000156003 0.255254 0.000206962 0.266053 0.000224492 0.278559 0.000246819 0.297525 0.000282386 0.326116 0.000340267 0.364178 0.000422647 0.405868 0.00052802 0.442985 0.000622753 
16 240 70.6 0.602 0.366 532 185.8 53 1370 528 0.0948324 4.72993e-05 0.226327 0.000153094 0.255387 0.000201529 0.266141 0.000224877 0.278571 0.000246837 0.297439 0.000282221 0.325902 0.000337828 0.363833 0.000419764 0.405434 0.000526885 0.442514 0.00062715 
17 239 69.4 0.601 0.364 529 183 53 1350 516 0.0948354 4.75207e-05 0.226385 0.000160627 0.255497 0.000207351 0.266195 0.000224959 0.278553 0.000246207 0.297335 0.000282009 0.325697 0.000339361 0.363526 0.000423518 0.405049 0.000521506 0.442081 0.000620214 
18 237 68.2 0.6 0.362 527 180.4 53 1330 508 0.0948363 4.74997e-05 0.226458 0.000166495 0.255579 0.000207482 0.266196 0.000224961 0.278479 0.000246652 0.297194 0.00028174 0.32549 0.00033699 0.363253 0.000422892 0.404713 0.000525017 0.441686 0.000618697 
19 236 67 0.599 0.358 525 177.6 53 1310 502 0.0948354 4.74923e-05 0.226505 0.000166577 0.25571 0.000207687 0.266274 0.000281593 0.27847 0.000246278 0.297073 0.000281504 0.325233 0.000336745 0.36286 0.000419063 0.404223 0.000523732 0.441149 0.000623723 
20 234 65.8 0.598 0.356 522 174.8 53 1280 490 0.0948362 4.74845e-05 0.226563 0.00016667 0.255795 0.000207824 0.266285 0.000225092 0.278403 0.000246518 0.296926 0.000260417 0.324994 0.000336288 0.362526 0.000418341 0.403806 0.000518112 0.440667 0.000622363 
21 233 66.2 0.597 0.358 520 176.4 51.5 1260 482 0.0948311 4.7289e-05 0.226606 0.000155453 0.255859 0.000207927 0.266267 0.000225053 0.278308 0.000246333 0.296761 0.00027919 0.324758 0.000335741 0.362212 0.000420469 0.403411 0.000517167 0.440196 0.000614931 
22 231 65 0.596 0.356 517 173.2 51.5 1240 476 0.0948279 4.74668e-05 0.226663 0.000161767 0.255958 0.00020808 0.266287 0.000224903 0.278234 0.0002462 0.296582 0.000280554 0.324459 0.000336554 0.361793 0.000416663 0.402898 0.000520343 0.439621 0.000619315 
23 229 63.6 0.595 0.352 514 170 51.5 1220 467 0.0948222 4.74316e-05 0.226717 0.000153394 0.256015 0.000208167 0.266252 0.000225026 0.278114 0.000245745 0.296385 0.000280176 0.324184 0.000336216 0.361436 0.000415613 0.402457 0.000514949 0.439097 0.000624159 
24 228 62.2 0.594 0.35 511 166.8 51.5 1190 456 0.0948216 4.73904e-05 0.226757 0.000166989 0.256054 0.000208224 0.266203 0.000253903 0.277985 0.000245751 0.296181 0.000279813 0.323902 0.000335668 0.361068 0.000414983 0.401998 0.000513802 0.438549 0.0006108 
25 226 62.4 0.592 0.352 508 168 50 1170 449 0.0948148 4.73367e-05 0.226806 0.00016707 0.256117 0.000208318 0.266164 0.000236693 0.277846 0.000245503 0.295945 0.000278392 0.323565 0.000334927 0.360631 0.000416794 0.401471 0.000482011 0.437941 0.000614706 
26 224 61 0.591 0.348 505 164.6 50 1150 438 0.0948075 4.72534e-05 0.226841 0.000167128 0.256137 0.000208348 0.266092 0.000224737 0.277692 0.00024491 0.295716 0.000278917 0.323254 0.000332809 0.360226 0.000413255 0.400962 0.000511119 0.43733 0.000630806 
27 222 59.6 0.59 0.346 501 161 50 1120 428 0.0947996 4.7223e-05 0.226871 0.000167178 0.256144 0.000208351 0.265992 0.000224373 0.277503 0.000244828 0.295454 0.000277461 0.322925 0.000331603 0.359822 0.000414535 0.400466 0.000513671 0.436726 0.000611247 
28 220 58 0.589 0.342 498 157.6 50 1100 424 0.094789 5.1187e-05 0.22691 0.000167241 0.256148 0.000208347 0.265881 0.000224179 0.277295 0.000244413 0.29516 0.000278029 0.322546 0.000331047 0.359354 0.000410756 0.399902 0.000512687 0.436061 0.00059452 
29 218 58 0.587 0.344 494 158.2 48.8 1070 409 0.0947737 4.7007e-05 0.226921 0.000167263 0.256125 0.000208301 0.265744 0.000224131 0.27707 0.000244109 0.29487 0.00027731 0.322198 0.000330155 0.358936 0.000410113 0.399385 0.000507649 0.435421 0.000607761 
30 215 56.4 0.586 0.34 490 154.6 48.8 1050 401 0.0947575 5.08836e-05 0.226953 0.00016382 0.256088 0.000208235 0.265575 0.000202182 0.276804 0.000243221 0.294531 0.000276674 0.321793 0.000314308 0.358458 0.000408797 0.398809 0.000506076 0.434726 0.000603518 
31 213 55 0.584 0.336 487 150.8 48.8 1020 390 0.0947503 5.09273e-05 0.226954 0.000163656 0.256032 0.000208138 0.265413 0.000223079 0.276556 0.000243198 0.29421 0.00027521 0.321403 0.000329098 0.357986 0.000407948 0.398229 0.000506287 0.434014 0.000603744 
32 211 53.4 0.582 0.332 483 147 48.8 997 379 0.0947254 5.08913e-05 0.22695 0.000155303 0.255942 0.00020798 0.265182 0.000222975 0.276229 0.000238299 0.293825 0.000270587 0.320982 0.000329637 0.357522 0.000406879 0.397676 0.000502824 0.433323 0.000595689 
33 208 53.2 0.581 0.334 478 147.4 47.45 971 370 0.0947118 5.08642e-05 0.226957 0.000167325 0.255851 0.00020782 0.264963 0.00022277 0.275923 0.000241923 0.293458 0.000274652 0.32056 0.000337563 0.357027 0.000405714 0.397065 0.000500559 0.432561 0.000593562 
34 206 51.6 0.579 0.33 474 143.4 47.45 946 359 0.0946884 5.10754e-05 0.226933 0.000167289 0.255714 0.000207589 0.264692 0.000251059 0.275567 0.000240816 0.293051 0.000273901 0.320119 0.000308689 0.356538 0.000413809 0.396473 0.000499594 0.431812 0.000591708 
35 203 50 0.577 0.326 470 139.6 47.45 920 349 0.0946601 5.09846e-05 0.226914 0.000150772 0.25558 0.000207355 0.264406 0.000221832 0.275177 0.000240775 0.292593 0.000272154 0.319614 0.000325045 0.355978 0.000407037 0.395813 0.000502266 0.431 0.000595449 
36 201 49.8 0.575 0.328 465 139.6 46.15 894 338 0.0946391 5.10271e-05 0.226881 0.000153433 0.255403 0.00020705 0.264099 0.000221307 0.274792 0.000240102 0.292166 0.000261211 0.319161 0.000330209 0.355474 0.000401405 0.395189 0.000500672 0.430196 0.000575008 
37 198 48 0.573 0.324 460 135.6 46.15 869 330 0.0946116 5.10031e-05 0.226849 0.000167158 0.255195 0.000206927 0.263736 0.000220703 0.274342 0.000239315 0.291672 0.000269982 0.318644 0.000324967 0.354912 0.000402436 0.394514 0.000498932 0.429342 0.000590333 
38 195 46.4 0.571 0.32 456 131.6 46.15 843 318 0.0945874 5.09815e-05 0.226791 0.000167066 0.254981 0.000195033 0.263398 0.000220127 0.273928 0.000238592 0.291215 0.0002702 0.318154 0.000322271 0.354364 0.000400499 0.393834 0.000497279 0.428465 0.000588416 
39 192 46 0.569 0.322 451 131.4 44.85 817 309 0.0945574 5.09557e-05 0.22673 0.000166968 0.254727 0.000156502 0.262995 0.000219441 0.273443 0.000237742 0.290686 0.000269327 0.317599 0.000324374 0.353755 0.000401129 0.393096 0.000487085 0.42753 0.000580259 
40 189 44.4 0.567 0.316 445 127.2 44.85 792 298 0.0945185 5.07241e-05 0.226648 0.000166839 0.254422 0.000205423 0.262539 0.00021852 0.272917 0.000230043 0.290145 0.000268479 0.317072 0.000320044 0.353209 0.000399897 0.392425 0.000488612 0.426637 0.000578519 
41 186 44 0.565 0.318 440 126.8 43.55 767 289 0.0944839 5.07002e-05 0.226563 0.000166702 0.254103 0.00020483 0.262065 0.000217713 0.272367 0.000235452 0.289568 0.000267463 0.31649 0.000324294 0.352589 0.000398521 0.391668 0.000487562 0.425655 0.000575208 
42 183 42.4 0.562 0.314 435 122.6 43.55 741 278 0.0944418 5.067e-05 0.226454 0.00016653 0.253754 0.000204263 0.261565 0.000216887 0.271795 0.000234901 0.288974 0.000264612 0.315902 0.000319355 0.351971 0.000397112 0.390913 0.000485774 0.424664 0.000572141 
43 180 40.6 0.56 0.308 429 118.6 43.55 717 268 0.094402 5.06388e-05 0.226333 0.000166338 0.25338 0.000203652 0.261042 0.000216019 0.271195 0.000290202 0.288341 0.000231775 0.315253 0.000316554 0.351272 0.000395597 0.390066 0.000483652 0.423582 0.000565322 
44 177 40.2 0.558 0.31 424 117.8 42.25 692 257 0.0943587 5.061e-05 0.226196 0.000157672 0.252976 0.000202987 0.260502 0.000215278 0.270598 0.000229978 0.287734 0.000263015 0.314656 0.000314718 0.350633 0.000391607 0.389259 0.000485851 0.422505 0.000566577 
45 174 38.4 0.555 0.304 418 113.6 42.25 667 249 0.0943165 5.05817e-05 0.226056 0.000165893 0.252493 0.000189533 0.259864 0.000214065 0.269905 0.000231618 0.287043 0.000262866 0.313991 0.000315553 0.349943 0.000389883 0.388406 0.000479486 0.421377 0.000563295 
46 171 38 0.552 0.306 412 112.8 41 643 240 0.0942746 4.69817e-05 0.225896 0.000165633 0.251992 0.00021498 0.259223 0.000213008 0.269217 0.000236081 0.286364 0.000261635 0.313342 0.000314255 0.349262 0.000388353 0.387546 0.000476905 0.420221 0.000597424 
47 167 36.2 0.55 0.3 406 108.6 41 619 231 0.0942251 4.69495e-05 0.225715 0.000165344 0.251471 0.000199237 0.25856 0.000182696 0.268505 0.00022933 0.285656 0.000259473 0.31266 0.000312911 0.348541 0.000386758 0.386636 0.000475128 0.419004 0.000557057 
48 164 34.6 0.547 0.296 399 104.4 41 595 222 0.0941722 4.62511e-05 0.225511 0.000164841 0.250846 0.000163493 0.25779 0.000210816 0.267704 0.000225529 0.284887 0.0002554 0.311946 0.000310005 0.347809 0.000385131 0.385712 0.000474181 0.417755 0.00055381 
49 160 34 0.544 0.296 393 103.4 39.8 571 212 0.0941254 4.69138e-05 0.225293 0.000164667 0.250281 0.000198674 0.257097 0.000209679 0.266963 0.000226243 0.284146 0.000257611 0.31122 0.000308344 0.347025 0.000386108 0.384711 0.000462582 0.416422 0.000549907 
50 157 32.4 0.541 0.292 386 99.2 39.8 548 204 0.0940668 4.68787e-05 0.225057 0.000164282 0.249559 0.000197651 0.256225 0.00020473 0.266071 0.000225027 0.283301 0.00025613 0.310448 0.000306948 0.346238 0.000381628 0.383713 0.000467954 0.415067 0.000552145 
51 153 31.8 0.538 0.292 380 98.2 38.55 525 194 0.0939941 4.68106e-05 0.224783 0.000152181 0.248881 0.000196496 0.255414 0.00020703 0.26522 0.000223717 0.282462 0.000254749 0.309635 0.000320452 0.345367 0.00038244 0.382609 0.000465305 0.413606 0.000548275 
52 149 30.2 0.534 0.286 373 94 38.55 503 185 0.0939313 5.03311e-05 0.224482 0.000163374 0.248116 0.000195324 0.254527 0.000205628 0.26432 0.000221797 0.281605 0.000253085 0.308833 0.000303799 0.344516 0.000377891 0.381502 0.000458838 0.412108 0.000538894 
53 146 29.4 0.531 0.286 366 92.6 37.35 481 176 0.0938662 4.64849e-05 0.224178 0.000144498 0.247317 0.000195477 0.253597 0.000204138 0.263366 0.000223739 0.280681 0.000250522 0.307954 0.000302594 0.343581 0.00037564 0.38031 0.000459677 0.410522 0.000538404 
54 142 27.8 0.527 0.282 359 88.6 37.35 459 167 0.0937921 4.66926e-05 0.223836 0.000164821 0.246472 0.000192626 0.252636 0.000202635 0.262398 0.000235344 0.279762 0.000242695 0.307084 0.000301976 0.342636 0.000374935 0.37907 0.000457432 0.408858 0.000530006 
55 138 27.2 0.524 0.282 351 87.2 36.2 438 160 0.0937245 5.0383e-05 0.223479 0.000161774 0.245531 0.000191144 0.251579 0.000200889 0.261351 0.000237281 0.278796 0.000247292 0.306216 0.000298701 0.341727 0.00037152 0.37786 0.000453751 0.407186 0.000531441 
56 134 25.6 0.52 0.276 344 83 36.2 417 152 0.0936417 3.98699e-05 0.223088 0.000161152 0.24456 0.000189605 0.250492 0.000201389 0.260265 0.000215073 0.277763 0.000244979 0.305234 0.000296816 0.340659 0.000370519 0.376472 0.00045084 0.405347 0.000521203 
57 130 25 0.516 0.276 336 81.6 35.05 397 144 0.0935568 5.02801e-05 0.222675 0.000161458 0.243551 0.000188012 0.249366 0.000198137 0.259141 0.000209437 0.276704 0.000243827 0.304244 0.000296475 0.33959 0.000367066 0.375067 0.00044691 0.40346 0.000517493 
58 126 23.4 0.512 0.27 328 77.4 35.05 377 135 0.0934761 4.65484e-05 0.222211 0.000159686 0.242475 0.000186378 0.248196 0.00017511 0.257993 0.000211231 0.275631 0.000242589 0.303233 0.00029454 0.338471 0.000364978 0.373575 0.00044345 0.401462 0.000516612 
59 122 22.8 0.508 0.27 320 76 33.9 357 127 0.0933778 4.6062e-05 0.22174 0.000158881 0.241308 0.000184571 0.246918 0.000193424 0.256735 0.000209717 0.274456 0.00023952 0.302137 0.000292433 0.337281 0.00036193 0.372009 0.000439635 0.399377 0.000505916 
60 118 21.2 0.503 0.264 312 72 33.9 338 120 0.093292 4.64213e-05 0.221231 0.000158143 0.240131 0.00018271 0.245649 0.000191491 0.255485 0.00020297 0.273269 0.000237467 0.300992 0.00028868 0.335995 0.000359426 0.370314 0.000435364 0.397151 0.000500131 
61 114 20.6 0.499 0.264 304 70.4 32.75 320 113 0.0931848 4.59181e-05 0.220676 0.000157279 0.238871 0.000180843 0.244297 0.000189143 0.254167 0.000205572 0.27204 0.000235472 0.29983 0.00028613 0.334695 0.000356733 0.368576 0.000389854 0.394844 0.000499789 
62 110 19.18 0.494 0.258 295 66.4 32.75 302 105 0.0930922 4.63152e-05 0.220078 0.000156283 0.237577 0.000180759 0.242944 0.000187102 0.252856 0.000203071 0.270801 0.000233348 0.298611 0.000284003 0.333275 0.000356223 0.366674 0.000426669 0.392364 0.000493389 
63 105 18.46 0.489 0.256 287 64.8 31.65 285 98.3 0.0929824 4.62625e-05 0.21946 0.000155393 0.23618 0.000176712 0.24145 0.000184427 0.251398 0.000201094 0.269439 0.000231247 0.297316 0.000283687 0.331811 0.000350719 0.364721 0.000411849 0.3898 0.000487065 
64 101 17.14 0.484 0.252 278 61 31.65 268 92.2 0.0928585 4.98959e-05 0.218846 0.000154423 0.234617 0.000174361 0.239778 0.000182276 0.249796 0.000198632 0.267996 0.000232073 0.296013 0.000278755 0.330373 0.00034759 0.362764 0.000416675 0.387177 0.000480027 
65 96.7 16.42 0.479 0.25 269 59.2 30.6 251 87.3 0.092751 4.98442e-05 0.218175 0.000152251 0.233114 0.000171989 0.238225 0.000180088 0.248305 0.000196279 0.266585 0.000227123 0.294596 0.000276465 0.328676 0.000343748 0.360489 0.000411477 0.38426 0.000473305 
66 92.3 15.72 0.474 0.248 260 57.4 29.5 235 81.5 0.0925941 4.6072e-05 0.217486 0.000152233 0.231459 0.000169894 0.236455 0.000177117 0.24659 0.000193282 0.264999 0.000223817 0.293091 0.000273611 0.326957 0.000340231 0.358193 0.000406895 0.381279 0.000465927 
67 88 14.48 0.468 0.244 251 53.8 29.5 220 75.5 0.0924802 4.60166e-05 0.216673 0.000147912 0.22979 0.000167506 0.234739 0.000174715 0.244947 0.000191053 0.263452 0.00024666 0.291537 0.000270698 0.325079 0.000336289 0.355669 0.000404127 0.378059 0.000458191 
68 83.6 13.78 0.462 0.242 241 52 28.45 205 69.6 0.0923563 4.60088e-05 0.215834 0.000149717 0.228107 0.000164788 0.232991 0.000172115 0.243244 0.000188423 0.26181 0.000218378 0.28985 0.000267679 0.323034 0.000334691 0.35296 0.00039932 0.374651 0.000449839 
69 79.3 12.64 0.456 0.236 232 48.4 28.45 191 66.2 0.092224 4.64492e-05 0.214979 0.000148597 0.226286 0.000162669 0.231089 0.000169496 0.241403 0.0001852 0.260067 0.000215637 0.288099 0.000267759 0.320928 0.000327715 0.350155 0.000392943 0.371105 0.000442821 
70 74.9 11.96 0.449 0.234 222 46.6 27.45 178 59.6 0.0920757 4.94744e-05 0.214075 0.000147026 0.224389 0.000159878 0.229117 0.000152469 0.239483 0.0001819 0.258211 0.000207263 0.286186 0.000261064 0.318613 0.000325567 0.34712 0.000382328 0.367331 0.000428157 
71 70.6 11.3 0.443 0.232 213 44.8 26.45 165 56.2 0.0918796 4.57101e-05 0.213256 0.000128427 0.222345 0.000156519 0.226892 0.000163421 0.237309 0.000179426 0.256195 0.000210212 0.284243 0.000257443 0.316327 0.000314841 0.344068 0.000379378 0.363458 0.000423498 
72 66.3 10.26 0.436 0.226 203 41.6 26.45 152 49.5 0.0916846 4.55948e-05 0.212297 0.000144505 0.22032 0.000153677 0.224761 0.000160376 0.2352 0.000176273 0.254095 0.000206235 0.281987 0.000255073 0.313562 0.000315363 0.340526 0.000368892 0.359177 0.00040879 
73 62 9.64 0.429 0.224 193 39.8 25.45 140 46.1 0.0914366 4.90722e-05 0.211407 0.000143137 0.218208 0.000150691 0.222415 0.000157027 0.23283 0.000172725 0.251776 0.000202867 0.27961 0.000249332 0.310735 0.000307454 0.336903 0.000360679 0.354759 0.000398529 
74 57.8 9.04 0.421 0.222 183 38 24.5 129 41.4 0.0911909 4.52803e-05 0.210464 0.000141806 0.216076 0.000147783 0.220082 0.00015378 0.230462 0.000169294 0.249379 0.000169977 0.277018 0.00024621 0.307577 0.000303432 0.332917 0.00035495 0.350008 0.000388276 
75 53.7 8.44 0.413 0.22 173 36.2 23.5 118 37.5 0.0910499 4.86449e-05 0.20938 0.000140065 0.213888 0.000144734 0.217765 0.000150397 0.22815 0.000165615 0.247032 0.000201505 0.274394 0.000240159 0.304262 0.000294596 0.328689 0.000342868 0.344986 0.000381613 
76 49.7 7.56 0.405 0.214 163 33.2 23.5 108 34.2 0.0908478 4.85261e-05 0.208331 0.000143618 0.211588 0.000141601 0.215268 0.000147149 0.225626 0.000162312 0.244454 0.000191345 0.271526 0.000236573 0.300691 0.000287762 0.324197 0.000336852 0.339699 0.000370055 
77 45.7 7 0.397 0.212 154 31.4 22.6 98.7 29.9 0.0906493 4.84002e-05 0.207274 0.000137032 0.209325 0.000138526 0.212784 0.000143773 0.223029 0.000158609 0.241641 0.000186218 0.268245 0.000229491 0.296627 0.000282233 0.31925 0.000323871 0.334032 0.000353609 
78 41.9 6.48 0.388 0.21 144 29.8 21.7 89.6 27.5 0.0903582 4.8225e-05 0.206221 0.000136156 0.206701 0.000135125 0.209861 0.000139856 0.220065 0.000136398 0.238656 0.000181658 0.264998 0.000223988 0.292652 0.000272568 0.3143 0.000313958 0.328243 0.000341446 
79 38.2 5.98 0.379 0.206 134 28.2 20.8 81.1 24.4 0.0900985 4.80316e-05 0.205169 0.000133494 0.204415 0.000132068 0.207192 0.000136315 0.217144 0.000149596 0.235405 0.000172987 0.261186 0.000217522 0.288005 0.000264097 0.308761 0.000302456 0.321995 0.000332657 
80 34.6 5.26 0.37 0.2 125 25.4 20.8 73.3 21.3 0.0898302 4.78481e-05 0.20415 0.000131986 0.202013 0.000129019 0.204385 0.000132642 0.214057 0.000145904 0.23192 0.000171601 0.257051 0.00021158 0.282984 0.00025427 0.302855 0.000294036 0.315409 0.000314745 
81 31.2 4.8 0.36 0.1982 115 23.8 19.9 65.9 18.8 0.0895196 4.7611e-05 0.203135 0.000112412 0.199661 0.000125773 0.201524 0.000128939 0.210807 0.000141198 0.228171 0.000166016 0.252576 0.000194581 0.277597 0.00024555 0.2966 0.000279166 0.308501 0.000301524 
82 27.9 4.38 0.35 0.1956 106 22.4 19.05 59 16.5 0.0892156 4.73234e-05 0.202129 0.000129563 0.197301 0.000122942 0.198611 0.000125217 0.207432 0.000136739 0.224179 0.000160461 0.24773 0.000195767 0.271783 0.000237031 0.28994 0.000269623 0.301234 0.00028654 
83 24.9 3.96 0.34 0.1928 97.5 20.8 18.2 52.6 14.4 0.0888793 4.71336e-05 0.201143 0.000128136 0.19493 0.000119949 0.195625 0.000121458 0.203891 0.000132598 0.219898 0.000154168 0.242486 0.000188826 0.265539 0.000226324 0.282886 0.000254027 0.293622 0.000272988 
84 22 3.58 0.33 0.19 89 19.36 17.4 46.7 12.6 0.088542 4.68651e-05 0.200208 0.000126797 0.192596 0.000117017 0.192623 0.000117729 0.200225 0.00012754 0.215326 0.000145515 0.23679 0.00017886 0.258794 0.000213738 0.275385 0.000240277 0.285634 0.00025825 
85 19.4 3.22 0.319 0.1872 80.9 17.94 16.6 41.3 10.9 0.0881654 4.66216e-05 0.19932 0.000125524 0.190322 0.000100124 0.189608 0.000113072 0.196417 0.000123003 0.210434 0.000141219 0.230615 0.000169658 0.251532 0.000203772 0.267431 0.000227138 0.277274 0.000244982 
86 16.9 2.88 0.308 0.1842 73.1 16.56 15.8 36.3 9.38 0.0877586 4.63047e-05 0.198466 0.000124744 0.188127 0.000111542 0.186635 0.000113992 0.19254 0.000129041 0.205283 0.000134986 0.223979 0.000160103 0.243725 0.000189229 0.258986 0.000212944 0.268516 0.000228448 
87 14.7 2.56 0.297 0.1812 65.7 15.24 15.05 31.8 8.03 0.0873518 4.59829e-05 0.197696 0.000123194 0.186062 0.00010892 0.183762 0.000107015 0.188652 0.000113365 0.19991 0.000127758 0.216864 0.000150087 0.235305 0.000176269 0.249977 0.000199676 0.259312 0.000187415 
88 12.6 2.28 0.286 0.1782 58.8 13.98 14.3 27.7 6.84 0.08694 4.56587e-05 0.196987 0.000122265 0.184123 9.57899e-05 0.181015 0.000103782 0.184813 0.000108486 0.194403 0.000118011 0.209345 0.00014016 0.226278 0.000163416 0.240359 0.000185815 0.249618 0.000197475 
89 10.8 2 0.275 0.1752 52.3 12.76 13.55 24 5.77 0.0864685 4.52561e-05 0.196325 0.000121455 0.182333 0.000104597 0.17844 0.000100688 0.181103 0.000103819 0.188875 0.000113504 0.201516 0.000146469 0.216634 0.000149486 0.23003 0.000168106 0.239322 0.000184704 
90 9.13 1.764 0.263 0.1722 46.3 11.6 12.85 20.7 4.86 0.0860447 4.48065e-05 0.195762 0.000120578 0.180706 0.000102685 0.176081 9.79832e-05 0.177628 0.000100049 0.183534 0.000107061 0.193647 0.000119222 0.206543 0.000135778 0.218968 0.000153136 0.228304 0.000168289 
91 7.67 1.542 0.251 0.1692 40.7 10.5 12.2 17.8 4.05 0.0855533 4.44645e-05 0.19522 0.000119637 0.179218 0.000100954 0.173953 9.55309e-05 0.17447 9.66495e-05 0.178568 0.000101687 0.186046 0.000110902 0.196278 0.000122515 0.207194 0.000136986 0.216369 0.000149348 
92 6.4 1.34 0.24 0.1662 35.6 9.46 11.5 15.1 3.35 0.0850446 4.40345e-05 0.194729 0.000119038 0.177885 9.90974e-05 0.172082 9.3396e-05 0.171708 9.32918e-05 0.174194 9.46012e-05 0.179158 0.000101767 0.186429 0.000110476 0.195087 0.000120943 0.203463 0.000131393 
93 5.3 1.16 0.228 0.1634 31 8.48 10.85 12.8 2.75 0.0845175 4.36095e-05 0.194273 0.000118476 0.176689 9.78769e-05 0.170472 9.17756e-05 0.169396 8.01668e-05 0.170589 9.25767e-05 0.173429 9.53533e-05 0.177838 0.000100154 0.183614 0.000107323 0.190096 0.000114303 
94 4.35 1 0.216 0.1606 26.8 7.56 10.25 10.7 2.24 0.0839536 4.3004e-05 0.193827 0.000117801 0.175593 9.86143e-05 0.169098 8.93378e-05 0.167546 8.89573e-05 0.167842 8.90976e-05 0.169165 9.12786e-05 0.171331 9.30024e-05 0.174318 9.62897e-05 0.178051 0.000100515 
95 3.54 0.858 0.204 0.1578 23.1 6.68 9.6 8.92 1.8 0.0833419 4.24022e-05 0.193378 0.000117243 0.174584 9.56256e-05 0.167946 8.90141e-05 0.166139 8.73699e-05 0.165929 8.7114e-05 0.166392 8.76753e-05 0.167238 8.85046e-05 0.168388 8.97481e-05 0.169834 9.3435e-05 
96 2.86 0.732 0.192 0.1552 19.8 5.86 9 7.35 1.44 0.0826841 4.17709e-05 0.192946 0.000116554 0.173658 9.46574e-05 0.166997 8.79297e-05 0.165127 8.51397e-05 0.164733 8.61999e-05 0.164859 8.59614e-05 0.165189 8.63654e-05 0.16561 8.6438e-05 0.166084 8.93394e-05 
97 2.29 0.658 0.18 0.1552 17 5.38 7.9 5.89 1.13 0.0819994 4.11536e-05 0.192561 0.000116138 0.172808 9.36616e-05 0.166211 8.49584e-05 0.164413 8.56397e-05 0.164035 8.49518e-05 0.164121 8.58344e-05 0.164363 8.54352e-05 0.164656 8.57545e-05 0.164964 8.61699e-05 
98 1.82 0.556 0.168 0.1532 14.5 4.62 7.35 4.72 0.894 0.0813078 4.04896e-05 0.192386 0.000113747 0.172115 9.13772e-05 0.165604 8.6627e-05 0.16393 8.4911e-05 0.163638 8.46733e-05 0.163775 8.51775e-05 0.164047 8.50784e-05 0.164357 8.25295e-05 0.164675 8.78386e-05 
99 1.43 0.468 0.164 0.1514 11.7 3.92 6.85 3.72 0.699 0.0804975 3.98488e-05 0.192275 0.000115519 0.171437 9.21601e-05 0.165005 8.5878e-05 0.163451 8.44418e-05 0.163239 8.42701e-05 0.163421 8.29198e-05 0.163714 8.47903e-05 0.164033 8.51091e-05 0.164356 8.52975e-05 
0 12 19 38
1 24 29 43
2 33 36 48
3 39 42 53
4 47 50 58
5 57 59 65
6 65 67 71
7 72 74 77
8 79 81 83
9 86 88 89
10 90 92 93
