 <I> Constructing raw-corrected tof1chisq1 spectrum for centrality class: 0 (0 - 10%) from raw yields file: yields_0_10_tof1chisq1.txt
 <I> Spectrum shifted along the y-axis (Yield) to correct for true mean value of the $p_T$ bin in the steeply falling spectrum
 <I> Total # of events in centrality class: 3.14815e+06 +/- 1774.3
  pT   pT_err   Ntot   Ntot_err   (Rel_toterr %)   Stat_err   Syst_err   CCuncorr_toterr   pTcorr_toterr
  1.25   0.05      1.577e+00    1.312e-02    1.304e+05    1.304e+05    1.304e+05    1.304e+05  
  1.75   0.05      4.919e-01    4.608e-03    5.067e-86    1.831e-76    0.000e+00    6.953e-309  
  2.25   0.05      1.412e-01    1.754e-03    4.265e-86    5.603e-67    0.000e+00    6.366e-314  
  2.75   0.05      4.202e-02    7.250e-04    1.968e-62    4.449e-86    0.000e+00    1.252e-308  
  3.25   0.05      1.362e-02    3.013e-04    4.427e-62    4.870e-86    0.000e+00    1.391e-308  
  3.75   0.05      5.109e-03    1.414e-04    5.941e-38    4.581e-72    0.000e+00    2.914e-318  
  4.25   0.05      1.937e-03    7.298e-05    1.831e-76    1.902e-52    0.000e+00    1.252e-308  
  4.75   0.05      1.010e-03    4.096e-05    4.467e-86    4.180e-62    0.000e+00    8.344e-309  
  5.25   0.05      4.667e-04    2.517e-05    4.582e-72    1.398e-76    0.000e+00    1.391e-309  
  5.75   0.05      2.103e-04    1.636e-05    7.864e-67    2.632e-52    0.000e+00    8.344e-309  
  6.25   0.05      1.123e-04    1.102e-05    1.398e-76    9.049e-43    1.391e-309    5.563e-309  
  6.75   0.05      6.757e-05    7.755e-06    5.153e-62    2.420e-52    2.781e-309    1.391e-309  
  7.25   0.05      4.807e-05    6.321e-06    5.600e-67    8.553e-72    6.366e-314    1.252e-308  
  7.75   0.05      3.482e-05    5.200e-06    5.604e-67    3.846e-86    1.113e-308    5.563e-309  
  8.25   0.05      2.302e-05    3.967e-06    2.414e-52    3.054e-310    8.344e-309    1.391e-309  
  8.75   0.05      1.163e-05    2.841e-06    1.881e-153    0.000e+00    2.914e-318    1.113e-308  
  9.25   0.05      1.124e-05    2.841e-06    3.699e-57    0.000e+00    9.735e-309    8.344e-309  
  9.75   0.05      5.785e-06    2.009e-06    1.398e-76    0.000e+00    8.344e-309    2.267e-318  
 

bin-shift: 

  1.25  0.05    1.393e+00    1.159e-02    0.83    1.152e+05    1.152e+05    1.152e+05    1.152e+05
  1.75  0.05    4.491e-01    4.207e-03    0.94    4.626e-86    1.671e-76    2.069e-318    8.888e-309
  2.25  0.05    1.317e-01    1.636e-03    1.24    3.978e-86    5.226e-67    9.080e-309    5.189e-309
  2.75  0.05    3.977e-02    6.862e-04    1.73    1.862e-62    4.211e-86    7.898e-309    6.026e-314
  3.25  0.05    1.303e-02    2.882e-04    2.21    4.234e-62    4.658e-86    2.168e-318    1.197e-308
  3.75  0.05    4.924e-03    1.363e-04    2.77    5.726e-38    4.416e-72    9.383e-309    5.362e-309
  4.25  0.05    1.878e-03    7.077e-05    3.77    1.775e-76    1.844e-52    8.090e-309    6.173e-314
  4.75  0.05    9.836e-04    3.990e-05    4.06    4.351e-86    4.072e-62    6.201e-314    6.773e-309
  5.25  0.05    4.563e-04    2.461e-05    5.39    4.480e-72    1.367e-76    9.517e-309    3.165e-319
  5.75  0.05    2.062e-04    1.604e-05    7.78    7.710e-67    2.581e-52    6.817e-309    0.000e+00
  6.25  0.05    1.104e-04    1.083e-05    9.82    1.374e-76    8.894e-43    2.228e-318    0.000e+00
  6.75  0.05    6.654e-05    7.637e-06    11.48    5.075e-62    2.383e-52    1.233e-308    0.000e+00
  7.25  0.05    4.742e-05    6.235e-06    13.15    5.524e-67    8.437e-72    8.231e-309    0.000e+00
  7.75  0.05    3.439e-05    5.137e-06    14.94    5.535e-67    3.799e-86    2.239e-318    0.000e+00
  8.25  0.05    2.277e-05    3.924e-06    17.23    2.388e-52    3.053e-309    9.628e-309    0.000e+00
  8.75  0.05    1.152e-05    2.813e-06    24.43    1.862e-153    6.303e-314    1.239e-308    0.000e+00
  9.25  0.05    1.114e-05    2.815e-06    25.27    3.665e-57    1.102e-308    2.246e-318    0.000e+00
  9.75  0.05    5.736e-06    1.992e-06    34.73    1.386e-76    9.653e-309    9.654e-309    0.000e+00


