 <I> Constructing raw-corrected noPID spectrum for centrality class: 0 (0 - 10%) from raw yields file: yields_0_10_noPID.txt
 <I> No correction for the true mean value of the $p_T$ bin applied to the steeply falling spectrum
 <I> Total # of events in centrality class: 3.14815e+06 +/- 1774.3
  1.25   0.05      1.752e+00    1.867e-02    1.304e+0    1.304e+0    1.304e+0    0.
  1.75   0.05      5.385e-01    6.572e-03    3.855e-5    3.855e-7    2.035e+2    0
  2.25   0.05      1.550e-01    2.426e-03    1.207e-1    1.207e-3    2.658e-1    8.103e-0  
  2.75   0.05      4.624e-02    9.564e-04    2.003e-5    2.003e-2    5.424e-2    1.273e-2  
  3.25   0.05      1.540e-02    3.829e-04    1.898e-5    1.898e-2    3.574e-2    3.565e-2  
  3.75   0.05      5.523e-03    1.738e-04    2.422e-5    2.422e-2    1.188e-2    5.454e-2  
  4.25   0.05      2.207e-03    8.729e-05    1.398e-7    1.398e-6    3.607e-2    6.981e-2  
  4.75   0.05      1.086e-03    4.778e-05    2.007e-5    2.007e-2    2.746e-2    7.512e-2  
  5.25   0.05      5.513e-04    2.893e-05    6.752e-6    6.752e-7    1.304e+0    8.276e-2  
  5.75   0.05      2.457e-04    1.852e-05    1.398e-7    1.398e-6    2.334e-3    8.997e-2  
  6.25   0.05      1.281e-04    1.243e-05    3.663e-8    3.663e-6    1.485e-3    9.804e-2  
  6.75   0.05      8.352e-05    8.780e-06    4.581e-7    4.581e-2    2.787e-3    1.067e-1  
  7.25   0.05      5.067e-05    6.753e-06    2.402e-2    2.108e-2    1.889e-2    1.067e-1  
  7.75   0.05      3.791e-05    5.611e-06    1.304e+0    1.831e-6    1.304e+0    1.067e-1  
  8.25   0.05      2.504e-05    4.309e-06    0.000e+0    1.745e-6    4.767e+0    9.761e-2  
  8.75   0.05      1.146e-05    2.911e-06    0.000e+0    1.831e-6    4.674e-2    8.700e-2  
  9.25   0.05      1.225e-05    2.980e-06    1.719e-2    1.577e-2    1.157e-3    8.955e-2  
  9.75   0.05      6.625e-06    2.201e-06    1.304e+0    6.770e-3    8.430e-6    1.095e-1  
 
