-92.3808  -92.383
-91.9808  -91.983
-91.5667  -91.572
-91.1467  -91.153
-90.7342 -90.7405
-90.3187 -90.3204
-89.9032 -89.9069
-89.4862 -89.4894
-89.0707 -89.0754
-88.6557 -88.6599
-88.2407 -88.2439
-87.8262 -87.8309
-87.4107 -87.4139
-86.9937 -86.9984
-86.5811 -86.5844
-86.1651 -86.1658
-85.7521 -85.7533
-85.3366 -85.3378
-84.9201 -84.9213
-84.5031 -84.5058
-84.0881 -84.0898
-83.6741 -83.6773
-83.2581 -83.2628
-82.8426 -82.8448
-82.4266 -82.4303
-82.0105 -82.0152
-81.5951 -81.5977
-81.1805 -81.1832
 -80.766 -80.7657
 -80.351 -80.3537
 -79.937 -79.9397
 -79.522 -79.5217
-79.1075 -79.1112
  -78.69 -78.6937
 -78.275 -78.2786
-77.8595 -77.8611
 -77.443 -77.4441
 -77.028 -77.0306
 -76.612 -76.6166
 -76.199 -76.2081
-75.7824 -75.7826
-75.3654 -75.3686
-74.9509 -74.9526
-74.5369 -74.5386
-74.1224  -74.124
-73.7069  -73.709
-73.2899 -73.2905
-72.8769  -72.881
-72.4614 -72.4675
-72.0464  -72.049
-71.6304  -71.633
-71.2159 -71.2175
-70.8003  -70.803
-70.3843 -70.3869
-69.9693 -69.9699
-69.5528 -69.5554
-69.1368 -69.1389
-68.7228 -68.7234
-68.3078 -68.3079
-67.8898 -67.8919
-67.4778 -67.4799
-67.0633 -67.0649
-66.6458 -66.6484
-66.2323 -66.2344
-65.8177 -65.8194
-65.4002 -65.4033
-64.9837 -64.9873
-64.5692 -64.5738
-64.1557 -64.1588
-63.7387 -63.7433
-63.3237 -63.3283
-62.9077 -62.9123
-62.4932 -62.4988
-62.0767 -62.0838
-61.6642 -61.6652
-61.2477 -61.2517
-60.8331 -60.8372
-60.4172 -60.4207
-60.0011 -60.0027
-59.5861 -59.5892
-59.1706 -59.1737
-58.7566 -58.7602
-58.3431 -58.3432
-57.9276 -57.9302
-57.5111 -57.5136
-57.0961 -57.1001
-56.6816 -56.6846
-56.2636 -56.2671
-55.8501 -55.8516
-55.4331 -55.4371
  -55.02 -55.0216
 -54.605 -54.6071
-54.1915 -54.1921
-53.7755 -53.7771
-53.3585  -53.361
-52.9415  -52.946
 -52.527  -52.532
-52.1115  -52.116
-51.6955    -51.7
-51.2825 -51.2865
 -50.865 -50.8695
-50.4505 -50.4535
 -50.035 -50.0395
-49.6189 -49.6229
-49.2054 -49.2089
-48.7894 -48.7939
-48.3759 -48.3789
-47.9604 -47.9639
-47.5434 -47.5489
-47.1289 -47.1329
-46.7134 -46.7179
-46.2989 -46.3024
-45.8829 -45.8869
-45.4679 -45.4708
-45.0548 -45.0563
-44.6393 -44.6418
-44.2208 -44.2248
-43.8068 -43.8103
-43.3908 -43.3958
-42.9778 -42.9798
-42.5628 -42.5653
-42.1478 -42.1498
-41.7328 -41.7348
-41.3168 -41.3198
-40.9013 -40.9037
-40.4853 -40.4862
-40.0693 -40.0717
-39.6558 -39.6577
-39.2407 -39.2417
-38.8247 -38.8257
-38.4092 -38.4107
-37.9942 -37.9937
-37.5822 -37.5822
-37.1662 -37.1656
-36.7487 -36.7506
-36.3342 -36.3351
-35.9187 -35.9191
-35.5047 -35.5041
-35.0897 -35.0896
-34.6727 -34.6716
-34.2557 -34.2576
-33.8401 -33.8421
-33.4256 -33.4261
-33.0116  -33.012
-32.5956  -32.598
-32.1831 -32.1825
-31.7681  -31.767
-31.3501 -31.3505
-30.9356 -30.9355
-30.5201 -30.5195
-30.1046 -30.1045
-29.6901 -29.6905
 -29.274 -29.2745
 -28.858 -28.8589
 -28.444 -28.4439
-28.0275 -28.0284
 -27.614 -27.6144
 -27.197 -27.1979
 -26.784 -26.7844
-26.3685 -26.3684
 -25.953 -25.9529
 -25.539 -25.5374
-25.1215 -25.1184
-24.7075 -24.7048
  -24.29 -24.2898
-23.8759 -23.8733
-23.4599 -23.4608
-23.0469 -23.0453
-22.6314 -22.6303
-22.2124 -22.2138
-21.7989 -21.7993
-21.3834 -21.3843
-20.9679 -20.9708
-20.5534 -20.5542
-20.1379 -20.1392
-19.7219 -19.7197
-19.3069 -19.3072
-18.8934 -18.8927
-18.4774 -18.4787
-18.0618 -18.0627
-17.6478 -17.6482
-17.2333 -17.2317
-16.8183 -16.8182
-16.4028 -16.4006
-15.9863 -15.9866
-15.5728 -15.5721
-15.1563 -15.1551
-14.7413 -14.7421
-14.3283 -14.3261
-13.9123 -13.9096
-13.4988 -13.4961
-13.0807 -13.0796
-12.6657 -12.6641
-12.2487  -12.248
-11.8337  -11.832
-11.4192  -11.419
-11.0032  -11.003
-10.5877  -10.588
-10.1722 -10.1725
-9.75668 -9.75649
-9.34217 -9.34348
-8.92667 -8.92747
-8.51166 -8.51195
-8.09565 -8.09645
-7.68014 -7.68093
-7.26613 -7.26642
-6.85112 -6.85242
-6.43662  -6.4354
-6.02261 -6.02139
 -5.6041 -5.60388
 -5.1916 -5.19037
-4.77709 -4.77537
-4.36208 -4.36135
-3.94807 -3.94534
-3.53156 -3.52933
-3.11605 -3.11232
-2.70204 -2.69881
-2.28604 -2.28331
-1.87203 -1.86879
-1.45552 -1.45478
-1.03901 -1.03777
-0.625006 -0.623761
-0.209503 -0.208752
0.209509 0.208759
0.622516 0.622766
 1.03702  1.03778
 1.45253  1.45278
 1.86854   1.8683
 2.28255  2.28231
 2.69656  2.69731
 3.11206  3.11383
 3.52807  3.52883
 3.94258  3.94435
 4.36009  4.36036
  4.7741  4.77587
  5.1896  5.18888
 5.60511  5.60539
 6.01862   6.0199
 6.43463  6.43491
 6.84913  6.84942
 7.26514  7.26592
 7.67915  7.68094
 8.09466  8.09545
 8.51067  8.51146
 8.92667  8.92547
 9.34168  9.34197
 9.75519  9.74249
 10.1707  10.1695
 10.5862  10.5875
 11.0027  11.0035
 11.4162   11.418
 11.8332   11.833
 12.2477  12.2485
 12.6637  12.6641
 13.0783  13.0796
 13.4943  13.4946
 13.9088  13.9101
 14.3218  14.3251
 14.7378  14.7396
 15.1538  15.1536
 15.5693  15.5701
 15.9843  15.9871
 16.4008  16.4016
 16.8148  16.8167
 17.2318  17.2322
 17.6453  17.6472
 18.0618  18.0627
 18.4759  18.4767
 18.8899  18.8917
 19.3054  19.3067
 19.7229  19.7232
 20.1369  20.1397
 20.5529  20.5548
 20.9684  20.9708
 21.3844  21.3853
 21.7989  21.8003
 22.2139  22.2163
 22.6279  22.6303
 23.0429  23.0463
 23.4565  23.4593
 23.8735  23.8768
 24.2885  24.2918
  24.705  24.7078
 25.1205  25.1234
 25.5345  25.5384
 25.9525  25.9539
  26.367  26.3689
 26.7815  26.7839
  27.197  27.1974
  27.611  27.6134
 28.0285  28.0309
 28.4425  28.4444
 28.8586  28.8625
 29.2741   29.276
 29.6881   29.691
 30.1031   30.106
 30.5191   30.523
 30.9361   30.938
 31.3501  31.3525
 31.7656  31.7675
 32.1821  32.1845
 32.5976     32.6
 33.0116  33.0126
 33.4256  33.4276
 33.8451  33.8441
 34.2572  34.2596
 34.6737  34.6761
 35.0862  35.0886
 35.5042  35.5066
 35.9197  35.9206
 36.3352  36.3351
 36.7512  36.7511
 37.1627  37.1652
 37.5787  37.5802
 37.9962  37.9987
 38.4112  38.4132
 38.8282  38.8287
 39.2413  39.2422
 39.6553  39.6592
 40.0713  40.0737
 40.4873  40.4872
 40.9038  40.9037
 41.3183  41.3193
 41.7338  41.7343
 42.1493  42.1508
 42.5643  42.5643
 42.9808  42.9828
 43.3943  43.3968
 43.8083  43.8098
 44.2253  44.2258
 44.6409  44.6408
 45.0554  45.0543
 45.4704  45.4714
 45.8869  45.8864
 46.3004  46.3014
 46.7149  46.7179
 47.1314  47.1329
 47.5454  47.5469
 47.9614  47.9639
 48.3754  48.3769
 48.7924  48.7934
 49.2104  49.2154
 49.6229  49.6255
 50.0365  50.0395
 50.4515  50.4545
 50.8825  50.8695
  51.304  51.2845
 51.7235   51.701
  52.112   52.114
  52.527    52.53
  52.943  52.9445
 53.3645  53.3725
 53.7755  53.7766
 54.1915  54.1916
 54.6045  54.6071
 55.0201  55.0211
 55.4336  55.4356
 55.8496  55.8501
 56.2656  56.2671
 56.6816  56.6826
 57.0966  57.0996
 57.5111  57.5131
 57.9251  57.9267
 58.3411  58.3442
 58.7561  58.7582
 59.1721  59.1742
 59.5876  59.5897
 60.0032  60.0057
 60.4187  60.4212
 60.8342  60.8392
 61.2522  61.2512
 61.6662  61.6683
 62.0817  62.0813
 62.4977  62.4988
 62.9127  62.9138
 63.3267  63.3298
 63.7437  63.7448
 64.1577  64.1588
 64.5727  64.5748
 64.9907  64.9903
 65.4043  65.4053
 65.8213  65.8229
 66.2378  66.2369
 66.6513  66.6524
 67.0678  67.0679
 67.4808  67.4814
 67.8973  67.8989
 68.3028  68.3114
 68.7283  68.7269
 69.1293  69.1389
 69.5603  69.5599
 69.9763  69.9754
 70.3903   70.389
 70.8054   70.806
 71.2109  71.2225
 71.6434   71.631
 72.0524  72.0525
 72.4674    72.47
 72.8824   72.883
 73.2999     73.3
 73.7139  73.7155
 74.1294  74.1286
 74.5439  74.5426
 74.9579  74.9561
 75.3764  75.3746
 75.7905  75.7901
 76.2045  76.2026
 76.6225  76.6231
  77.037  77.0356
  77.451  77.4521
 77.8665  77.8671
  78.283  78.2817
  78.699  78.6977
  79.115  79.1177
  79.529  79.5287
  79.945  79.9442
 80.3595  80.3597
  80.771  80.7687
  81.189  81.1882
 81.6036  81.6027
 82.0216  82.0207
 82.4351  82.4338
 82.8491  82.8458
 83.2646  83.2653
 83.6781  83.6783
 84.0956  84.0968
 84.5091  84.5098
 84.9291  84.9248
 85.3411  85.3388
 85.7541  85.7488
 86.1731  86.1683
 86.5882  86.5863
 87.0022  87.0034
 87.4162  87.4169
 87.8292  87.8254
 88.2527  88.2654
 88.6602  88.6514
 89.0777  89.0764
 89.4927  89.4889
 89.9087  89.9034
 90.3262  90.3229
 90.7367   90.734
 91.1522   91.149
 91.5692   91.567
 91.9983  92.0215
 92.3983  92.4215

