-83.9792  -83.982
-83.5792  -83.582
-83.1727 -83.1766
-82.7672 -82.7656
-82.3617 -82.3656
-81.9568 -81.9596
-81.5513 -81.5481
-81.1443 -81.1456
-80.7373 -80.7396
-80.3318 -80.3351
-79.9274 -79.9286
-79.5219 -79.5231
-79.1169 -79.1181
-78.7109 -78.7121
-78.3069 -78.3076
-77.9004 -77.9011
-77.4975 -77.4966
 -77.085 -77.0871
 -76.682 -76.6841
 -76.276 -76.2771
 -75.871 -75.8711
-75.4641 -75.4676
-75.0591 -75.0616
-74.6556 -74.6557
-74.2466 -74.2497
-73.8426 -73.8437
-73.4401 -73.4377
-73.0332 -73.0317
-72.6242 -72.6252
-72.2232 -72.2237
-71.8167 -71.8162
-71.4117 -71.4107
-71.0043 -71.0037
-70.5963 -70.5957
-70.1928 -70.1902
-69.7853 -69.7852
-69.3788 -69.3792
-68.9734 -68.9742
-68.5704 -68.5687
-68.1619 -68.1617
-67.7544 -67.7572
-67.3514 -67.3512
-66.9434 -66.9442
 -66.539 -66.5387
 -66.133 -66.1318
-65.7255 -65.7278
-65.3205 -65.3168
 -64.916 -64.9158
-64.5086 -64.5098
-64.1081 -64.1053
-63.7006 -63.6983
-63.2936 -63.2928
-62.8886 -62.8888
-62.4811 -62.4818
-62.0777 -62.0763
-61.6712 -61.6693
-61.2667 -61.2653
-60.8592 -60.8583
-60.4552 -60.4533
-60.0473 -60.0468
-59.6428 -59.6408
-59.2353 -59.2343
-58.8323 -58.8303
-58.4263 -58.4233
-58.0193 -58.0163
-57.6134 -57.6123
-57.2054 -57.2038
-56.8029 -56.8004
-56.3929 -56.3934
-55.9884 -55.9829
-55.5835 -55.5814
 -55.177 -55.1759
 -54.771 -54.7714
-54.3705 -54.3664
-53.9595 -53.9579
-53.5551 -53.5529
-53.1501 -53.1484
-52.7456 -52.7424
-52.3406 -52.3344
-51.9316 -51.9309
-51.5291 -51.5254
-51.1237 -51.1204
-50.7182 -50.7149
-50.3092 -50.3084
-49.9042 -49.9034
-49.4982 -49.4964
-49.0923 -49.0909
-48.6873 -48.6844
-48.2813 -48.2779
-47.8763 -47.8745
-47.4688  -47.468
-47.0653 -47.0615
-46.6589  -46.657
-46.2554  -46.251
-45.8499  -45.847
-45.4409   -45.44
-45.0354  -45.034
 -44.628 -44.6285
 -44.226 -44.2235
 -43.814  -43.816
-43.4115 -43.4105
 -43.005 -43.0045
-42.6031 -42.5995
-42.1946  -42.194
-41.7906 -41.7875
-41.3861  -41.383
-40.9796 -40.9785
-40.5711  -40.572
-40.1677 -40.1655
-39.7607  -39.759
-39.3572  -39.355
-38.9482 -38.9491
-38.5422 -38.5421
-38.1388 -38.1366
-37.7333 -37.7321
-37.3253 -37.3261
-36.9198 -36.9191
-36.5168 -36.5141
-36.1073 -36.1061
-35.7064 -35.7026
-35.2974 -35.2966
-34.8914 -34.8901
-34.4889 -34.4856
-34.0819 -34.0806
-33.6775 -33.6741
 -33.269 -33.2681
 -32.863 -32.8611
  -32.46 -32.4561
 -32.052 -32.0501
-31.6456 -31.6441
-31.2421 -31.2401
-30.8366 -30.8336
-30.4276 -30.4276
-30.0226 -30.0227
-29.6181 -29.6162
-29.2132 -29.2117
-28.8067 -28.8052
-28.4007 -28.3987
-27.9992 -27.9952
-27.5942 -27.5897
-27.1803 -27.1772
-26.7793 -26.7767
-26.3723 -26.3707
-25.9663 -25.9647
-25.5633 -25.5607
-25.1559 -25.1547
-24.7494 -24.7487
-24.3429 -24.3432
-23.9374 -23.9362
-23.5334 -23.5317
-23.1284 -23.1262
-22.7215 -22.7197
 -22.318 -22.3147
-21.9135 -21.9102
 -21.507 -21.5043
-21.1005 -21.0993
-20.6906 -20.6873
-20.2861 -20.2853
-19.8876 -19.8808
-19.4796 -19.4753
-19.0691 -19.0688
-18.6677 -18.6643
-18.2612 -18.2578
-17.8517 -17.8513
-17.4457 -17.4463
-17.0457 -17.0423
-16.6352 -16.6353
-16.2293 -16.2298
-15.8243 -15.8253
-15.4178 -15.4178
-15.0153 -15.0123
-14.6053 -14.6058
-14.2018 -14.2008
-13.7999 -13.7953
-13.3884 -13.3878
-12.9839 -12.9818
-12.5829 -12.5779
-12.1734 -12.1724
 -11.769 -11.7674
-11.3615 -11.3594
 -10.958 -10.9534
-10.5495 -10.5489
-10.1435 -10.1419
-9.73655 -9.73789
-9.33507 -9.33189
-8.92609  -8.9274
-8.52161  -8.5214
-8.11663 -8.11591
-7.71415 -7.71041
-7.30917 -7.30392
-6.89818 -6.89792
 -6.4932 -6.49193
-6.08722 -6.08643
-5.68274 -5.68093
-5.27825 -5.27494
-4.87228 -4.86995
 -4.4663 -4.46295
-4.05831 -4.05695
-3.65133 -3.65195
-3.24835 -3.24696
-2.84287 -2.84097
-2.43788 -2.43597
 -2.0299 -2.02997
-1.62293 -1.62448
-1.21744 -1.21648
-0.812463 -0.809985
-0.405481 -0.406494
       0        0
0.404981 0.405994
0.807465 0.810492
 1.21595  1.21599
 1.62143  1.62198
 2.02441  2.02798
 2.43489  2.43447
 2.83687  2.83897
 3.24235  3.24396
 3.65084  3.64996
 4.05632  4.05596
  4.4608  4.46195
 4.86728  4.86694
 5.27426  5.27344
 5.67624  5.67794
 6.08422  6.08393
  6.4887  6.48943
 6.89568  6.89592
 7.30317  7.30092
 7.70365  7.70641
 8.11113  8.11141
 8.51461   8.5174
 8.92259   8.9244
 9.32407   9.3274
 9.73206  9.73489
  10.142  10.1414
 10.5465  10.5449
  10.951  10.9509
 11.3595  11.3579
 11.7625  11.7614
 12.1699  12.1699
 12.5754  12.5739
 12.9829  12.9799
 13.3879  13.3848
 13.7904  13.7923
 14.1999  14.1973
 14.6048  14.6028
 15.0073  15.0078
 15.4148  15.4143
 15.8193  15.8188
 16.2238  16.2233
 16.6292  16.6293
 17.0382  17.0363
 17.4457  17.4423
 17.8467  17.8463
 18.2567  18.2528
 18.6622  18.6588
 19.0641  19.0638
 19.4731  19.4698
 19.8771  19.8708
 20.2821  20.2818
 20.6866  20.6868
 21.0935  21.0933
  21.501  21.4998
  21.907  21.9042
  22.311  22.3088
  22.719  22.7152
 23.1194  23.1187
 23.5304  23.5267
 23.9354  23.9327
 24.3409  24.3392
 24.7449  24.7437
 25.1488  25.1502
 25.5603  25.5572
 25.9658  25.9632
 26.3708  26.3682
 26.7773  26.7737
 27.1818  27.1792
 27.5892  27.5832
 27.9932  27.9912
 28.3992  28.3942
 28.7982  28.7982
 29.2067  29.2052
 29.6131  29.6122
 30.0196  30.0182
 30.4281  30.4252
 30.8321  30.8307
 31.2371  31.2371
  31.641  31.6401
 32.0485  32.0476
  32.453  32.4521
  32.855  32.8571
 33.2615  33.2626
 33.6715  33.6741
 34.0769  34.0766
 34.4799  34.4816
 34.8879  34.8876
 35.2919  35.2921
 35.6984  35.6981
 36.1049  36.1056
 36.5108  36.5111
 36.9163  36.9176
 37.3218  37.3226
 37.7278  37.7276
 38.1328  38.1331
 38.5372  38.5371
 38.9452  38.9441
 39.3517  39.3506
 39.7582   39.757
 40.1632   40.161
 40.5711   40.569
 40.9711  40.9655
 41.3771  41.3795
 41.7816  41.7845
 42.1881  42.1895
 42.5981   42.597
      43   43.002
  43.403   43.408
  43.814   43.814
  44.219    44.22
 44.6265   44.625
 45.0324  45.0315
 45.4374  45.4385
 45.8384  45.8425
 46.2489   46.251
 46.6529  46.6545
 47.0618  47.0605
 47.4633  47.4665
 47.8668  47.8705
 48.2793  48.2785
 48.6863  48.6834
 49.0898  49.0889
 49.4977  49.4964
 49.9017  49.9024
 50.3082  50.3069
 50.7147  50.7124
 51.1197  51.1189
 51.5232  51.5239
 51.9286  51.9289
 52.3331  52.3344
 52.7471  52.7424
 53.1521  53.1474
 53.5586  53.5539
 53.9595  53.9574
 54.3685  54.3634
  54.771  54.7689
   55.18  55.1784
  55.586  55.5814
 55.9914  55.9889
 56.3984  56.3949
 56.8044  56.7989
 57.2114  57.2063
 57.6154  57.6094
 58.0194  58.0158
 58.4258  58.4218
 58.8318  58.8278
 59.2393  59.2333
 59.6453  59.6393
 60.0492  60.0438
 60.4552  60.4498
 60.8617  60.8558
 61.2697  61.2633
 61.6727  61.6683
 62.0782  62.0733
 62.4851  62.4803
 62.8896  62.8848
 63.2956  63.2903
 63.6996  63.6963
 64.1086  64.1023
  64.515  64.5093
 64.9175  64.9138
 65.3235  65.3203
 65.7265  65.7243
 66.1365  66.1302
 66.5415  66.5368
 66.9479  66.9432
 67.3539  67.3492
 67.7579  67.7547
 68.1634  68.1607
 68.5709  68.5672
 68.9758  68.9717
 69.3813  69.3777
 69.7883  69.7837
 70.1933  70.1892
 70.6003  70.5972
 71.0073  71.0032
 71.4132  71.4077
 71.8192  71.8147
 72.2252  72.2197
 72.6287  72.6242
 73.0377  73.0322
 73.4416  73.4357
 73.8461  73.8412
 74.2481  74.2462
 74.6581  74.6526
 75.0636  75.0597
   75.47  75.4631
  75.875  75.8696
 76.2805  76.2766
 76.6895  76.6826
 77.0955  77.0881
 77.4965  77.4951
 77.9039  77.9006
 78.3139  78.3076
 78.7159  78.7121
 79.1234  79.1181
 79.5309  79.5251
 79.9368  79.9291
 80.3398  80.3341
 80.7453  80.7416
 81.1508  81.1461
 81.5563  81.5526
 81.9628  81.9581
 82.3697  82.3646
 82.7732  82.7701
 83.1792   83.175
 83.5842  83.5806
 83.9842  83.9806

