-85.9529 -85.9454
-85.5529 -85.5454
-85.1399 -85.1394
-84.7244 -84.7248
-84.3073 -84.3093
-83.8923 -83.8927
-83.4778 -83.4782
-83.0622 -83.0611
-82.6452 -82.6481
-82.2297  -82.232
-81.8152 -81.8185
-81.4006 -81.3999
-80.9861 -80.9884
-80.5711 -80.5723
 -80.156 -80.1593
-79.7405 -79.7387
-79.3255 -79.3292
-78.9109 -78.9136
-78.4959 -78.4901
-78.0814 -78.0815
-77.6643 -77.6575
-77.2478 -77.2504
-76.8338 -76.8359
-76.4183 -76.4203
-76.0032 -76.0063
-75.5887 -75.5872
-75.1727 -75.1762
-74.7586 -74.7561
-74.3431 -74.3456
-73.9261 -73.9285
 -73.512  -73.514
-73.0975 -73.0979
-72.6825 -72.6759
-72.2679 -72.2703
-71.8524 -71.8553
-71.4374 -71.4342
-71.0233 -71.0232
-70.6073 -70.6056
-70.1923 -70.1936
-69.7767 -69.7765
-69.3607 -69.3615
-68.9467 -68.9404
-68.5296 -68.5284
-68.1161 -68.1168
-67.7011 -67.6958
-67.2856 -67.2857
  -66.87 -66.8717
 -66.455 -66.4491
  -66.04 -66.0406
-65.6254 -65.6245
-65.2084 -65.2085
-64.7929 -64.7944
-64.3768 -64.3784
-63.9618 -63.9568
-63.5458 -63.5468
-63.1302 -63.1322
-62.7162 -62.7177
-62.3007 -62.3026
-61.8852 -61.8811
-61.4701  -61.471
-61.0541 -61.0555
-60.6386 -60.6414
-60.2235 -60.2249
-59.8055 -59.8083
 -59.392 -59.3937
-58.9774 -58.9797
-58.5609 -58.5552
-58.1449 -58.1466
-57.7303 -57.7306
-57.3138 -57.3145
-56.8978    -56.9
-56.4832 -56.4854
-56.0687 -56.0704
-55.6537 -55.6553
-55.2377 -55.2407
-54.8221 -54.8247
-54.4071 -54.4091
-53.9916 -53.9936
 -53.576  -53.577
-53.1615 -53.1625
 -52.746 -52.7469
-52.3304 -52.3304
-51.9149 -51.9153
-51.4989 -51.4988
-51.0838 -51.0812
-50.6683 -50.6677
-50.2533 -50.2451
-49.8387 -49.8376
-49.4222  -49.414
-49.0062  -49.007
-48.5927 -48.5929
-48.1771 -48.1784
-47.7611 -47.7603
-47.3466 -47.3468
-46.9305 -46.9317
 -46.517 -46.5172
-46.1005 -46.0991
-45.6864 -45.6856
-45.2699 -45.2685
-44.8544 -44.8525
-44.4403 -44.4359
-44.0263 -44.0239
-43.6103 -43.6078
-43.1942 -43.1823
-42.7782 -42.7662
-42.3637 -42.3537
-41.9487 -41.9441
-41.5321 -41.5311
-41.1181  -41.116
-40.6981 -40.7025
 -40.286 -40.2859
-39.8715 -39.8709
-39.4555 -39.4553
-39.0389 -39.0383
-38.6254 -38.6192
-38.2099 -38.2087
-37.7953 -37.7946
-37.3793 -37.3681
-36.9628  -36.964
-36.5462 -36.5485
-36.1322 -36.1339
-35.7187 -35.7189
-35.3012 -35.3048
-34.8861 -34.8878
-34.4716 -34.4712
-34.0576 -34.0572
-33.6415 -33.6416
-33.2255 -33.2271
 -32.811  -32.811
-32.3949  -32.396
-31.9794 -31.9779
-31.5649 -31.5648
-31.1498 -31.1478
-30.7338 -30.7348
-30.3188 -30.3207
-29.9022 -29.9027
-29.4877 -29.4871
-29.0717 -29.0721
-28.6572  -28.659
-28.2421  -28.244
-27.8261 -27.8284
-27.4111 -27.4118
-26.9965 -26.9923
-26.5795 -26.5732
-26.1655 -26.1622
-25.7499 -25.7496
-25.3359 -25.3316
-24.9199 -24.9205
-24.5048 -24.5045
-24.0898 -24.0899
-23.6738 -23.6734
-23.2577 -23.2593
-22.8432 -22.8448
-22.4267 -22.4287
-22.0122 -22.0017
-21.5971 -21.5991
-21.1816 -21.1811
-20.7671 -20.7665
  -20.35 -20.3505
-19.9355 -19.9349
-19.5205 -19.5214
-19.1044 -19.1048
-18.6889 -18.6903
-18.2744 -18.2767
-17.8583 -17.8597
-17.4438 -17.4431
-17.0288 -17.0276
-16.6132  -16.612
-16.1972  -16.197
-15.7817 -15.7809
-15.3657 -15.3654
-14.9516 -14.9503
-14.5351 -14.5353
-14.1216 -14.1222
 -13.705 -13.7047
  -13.29 -13.2881
-12.8755 -12.8761
-12.4599 -12.4595
-12.0439  -12.045
-11.6289 -11.6269
-11.2123 -11.2139
-10.7968 -10.7993
-10.3808 -10.3838
-9.96825 -9.96772
-9.55271 -9.55167
-9.13668 -9.13862
-8.72065 -8.72206
-8.30512 -8.30552
-7.88959 -7.88796
-7.47306 -7.47491
-7.05903 -7.05936
-6.64349 -6.64531
-6.22947 -6.22877
-5.81343 -5.81421
 -5.3984 -5.40116
-4.98287 -4.98411
-4.56834 -4.56806
-4.15081 -4.15201
-3.73678 -3.73646
-3.32225 -3.32191
-2.90671 -2.90636
-2.49019  -2.4898
-2.07565 -2.07575
-1.65963 -1.66121
-1.24509 -1.24565
-0.829559 -0.830603
-0.413531 -0.414551
       0        0
 0.41604 0.415051
0.831067 0.828595
  1.2466  1.24515
 1.66213  1.66071
 2.07816  2.07525
 2.49219   2.4908
 2.90722  2.90585
 3.32275   3.3214
 3.73729  3.73746
 4.15132   4.1525
 4.56785  4.56805
 4.98338  4.98411
 5.39841  5.39866
 5.81544  5.81471
 6.22847  6.22876
  6.6435  6.64531
 7.05903  7.05936
 7.47407  7.47491
 7.89009  7.88996
 8.30513  8.30501
 8.72016  8.72056
 9.13369  9.13561
 9.55072  9.55066
 9.96575  9.96621
 10.3818  10.3823
 10.7958  10.7968
 11.2114  11.2129
 11.6279  11.6264
 12.0429   12.042
 12.4589   12.457
 12.8725  12.8731
  13.286  13.2981
  13.704  13.7027
 14.1196  14.1257
 14.5341  14.5433
 14.9491  14.9548
 15.3637  15.3629
 15.7802  15.7779
 16.1947  16.1935
 16.6113   16.609
 17.0268  17.0251
 17.4413  17.4396
 17.8579  17.8547
 18.2704  18.2692
 18.6869  18.6863
 19.1034  19.1008
 19.5175  19.5169
  19.933  19.9324
 20.3475  20.3475
 20.7626   20.764
 21.1781  21.1751
 21.5931  21.5941
 22.0102  22.0092
 22.4247  22.4242
 22.8412  22.8398
 23.2552  23.2553
 23.6703  23.6704
 24.0873  24.0854
 24.5013   24.501
 24.9164  24.9165
 25.3319  25.3306
 25.7469  25.7446
  26.161  26.1607
  26.576  26.5757
 26.9925  26.9918
 27.4086  27.4073
 27.8226  27.8214
 28.2391  28.2374
 28.6547   28.652
 29.0687   29.067
 29.4842  29.4821
 29.9013  29.8982
 30.3133  30.3152
 30.7313  30.7297
 31.1463  31.1443
 31.5599  31.5609
 31.9759  31.9734
 32.3909  32.3895
  32.807  32.8055
  33.222  33.2211
  33.637  33.6381
 34.0521  34.0527
 34.4681  34.4677
 34.8811  34.8823
 35.2976  35.2968
 35.7127  35.7114
 36.1297  36.1284
 36.5443  36.5435
 36.9588   36.958
 37.3738  37.3731
 37.7883  37.7876
 38.2034  38.2037
 38.6179  38.6182
 39.0339  39.0353
 39.4505  39.4508
 39.8665  39.8674
  40.281  40.2809
 40.6971   40.695
 41.1101  41.1095
 41.5226  41.5241
 41.9407  41.9391
 42.3572  42.3567
 42.7717  42.7722
 43.1872  43.1868
 43.6018  43.6013
 44.0173  44.0169
 44.4323  44.4324
 44.8479  44.8485
 45.2619  45.2625
 45.6784  45.6796
  46.094  46.0946
 46.5085  46.5097
 46.9235  46.9247
 47.3391  47.3393
 47.7541  47.7543
 48.1676  48.1704
 48.5847  48.5854
 48.9997  49.0025
 49.4172  49.4165
 49.8318  49.8326
 50.2458  50.2461
 50.6618  50.6612
 51.0783  51.0772
 51.4929  51.4928
 51.9109  51.9083
 52.3239  52.3239
  52.738  52.7389
 53.1555   53.155
 53.5705  53.5685
 53.9866  53.9846
 54.4031  54.3996
 54.8186  54.8157
 55.2322  55.2308
 55.6472  55.6463
 56.0642  56.0618
 56.4783  56.4774
 56.8933  56.8924
 57.3073  57.3055
 57.7234   57.721
 58.1394  58.1381
 58.5539  58.5536
 58.9699  58.9687
 59.3845  59.3823
 59.7985  59.7983
 60.2125  60.2124
 60.6271  60.6274
 61.0441  61.0439
 61.4586  61.4605
 61.8767  61.8755
 62.2917  62.2901
 62.7062  62.7062
 63.1232  63.1222
 63.5353  63.5358
 63.9518  63.9518
 64.3663  64.3669
 64.7834  64.7839
 65.1994  65.1994
 65.6139   65.613
 66.0285  66.0281
  66.444  66.4446
  66.859  66.8592
 67.2751  67.2752
 67.6886  67.6913
 68.1061  68.1068
 68.5217  68.5224
 68.9357  68.9364
 69.3507  69.3525
 69.7663  69.7675
 70.1808  70.1811
 70.5973  70.5986
 71.0123  71.0132
 71.4259  71.4277
 71.8439  71.8443
 72.2589  72.2578
  72.675  72.6749
  73.089  73.0889
  73.504  73.5035
 73.9201  73.9195
 74.3341  74.3351
 74.7491  74.7506
 75.1647  75.1657
 75.5782  75.5797
 75.9942  75.9953
 76.4083  76.4108
 76.8243  76.8259
 77.2398  77.2419
 77.6569   77.658
 78.0729  78.0725
 78.4884  78.4876
 78.9024  78.9026
 79.3165  79.3177
  79.731  79.7327
  80.147  80.1493
 80.5636  80.5638
 80.9791  80.9789
 81.3951  81.3934
 81.8097  81.8095
 82.2227  82.2235
 82.6377  82.6391
 83.0533  83.0541
 83.4668  83.4702
 83.8838  83.8847
 84.2988  84.2993
 84.7139  84.7148
 85.1294  85.1299
 85.5449  85.5459
 85.9449  85.9459

