-85.9386 -85.9553
-85.5386 -85.5553
-85.1221 -85.1209
-84.7106 -84.7174
-84.2922 -84.3109
-83.8752  -83.889
-83.4717 -83.4795
-83.0473 -83.0461
-82.6688 -82.6296
-82.2173 -82.2107
-81.8009 -81.8167
-81.3859 -81.3998
-80.9705 -80.9843
 -80.551 -80.5383
 -80.139 -80.1519
-79.7241 -79.7359
-79.3081 -79.3185
-78.8931 -78.9065
-78.4782 -78.4686
-78.0622 -78.0776
-77.6483 -77.6397
-77.2333 -77.2232
-76.8163 -76.8053
-76.4019 -76.3983
-75.9994 -76.0043
-75.5724 -75.5869
-75.1565 -75.1714
 -74.738  -74.721
 -74.326  -74.341
-73.9091  -73.896
-73.4976 -73.5126
-73.0812 -73.0686
-72.6652 -72.6492
-72.2492 -72.2637
-71.8348 -71.8298
-71.4188 -71.4133
-71.0043 -70.9974
-70.5899 -70.6054
-70.1749 -70.1725
-69.7584  -69.755
 -69.357 -69.3795
 -68.928 -68.9186
 -68.513 -68.5071
-68.0966 -68.1102
-67.6776 -67.6522
-67.2672 -67.2598
-66.8537 -66.8653
-66.4367 -66.4482
-66.0303 -66.0309
-65.6073 -65.6104
-65.1898   -65.19
-64.7754 -64.7755
-64.3594 -64.3576
-63.9464 -63.9436
-63.5305 -63.5287
 -63.114 -63.1167
-62.7006 -62.7008
-62.2816 -62.2803
-61.8691 -61.8664
-61.4547 -61.4589
-61.0387 -61.0389
-60.6257  -60.623
-60.2093  -60.208
-59.7948 -59.7946
-59.3803 -59.3796
-58.9624 -58.9622
-58.5469 -58.5462
-58.1309 -58.1283
 -57.718 -57.7188
-57.3025 -57.3038
-56.8886 -56.8909
-56.4716 -56.4704
-56.0561  -56.054
-55.6392  -55.639
-55.2262 -55.2281
-54.8107 -54.8086
-54.3943 -54.3947
-53.9798 -53.9802
-53.5643 -53.5657
-53.1494 -53.1488
-52.7344 -52.7358
 -52.318 -52.3174
 -51.902 -51.9024
-51.4875  -51.486
-51.0731  -51.072
-50.6576 -50.6576
-50.2391 -50.2401
-49.8267 -49.8267
-49.4122 -49.4147
-48.9957 -48.9952
-48.5808 -48.5803
-48.1648 -48.1673
-47.7499 -47.7494
-47.3344 -47.3329
-46.9199 -46.9185
-46.5045 -46.5035
 -46.088 -46.0881
 -45.673 -45.6726
-45.2581 -45.2566
-44.8431 -44.8437
-44.4276 -44.4272
-44.0152 -44.0133
-43.5977 -43.5963
-43.1823 -43.1804
-42.7663 -42.7659
-42.3508 -42.3499
-41.9364 -41.9365
-41.5219 -41.5205
-41.1064 -41.1071
 -40.692 -40.6916
-40.2765 -40.2762
 -39.862 -39.8617
-39.4446 -39.4433
-39.0311 -39.0288
-38.6131 -38.6098
-38.2002 -38.1984
-37.7842 -37.7819
-37.3693  -37.367
-36.9548 -36.9515
-36.5388 -36.5351
-36.1244 -36.1231
-35.7084 -35.7087
-35.2934 -35.2932
 -34.878 -34.8778
 -34.462 -34.4613
 -34.046 -34.0453
-33.6321 -33.6304
-33.2161 -33.2119
-32.8016    -32.8
-32.3867  -32.385
-31.9717 -31.9691
-31.5568 -31.5546
-31.1413 -31.1382
-30.7253 -30.7232
-30.3099 -30.3092
-29.8934 -29.8908
-29.4804 -29.4778
-29.0645 -29.0634
-28.6495 -28.6499
-28.2345 -28.2345
-27.8186  -27.817
-27.4041 -27.4021
-26.9887 -26.9861
-26.5722 -26.5711
-26.1577 -26.1557
-25.7418 -25.7407
-25.3273 -25.3258
-24.9073 -24.9093
-24.4969 -24.4944
-24.0819 -24.0819
-23.6664 -23.6644
 -23.252  -23.251
-22.8365 -22.8346
-22.4211 -22.4196
-22.0051 -22.0031
-21.5886 -21.5872
-21.1757 -21.1732
-20.7607 -20.7588
-20.3457 -20.3428
-19.9253 -19.9249
-19.5163 -19.5154
-19.0993 -19.0979
-18.6864  -18.685
-18.2699  -18.269
-17.8535 -17.8526
 -17.437 -17.4366
 -17.023 -17.0227
-16.6091 -16.6072
-16.1946 -16.1923
-15.7786 -15.7758
-15.3632 -15.3614
-14.9477 -14.9444
-14.5307 -14.5304
-14.1158 -14.1155
-13.7003    -13.7
-13.2853 -13.2866
-12.8709 -12.8711
-12.4554 -12.4547
 -12.041 -12.0402
-11.6265 -11.6263
 -11.212 -11.2103
-10.7971 -10.7943
-10.3826 -10.3814
-9.96763 -9.96643
-9.55317 -9.55098
-9.13621 -9.13452
-8.72024 -8.71907
-8.30428 -8.30261
-7.88881 -7.88915
-7.47335  -7.4732
-7.05789 -7.05674
-6.64342 -6.64179
-6.22796 -6.22783
-5.81249 -5.81238
-5.39703 -5.39642
-4.98057 -4.98196
 -4.5671 -4.56651
-4.15214 -4.15206
-3.73768  -3.7366
-3.30971 -3.31614
-2.90625 -2.90569
-2.48978 -2.49023
-2.07582 -2.07428
-1.66036 -1.66082
-1.24639 -1.24637
-0.830426 -0.831909
-0.413464 -0.414459
       0        0
0.416962 0.415454
0.830927 0.829907
 1.24489  1.24786
 1.66135  1.66282
 2.07582  2.07678
 2.49028  2.49224
 2.90674  2.90668
 3.32271  3.32264
 3.73768   3.7406
 4.15214  4.15405
  4.5676  4.56901
 4.98307  4.98346
 5.39753  5.39892
 5.81349  5.81288
 6.22896  6.22733
 6.64242  6.64379
 7.05939  7.05724
 7.47535  7.47319
 7.88981  7.88915
 8.30478  8.30361
 8.70624  8.70756
 9.13571  9.13552
 9.54917  9.54947
 9.96663  9.96593
 10.3806  10.3819
 10.7961  10.7973
 11.2095  11.2098
  11.625  11.6242
 12.0405  12.0417
 12.4544  12.4547
 12.8689  12.8696
 13.2843  13.2851
 13.7003   13.702
 14.1168  14.1165
 14.5317  14.5304
 14.9447  14.9444
 15.3612  15.3594
 15.7761  15.7743
 16.1796  16.1918
 16.6071  16.6077
  17.021  17.0212
  17.437  17.4366
 17.8519  17.8506
 18.2669   18.267
 18.6814   18.682
 19.0978  19.0989
 19.5133  19.5144
 19.9288  19.9299
 20.3412  20.3443
 20.7567  20.7588
 21.1712  21.1742
 21.5876  21.5892
 22.0041  22.0056
  22.419  22.4201
  22.836  22.8365
   23.25    23.25
 23.6639   23.664
 24.0794  24.0799
 24.4934  24.4944
 24.9093  24.9113
 25.3258  25.3263
 25.7388  25.7412
 26.1532  26.1557
 26.5702  26.5731
 26.9901  26.9896
 27.4021  27.4046
 27.8171  27.8175
 28.2315   28.235
  28.646  28.6464
 29.0625  29.0629
 29.4779  29.4788
 29.8919  29.8938
 30.3089  30.3092
 30.7243  30.7252
 31.1388  31.1402
 31.5553  31.5571
 31.9702  31.9716
 32.3737  32.3865
 32.8006   32.801
 33.2161  33.2169
 33.6296  33.6309
 34.0455  34.0468
  34.459  34.4603
 34.8765  34.8773
 35.2929  35.2922
 35.7064  35.7077
 36.1229  36.1236
 36.5363  36.5376
 36.9523   36.954
 37.3678  37.3685
 37.7817  37.7824
 38.1987  38.2009
 38.6136  38.6153
 39.0291  39.0313
 39.4441  39.4468
  39.859  39.8617
 40.2735  40.2752
  40.689  40.6906
 41.1034  41.1046
 41.5194   41.519
 41.9344   41.933
 42.3503  42.3504
 42.7658  42.7659
 43.1807  43.1809
 43.5967  43.5973
 44.0112  44.0118
 44.4276  44.4282
 44.8421  44.8427
 45.2571  45.2586
   45.67  45.6731
  46.087   46.087
 46.5015   46.503
 46.9179  46.9185
 47.3334  47.3329
 47.7473  47.7474
 48.1638  48.1638
 48.5783  48.5788
 48.9927  48.9942
 49.4077  49.4082
 49.8237  49.8251
 50.2381  50.2406
 50.6536  50.6551
 51.0701  51.0715
  51.485  51.4855
  51.898  51.8994
  52.314  52.3154
 52.7294  52.7303
 53.1449  53.1478
 53.5593  53.5602
 53.9758  53.9762
 54.3898  54.3917
 54.8067  54.8076
 55.2227  55.2221
 55.6367   55.637
 56.0501  56.0505
 56.4666  56.4684
 56.8816  56.8809
 57.2975  57.2983
  57.713  57.7118
 58.1259  58.1268
 58.5444  58.5472
 58.9574  58.9567
 59.3728  59.3726
 59.7873  59.7891
 60.2043   60.202
 60.6197  60.6175
 61.0342  61.0334
 61.4482  61.4479
 61.8651  61.8649
 62.2786  62.2798
  62.694  62.6948
 63.1095  63.1087
 63.5255  63.5242
 63.9409  63.9411
 64.3554  64.3521
 64.7704   64.771
 65.1853  65.1855
 65.6003  65.6004
 66.0173  66.0164
 66.4332  66.4314
 66.8482  66.8478
 67.2652  67.2633
 67.6776  67.6782
 68.0951  68.0937
   68.51  68.5096
 68.9255  68.9246
  69.341  69.3385
 69.7554  69.7545
 70.1709   70.169
 70.5869  70.5854
 71.0013  71.0014
 71.4178  71.4143
 71.8323  71.8308
 72.2487  72.2472
 72.6632  72.6622
 73.0791  73.0766
 73.4946  73.4936
 73.9101  73.9091
 74.3235   74.322
  74.739  74.7385
  75.156  75.1539
 75.5704  75.5684
 75.9869  75.9863
 76.4014  76.3988
 76.8173  76.8142
 77.2318  77.2312
 77.6462  77.6467
 78.0632  78.0596
 78.4792  78.4766
 78.8936   78.892
 79.3101  79.3085
 79.7256  79.7239
  80.141  80.1384
  80.556  80.5548
  80.969  80.9698
 81.3864  81.3843
 81.7999  81.7982
 82.2169  82.2147
 82.6323  82.6321
 83.0463  83.0456
 83.4627  83.4625
 83.8777   83.875
 84.2907  84.2894
 84.7066  84.7069
 85.1226  85.1234
 85.5391  85.5368
 85.9391  85.9368

