-83.9789 -83.9659
-83.5789 -83.5659
-83.1734 -83.1709
-82.7684 -82.7629
-82.3709 -82.3629
-81.9589 -81.9619
-81.5529 -81.5519
-81.1459 -81.1489
-80.7504 -80.7514
-80.3394 -80.3314
-79.9354 -79.9319
-79.5235 -79.5229
 -79.116 -79.1154
 -78.717 -78.7199
 -78.314 -78.3079
 -77.899 -77.8954
 -77.494 -77.4914
 -77.087 -77.0859
-76.6885 -76.6834
-76.2845 -76.2789
 -75.872 -75.8739
 -75.466 -75.4674
-75.0615 -75.0649
-74.6545 -74.6549
-74.2536 -74.2519
-73.8441 -73.8459
-73.4381 -73.4349
-73.0371 -73.0334
-72.6321 -72.6274
-72.2191 -72.2199
-71.8186 -71.8199
-71.4086 -71.4109
-71.0011 -70.9994
-70.6016 -70.5994
-70.1911 -70.1924
-69.7931 -69.7899
-69.3817 -69.3839
-68.9752 -68.9774
-68.5697 -68.5714
-68.1682 -68.1624
-67.7592 -67.7609
-67.3502 -67.3504
-66.9452 -66.9474
-66.5437 -66.5419
-66.1342 -66.1334
-65.7287 -65.7294
-65.3242 -65.3254
-64.9167 -64.9189
-64.5142 -64.5179
-64.1037 -64.1109
-63.6993 -63.7024
-63.2933 -63.2974
-62.8868 -62.8874
-62.4828 -62.4839
-62.0763 -62.0779
-61.6748 -61.6734
-61.2623 -61.2654
-60.8573 -60.8584
-60.4533 -60.4564
-60.0478 -60.0519
-59.6458 -59.6419
-59.2358 -59.2384
-58.8318 -58.8299
-58.4244 -58.4249
-58.0179 -58.0184
-57.6149 -57.6134
-57.2069 -57.2094
-56.8044 -56.8084
-56.3969 -56.3949
-55.9909 -55.9904
-55.5844 -55.5854
-55.1794 -55.1814
-54.7744 -54.7759
-54.3684 -54.3654
 -53.962 -53.9624
-53.5605 -53.5589
-53.1565 -53.1544
 -52.752 -52.7474
 -52.346 -52.3434
-51.9415 -51.9379
-51.5285 -51.5259
-51.1235 -51.1279
 -50.717 -50.7199
 -50.311 -50.3124
-49.9115 -49.9099
-49.4995 -49.4989
 -49.094 -49.0904
 -48.688 -48.6839
-48.2841 -48.2869
-47.8771 -47.8759
-47.4711 -47.4719
-47.0676 -47.0724
-46.6636 -46.6619
-46.2571 -46.2549
-45.8516 -45.8509
-45.4431 -45.4469
-45.0406 -45.0364
-44.6321 -44.6319
-44.2251 -44.2254
-43.8201 -43.8229
-43.4141 -43.4104
-43.0077 -43.0089
-42.6052 -42.6014
-42.1967 -42.1989
-41.7907 -41.7914
-41.3852 -41.3834
-40.9792 -40.9764
-40.5737 -40.5729
-40.1672 -40.1679
-39.7622 -39.7669
-39.3557 -39.3575
-38.9522 -38.9509
-38.5427  -38.545
-38.1418  -38.144
-37.7333 -37.7329
-37.3283  -37.332
-36.9218 -36.9219
-36.5148 -36.5169
-36.1103 -36.1099
-35.7043 -35.7044
-35.2968 -35.2949
-34.8923 -34.8944
-34.4873  -34.488
-34.0798 -34.0794
-33.6738 -33.6755
-33.2683  -33.272
-32.8634 -32.8644
-32.4574 -32.4605
-32.0539 -32.0555
-31.6474 -31.6495
-31.2454 -31.2465
-30.8384 -30.8394
-30.4324 -30.4335
-30.0274 -30.0275
-29.6174 -29.6205
-29.2164  -29.218
-28.8104 -28.8125
-28.4019 -28.4075
-27.9959 -27.9995
-27.5945  -27.592
-27.1845  -27.188
-26.7795 -26.7855
-26.3775 -26.3795
 -25.969 -25.9715
 -25.561  -25.561
-25.1565 -25.1595
 -24.754 -24.7525
 -24.345 -24.3465
-23.9375  -23.939
-23.5325 -23.5355
 -23.126 -23.1295
-22.7201 -22.7205
-22.3151  -22.318
-21.9101  -21.913
-21.5046   -21.51
-21.1026 -21.1055
-20.6916  -20.699
-20.2786 -20.2905
-19.8821  -19.886
-19.4751  -19.479
-19.0691 -19.0745
-18.6611 -18.6675
-18.2581 -18.2655
-17.8512 -17.8535
-17.4452  -17.449
-17.0392  -17.046
-16.6347 -16.6395
-16.2292 -16.2365
-15.8227  -15.823
-15.4187   -15.42
-15.0122 -15.0175
-14.6057   -14.61
-14.2002 -14.2045
-13.7947  -13.793
-13.3887  -13.388
-12.9827  -12.987
-12.5763   -12.58
-12.1708 -12.1755
-11.7663 -11.7695
-11.3608 -11.3645
-10.9548 -10.9575
-10.5498 -10.5525
-10.1453 -10.1485
-9.73981 -9.74149
-9.33331 -9.33348
-8.92833 -8.93149
-8.52333 -8.52648
-8.11584 -8.11349
-7.71185 -7.71349
-7.30485 -7.30149
-6.89886 -6.89549
-6.49337 -6.49249
-6.08738 -6.08949
-5.68089 -5.67849
 -5.2759 -5.27599
-4.86791 -4.86799
-4.46241 -4.46049
-4.05692 -4.05499
-3.65093 -3.64949
-3.24644  -3.2495
-2.84144  -2.8425
-2.43695 -2.43749
-2.02946   -2.027
-1.62297   -1.621
-1.21647 -1.21699
-0.811481 -0.808502
-0.406494 -0.405499
       0        0
0.404498    0.406
0.810986 0.809503
 1.21598    1.215
 1.62247   1.6245
 2.02946   2.0325
 2.43345   2.4405
 2.83945    2.844
 3.24444   3.2485
 3.64993   3.6515
 4.05692  4.06099
 4.46342    4.464
 4.86991  4.87349
  5.2719  5.27449
 5.67939   5.6855
 6.08738  6.08849
 6.49037  6.49349
 6.89587  6.89649
 7.30186  7.30299
 7.70985  7.70849
 8.11335  8.11899
 8.52134  8.52299
 8.92683  8.92699
 9.33082  9.33199
 9.73631  9.73899
 10.1433  10.1435
 10.5453  10.5465
 10.9558  10.9565
 11.3583   11.363
 11.7643    11.77
 12.1713  12.1715
 12.5768   12.579
 12.9797  12.9835
 13.3882  13.3915
 13.7907   13.797
 14.1977   14.203
 14.6062  14.6065
 15.0087  15.0115
 15.4147   15.419
 15.8182  15.8235
 16.2257  16.2295
 16.6317   16.635
 17.0397   17.041
 17.4442   17.446
 17.8477   17.853
 18.2536  18.2555
 18.6596   18.662
 19.0656   19.067
 19.4706   19.472
 19.8781   19.879
 20.2841  20.2855
 20.6876  20.6875
 21.0951  21.0945
 21.5001   21.501
 21.9066   21.907
 22.3086  22.3115
 22.7181    22.72
 23.1231  23.1285
 23.5285  23.5305
 23.9365  23.9385
 24.3405  24.3425
  24.747  24.7475
 25.1525   25.153
 25.5595   25.558
  25.962   25.965
 26.3705   26.371
 26.7765  26.7745
  27.181   27.183
  27.587   27.588
 27.9955   27.996
 28.3945   28.397
 28.8034   28.805
 29.2129   29.214
 29.6164   29.618
 30.0259  30.0235
 30.4259   30.425
 30.8329  30.8345
 31.2374  31.2375
 31.6444   31.645
 32.0519  32.0525
 32.4599    32.46
 32.8644  32.8625
 33.2709  33.2695
 33.6758   33.676
 34.0793  34.0785
 34.4853  34.4845
 34.8908   34.891
 35.3003  35.2999
 35.7023  35.7039
 36.1083  36.1049
 36.5168   36.516
 36.9208  36.9174
 37.3283  37.3254
 37.7333  37.7314
 38.1358  38.1349
 38.5428  38.5444
 38.9522  38.9504
 39.3532  39.3554
 39.7612  39.7654
 40.1667  40.1654
 40.5722  40.5714
 40.9797  40.9784
 41.3822  41.3839
 41.7902  41.7874
 42.1952  42.1969
 42.5992  42.6004
 43.0047  43.0034
 43.4122  43.4099
 43.8176  43.8154
 44.2236  44.2209
 44.6281  44.6259
 45.0346  45.0324
 45.4411  45.4389
 45.8471  45.8459
 46.2541  46.2534
 46.6586  46.6594
 47.0636  47.0639
 47.4691  47.4689
 47.8756  47.8749
 48.2816  48.2794
 48.6876  48.6869
 49.0935  49.0909
 49.4985  49.4954
  49.904  49.8989
  50.309  50.3064
 50.7135  50.7109
   51.12  51.1154
  51.526  51.5239
  51.931  51.9299
  52.337  52.3344
  52.742  52.7394
  53.148  53.1469
 53.5555  53.5519
 53.9595  53.9564
 54.3649  54.3589
 54.7729  54.7679
 55.1774  55.1694
 55.5849  55.5774
 55.9889  55.9799
 56.3919  56.3849
 56.8004  56.7944
 57.2049  57.1999
 57.6114  57.6049
 58.0174  58.0114
 58.4239  58.4164
 58.8294  58.8224
 59.2338  59.2264
 59.6383  59.6324
 60.0463  60.0404
 60.4518  60.4459
 60.8578  60.8519
 61.2653  61.2579
 61.6698  61.6634
 62.0763  62.0699
 62.4808  62.4744
 62.8853  62.8789
 63.2918  63.2834
 63.6988  63.6924
 64.1043  64.0974
 64.5098  64.5034
 64.9172  64.9119
 65.3222  65.3164
 65.7287  65.7204
 66.1327  66.1224
 66.5397  66.5314
 66.9482  66.9389
 67.3517  67.3434
 67.7577  67.7474
 68.1637  68.1564
 68.5687  68.5594
 68.9732  68.9639
 69.3792  69.3694
 69.7866  69.7774
 70.1931  70.1844
 70.5976  70.5914
 71.0031  70.9974
 71.4111  71.4034
 71.8156  71.8059
 72.2221  72.2124
 72.6271  72.6179
 73.0301  73.0234
 73.4381  73.4284
 73.8446  73.8339
 74.2501  74.2419
  74.655  74.6429
  75.061  75.0494
 75.4655  75.4549
 75.8725  75.8634
  76.277  76.2654
 76.6855  76.6719
  77.092  77.0759
  77.496  77.4839
 77.9015  77.8864
  78.306  78.2919
  78.711  78.6964
 79.1185  79.1039
 79.5245  79.5149
 79.9299  79.9184
 80.3359  80.3204
 80.7424  80.7299
 81.1474  81.1349
 81.5529  81.5389
 81.9594  81.9484
 82.3669  82.3544
 82.7719  82.7609
 83.1764  83.1654
 83.5849  83.5729
 83.9849  83.9729

