  857.3    20.4 0
  871.0    18.0 0
  867.2    16.9 0
  958.8    23.8 0
  866.8    21.2 0
  858.0    20.0 0
  912.7    18.7 0
  828.7    17.2 0
  884.3    20.5 0
  872.3    21.3 0
  846.1    15.6 0
  829.6    19.2 0
  908.9    19.9 0
  858.7    19.3 0
  903.9    18.7 0
  837.6    18.3 0
  935.6    20.7 0
  924.3    22.7 0
  930.3    21.6 0
  962.7    22.9 0
  906.5    20.1 0
  747.7    12.2 0
  935.6    22.8 0
  979.8    26.1 0
  981.0    29.0 0
  828.1    18.8 0
  822.2    15.2 0
  835.2    16.3 0
  889.1    24.3 0
  853.1    20.5 0
  877.0    18.3 0
  921.8    18.3 0
  918.0    22.0 0
  897.4    20.2 0
  948.3    21.1 0
  961.5    24.1 0
  948.0    25.0 0
  943.7    23.2 0
  951.3    21.4 0
  946.6    21.3 0
  847.9    16.9 0
  919.0    21.2 0
  962.0    21.0 0
  844.3    22.3 0
  910.5    21.0 0
  812.6    17.7 0
  854.2    19.4 0
  946.6    23.2 0
  900.9    19.6 0
  885.0    19.7 0
  866.9    17.4 0
  842.7    20.5 0
  886.3    20.8 0
  744.6    14.4 0
  858.4    18.3 0
  719.9    14.4 0
  929.5    21.3 0
  853.1    17.3 0
  898.3    18.4 0
  945.4    23.8 0
  864.4    23.6 0
  815.3    15.0 0
  877.8    19.0 0
  850.2    19.8 0
  862.9    20.1 0
  868.7    20.8 0
  884.0    23.1 0
  912.3    21.3 0
  929.1    24.2 0
  828.7    18.9 0
  868.5    15.4 0
  881.7    23.0 0
  924.2    21.9 0
  906.7    17.9 0
  935.0    18.0 0
  758.4    20.8 0
  972.6    26.1 0
  863.1    18.1 0
  885.3    16.9 0
  881.9    21.0 0
  897.8    23.3 0
  941.1    20.9 0
  839.5    15.8 0
  950.0    26.3 0
  896.4    20.6 0
  794.4    15.0 0
  908.6    22.7 0
  927.1    21.8 0
  906.7    19.7 0
  916.0    21.7 0
  931.0    20.7 0
  869.3    20.8 0
  841.5    17.3 0
  856.8    17.5 0
  957.0    24.2 0
  913.8    21.1 0
  924.2    18.3 0
  914.9    20.2 0
  918.1    20.0 0
  940.8    26.2 0
  859.4    17.3 0
  856.4    17.4 0
  863.0    19.6 0
  845.1    17.9 0
  964.1    19.7 0
  911.1    24.6 0
  863.3    16.6 0
  864.2    20.0 0
  870.7    21.2 0
  797.0    10.3 0
  911.1    21.2 0
  888.9    18.8 0
  986.7    24.3 0
  983.0    27.0 0
  907.4    17.8 0
  948.7    21.1 0
  969.2    22.0 0
  860.6    18.7 0
  949.1    21.0 0
  875.5    20.4 0
  872.9    21.0 0
  848.5    16.9 0
  890.2    19.7 0
  917.3    22.6 0
  899.8    20.6 0
  872.8    17.0 0
  945.4    22.5 0
  946.2    21.1 0
