0.55	   4.43642  0.0421956
0.65	   3.94708  0.0350035
0.75	   3.45145  0.0326378
0.85	   2.862    0.0282272
0.95	   2.37002  0.026921
1.05	   1.91433  0.0249857
1.15	   1.59761  0.0233381
1.3	   1.10884   0.0114283
1.5	   0.695226  0.00831356
1.7	   0.402134  0.00479856
1.9	   0.2335    0.0032618
2.1	   0.131526  0.00196567
2.4	   0.0599132 0.000770819
2.8	   0.0191007 0.000396914
3.2	   0.0068197 0.000207907
3.6	   0.0026435 0.000131696


centrality:  0 -10 %
pt [GeV/c]  yield   stat. error on yield 
