*************************************************************
date: Oct 1st, 2002
DATA:  (p+pbar)/2
AnNote : 154
data table produced by Julia Velkovska , email: julia@bnl.gov
*************************************************************
centrality:  0 -10 %

pt [GeV/c]  yield   stat. error on yield 
0.55	   4.43642  0.0421956
0.65	   3.94708  0.0350035
0.75	   3.45145  0.0326378
0.85	   2.862    0.0282272
0.95	   2.37002  0.026921
1.05	   1.91433  0.0249857
1.15	   1.59761  0.0233381
1.3	   1.10884   0.0114283
1.5	   0.695226  0.00831356
1.7	   0.402134  0.00479856
1.9	   0.2335    0.0032618
2.1	   0.131526  0.00196567
2.4	   0.0599132 0.000770819
2.8	   0.0191007 0.000396914
3.2	   0.0068197 0.000207907
3.6	   0.0026435 0.000131696

************************************************************
centrality: 10 -30 %
pt [GeV/c]  yield   stat. error on yield  
0.55	    2.98621	0.0247182
0.65	    2.69944	0.0209069
0.75	    2.24623	0.0186707
0.85	    1.85898	0.0159899
0.95	    1.54285	0.0153027
1.05	    1.247	0.0142233
1.15	    1.00014	0.0129212
1.3	    0.703024	0.00643203
1.5	    0.419881	0.00444232
1.7	    0.247637	0.00264843
1.9	    0.141596	0.00177137
2.1	    0.0822709	0.00110255
2.4	    0.0372097	0.000436071
2.8	    0.0122231	0.000230491
3.2	    0.0041161	0.000116978
3.6	    0.0017293	7.57302e-05

************************************************************
centrality: 30-60 %
pt [GeV/c]  yield   stat. error on yield  
0.55	    1.29565	0.0116479
0.65	    1.10508	0.00954985
0.75	    0.90203	0.00821627
0.85	    0.70987	0.00696909
0.95	    0.57303	0.00645248
1.05	    0.43827	0.00570879
1.15	    0.33524	0.00497124
1.3	    0.230267	0.0024964
1.5	    0.128982	0.00165808
1.7	    0.0749132	0.00100404
1.9	    0.041522	0.000678476
2.1	    0.0238862	0.000438914
2.4	    0.0105078	0.000178385
2.8	    0.00355598	9.97597e-05
3.2	    0.00131108	5.4392e-05
3.6	    0.00043408	3.11969e-05

************************************************************
centrality: 60-91.4 %
pt [GeV/c]  yield   stat. error on yield 

0.55	    0.241557	0.0032156
0.65	    0.192097	0.00249422
0.75	    0.14189	0.00198826
0.85	    0.105064	0.00163386
0.95	    0.0790947	0.00142915
1.05	    0.0557447	0.00120027
1.15	    0.0407462	0.00104062
1.3	    0.0253992   0.000510529
1.5	    0.0128266   0.000342829
1.7	    0.00701374  0.000225299
1.9	    0.00381628  0.000161182
2.1	    0.00206462  0.0001117
2.4	    0.000933692 4.94809e-05
2.8	    0.000346977 3.11536e-05
3.2	    0.000117891 1.65266e-05
3.6	    6.22448e-05 1.18827e-05

