0  24  49  1
1  11  28  1
2  6  55  1
2  6  59  4
2  7  58  1
2  7  59  1
2  13  68  1
2  26  28  1
2  28  28  1
2  31  28  1
2  32  29  1
3  14  61  1
3  18  41  1
3  19  59  1
3  19  60  4
3  31  9  4
3  31  50  2
3  32  8  4
3  32  9  4
3  32  10  1
3  32  13  4
3  33  8  1
3  33  10  2
3  33  13  4
3  34  8  4
3  34  9  4
3  34  10  2
6  26  60  4
6  26  61  4
6  26  63  4
6  26  68  1
6  26  70  4
6  27  60  4
6  27  61  4
6  27  62  4
6  27  63  4
6  27  69  4
6  27  70  4
6  29  59  4
7  14  63  1
7  31  7  1
4  1  1  2
4  1  3  2
4  1  4  2
4  1  6  2
4  1  7  2
4  2  24  1
4  2  39  1
4  2  80  2
4  2  87  1
4  3  80  2
4  4  2  2
4  4  3  2
4  4  29  2
4  4  94  2
4  6  1  2
4  6  63  1
4  7  9  2
4  7  10  2
4  8  1  2
4  8  2  2
4  8  3  2
4  8  4  2
4  8  48  1
4  10  1  2
4  10  2  2
4  12  4  2
4  15  2  2
4  15  52  1
4  16  90  1
4  17  1  2
4  17  2  2
4  17  4  2
4  17  75  1
4  18  1  2
4  18  3  2
4  18  6  2
4  18  8  2
4  18  9  2
4  19  2  2
4  20  11  1
4  21  4  2
4  21  38  1
4  21  93  2
4  22  90  1
4  23  34  1
4  24  71  1
4  25  1  2
4  27  1  1
4  27  84  1
4  29  6  2
4  32  3  1
4  34  84  2
4  35  2  2
4  36  2  2
4  37  1  2
4  37  2  1
4  38  2  1
4  39  2  2
4  39  4  2
4  40  1  1
4  40  2  2
4  40  5  2
4  40  20  2
4  40  23  2
4  41  1  1
4  41  3  2
4  41  16  1
4  41  20  1
4  41  22  4
4  41  23  2
4  42  1  2
4  42  2  2
4  42  3  2
4  42  5  2
4  42  7  2
4  42  8  2
4  42  18  2
4  42  20  1
4  42  22  4
4  42  53  1
4  43  1  2
4  43  2  2
4  43  8  2
4  43  9  2
4  43  19  1
4  43  20  2
4  43  21  4
4  43  44  1
4  44  1  2
4  44  3  2
4  44  4  2
4  45  1  2
4  45  4  2
4  46  1  2
4  46  6  2
4  46  88  1
5  1  1  2
5  3  85  1
5  6  1  2
5  7  73  1
5  8  30  1
5  9  92  1
5  11  39  1
5  12  43  1
5  12  89  1
5  16  15  2
5  17  2  1
5  17  10  1
5  17  11  1
5  18  80  1
5  21  11  2
5  21  48  1
5  30  91  1
5  31  46  1
5  31  91  1
5  33  7  1
5  33  91  1
5  34  36  1
5  35  37  1
5  37  69  1
5  41  68  1
5  41  94  2
5  42  4  1
5  42  93  2
5  42  94  4
5  43  91  1
5  43  93  1
5  44  46  4
5  44  94  1
5  45  47  1
5  45  94  1
5  46  94  1
