 0.2043670  0.000000   0.250000    0.1495550E-01  0.2563870E-03  0.1642224E-01  0.1348876E-01
 0.3631450  0.250000   0.500000    0.3339780E-01  0.1375440E-03  0.3586600E-01  0.3092960E-01
 0.6105880  0.500000   0.750000    0.5680280E-01  0.1823540E-03  0.6027524E-01  0.5333036E-01
 0.8627300  0.750000   1.000000    0.7697430E-01  0.2441160E-03  0.8124109E-01  0.7270752E-01
 1.113760   1.000000   1.250000    0.9507890E-01  0.3244300E-03  0.9995891E-01  0.9019889E-01
 1.363330   1.250000   1.500000    0.1106680      0.4313460E-03  0.1160522      0.1052838  
 1.612520   1.500000   1.750000    0.1249920      0.5796260E-03  0.1309036      0.1190803  
 1.862390   1.750000   2.000000    0.1378850      0.7838060E-03  0.1444064      0.1313636  
 2.112990   2.000000   2.250000    0.1474360      0.1061460E-02  0.1538887      0.1409832  
 2.362960   2.250000   2.500000    0.1563670      0.1432420E-02  0.1633881      0.1493459  
 2.611920   2.500000   2.750000    0.1589260      0.1921820E-02  0.1662917      0.1515603  
 2.863330   2.750000   3.000000    0.1650940      0.2552680E-02  0.1721330      0.1580550  
 3.113520   3.000000   3.250000    0.1575730      0.3350970E-02  0.1674189      0.1511048  
 3.364640   3.250000   3.500000    0.1507270      0.4302600E-02  0.1642647      0.1399076  
 3.709610   3.500000   4.000000    0.1461835      0.4199322E-02  0.1594499      0.1392065  
 4.220160   4.000000   4.500000    0.1385650      0.5922483E-02  0.1581499      0.1316318  
 4.720080   4.500000   5.000000    0.1193895      0.7841428E-02  0.1488913      0.1047817


// chg_pt.dat --- v2 vs pt 
// pt, min_pt, max_pt, v2, err, sys_up, sys_dn
