 
 
average v2 in pt=1-2 GeV/c
-1*centrality, <v2>     , half width of,  stat. err.  , sys. err
                          centrality      of pi0 <v2>   of pi0 <v2>
-0.05        , 0.0933209, 0.05         , 0.0170345    , 0.0208554
-0.15        , 0.0815806, 0.05         , 0.0110249    , 0.00554878
-0.25        , 0.122306 , 0.05         , 0.00963473   , 0.0081178
-0.35        , 0.144664 , 0.05         , 0.0109585    , 0.00656415
-0.45        , 0.140160 , 0.05         , 0.0122052    , 0.00706926
-0.55        , 0.111614 , 0.05         , 0.0168013    , 0.0074546
-0.65        , 0.0495455, 0.05         , 0.0252700    , 0.0133273


average v2 in pt=2-10 GeV/c
-1*centrality, <v2>     , half width of,  stat. err.  , sys. err
                          centrality      of pi0 <v2>   of pi0 <v2>
-0.05        , 0.0755456, 0.05         , 0.0209528    , 0.0214158
-0.15        , 0.111944 , 0.05         , 0.0131656    , 0.0120488
-0.25        , 0.175036 , 0.05         , 0.0132642    , 0.00788964
-0.35        , 0.169052 , 0.05         , 0.0137064    , 0.0124212
-0.45        , 0.181826 , 0.05         , 0.0169309    , 0.00746491
-0.55        , 0.192707 , 0.05         , 0.0238669    , 0.0142988
-0.65        , 0.11728  , 0.05         , 0.0386752    , 0.0274726






pi0 v2 as a function of pT


top 20%
1.1 , 0.0756649 , 0.1 , 0.1 , 0.0154082 , 0.0154082  , 0.0118131
1.3 , 0.103459  , 0.1 , 0.1 , 0.0158478 , 0.0158478  , 0.0143576
1.5 , 0.100506  , 0.1 , 0.1 , 0.0162381 , 0.0162381  , 0.0139502
1.7 , 0.0677791 , 0.1 , 0.1 , 0.015754  , 0.015754   , 0.0101731
1.9 , 0.0961786 , 0.1 , 0.1 , 0.0192447 , 0.0192447  , 0.0136591
2.1 , 0.0934323 , 0.1 , 0.1 , 0.0192678 , 0.0192678  , 0.0150718
2.3 , 0.0981251 , 0.1 , 0.1 , 0.0226933 , 0.0226933  , 0.0177487
2.5 , 0.126840  , 0.1 , 0.1 , 0.0267241 , 0.0267241  , 0.0204727
2.7 , 0.117576  , 0.1 , 0.1 , 0.0286511 , 0.0286511  , 0.0183842
2.9 , 0.135955  , 0.1 , 0.1 , 0.0347179 , 0.0347179  , 0.0210350
3.39, 0.112692  , 0.39, 0.61, 0.0229395 , 0.0229395  , 0.0171682
4.59, 0.103658  , 0.59, 1.41, 0.0356779 , 0.0356779  , 0.0173295
6.70, 0.00553036, 0.70, 1.30, 0.090473  , 0.090473   , 0.0136644
8.77, 0.0371712 , 0.77, 1.23, 0.197405  , 0.197405   , 0.1071310

20-40%
1.1 , 0.119055  , 0.1 , 0.1 , 0.0110126 , 0.0110126  , 0.00758648
1.3 , 0.133368  , 0.1 , 0.1 , 0.0113094 , 0.0113094  , 0.0083535
1.5 , 0.152330  , 0.1 , 0.1 , 0.0127228 , 0.0127228  , 0.00655672
1.7 , 0.162292  , 0.1 , 0.1 , 0.0131772 , 0.0131772  , 0.00776935
1.9 , 0.182407  , 0.1 , 0.1 , 0.0153408 , 0.0153408  , 0.0099095
2.1 , 0.170997  , 0.1 , 0.1 , 0.0152231 , 0.0152231  , 0.0101887
2.3 , 0.201326  , 0.1 , 0.1 , 0.0183240 , 0.0183240  , 0.0132818
2.5 , 0.151994  , 0.1 , 0.1 , 0.0195685 , 0.0195685  , 0.00818393
2.7 , 0.175477  , 0.1 , 0.1 , 0.0231008 , 0.0231008  , 0.0082731
2.9 , 0.148701  , 0.1 , 0.1 , 0.0258313 , 0.0258313  , 0.0161628
3.39, 0.163948  , 0.39, 0.61, 0.0179265 , 0.0179265  , 0.0171051
4.59, 0.149022  , 0.59, 1.41, 0.0282867 , 0.0282867  , 0.013094
6.70, 0.180515  , 0.70, 1.30, 0.0810491 , 0.0810491  , 0.0170557
8.77, 0.0868485 , 0.77, 1.23, 0.1833370 , 0.1833370  , 0.0230754

40-60%
1.1 , 0.117962  , 0.1 , 0.1 , 0.0155110 , 0.0155110  , 0.00581576
1.3 , 0.129022  , 0.1 , 0.1 , 0.0156997 , 0.0156997  , 0.00763376
1.5 , 0.134525  , 0.1 , 0.1 , 0.0172154 , 0.0172154  , 0.00771536
1.7 , 0.196721  , 0.1 , 0.1 , 0.0206527 , 0.0206527  , 0.00927228
1.9 , 0.154266  , 0.1 , 0.1 , 0.0213384 , 0.0213384  , 0.00716085
2.1 , 0.201806  , 0.1 , 0.1 , 0.0238686 , 0.0238686  , 0.0150568
2.3 , 0.160875  , 0.1 , 0.1 , 0.0253545 , 0.0253545  , 0.0170635
2.5 , 0.202241  , 0.1 , 0.1 , 0.0314455 , 0.0314455  , 0.0218179
2.7 , 0.187350  , 0.1 , 0.1 , 0.0349284 , 0.0349284  , 0.0177447
2.9 , 0.139632  , 0.1 , 0.1 , 0.0420059 , 0.0420059  , 0.0193874
3.39, 0.215682  , 0.39, 0.61, 0.0276983 , 0.0276983  , 0.0139003
4.59, 0.121137  , 0.59, 1.41, 0.0462559 , 0.0462559  , 0.0123557
6.70, 0.325366  , 0.70, 1.30, 0.154303  , 0.154303   , 0.0451064
8.77, 0.582596  , 0.77, 1.23, 0.372272  , 0.372272   , 0.0843622


 min bias 
pT  , v2        , pT err low, pT err high, v2 err low, v2 err high, sys. err
1.1 , 0.101544  , 0.1 , 0.1 , 0.00757948, 0.00757948 , 0.00616662
1.3 , 0.117066  , 0.1 , 0.1 , 0.00777774, 0.00777774 , 0.00606373
1.5 , 0.126655  , 0.1 , 0.1 , 0.00848694, 0.00848694 , 0.00604244
1.7 , 0.132694  , 0.1 , 0.1 , 0.00893355, 0.00893355 , 0.00693288
1.9 , 0.145329  , 0.1 , 0.1 , 0.0102869 , 0.0102869  , 0.00750757
2.1 , 0.152746  , 0.1 , 0.1 , 0.0105368 , 0.0105368  , 0.00712315
2.3 , 0.156561  , 0.1 , 0.1 , 0.0122551 , 0.0122551  , 0.0107139
2.5 , 0.150425  , 0.1 , 0.1 , 0.0139369 , 0.0139369  , 0.00750924
2.7 , 0.156917  , 0.1 , 0.1 , 0.0158045 , 0.0158045  , 0.0082143
2.9 , 0.141001  , 0.1 , 0.1 , 0.0183786 , 0.0183786  , 0.0108490
3.39, 0.157595  , 0.39, 0.61, 0.0124554 , 0.0124554  , 0.0114197
4.59, 0.128723  , 0.59, 1.41, 0.0198447 , 0.0198447  , 0.00859536
6.70, 0.137895  , 0.70, 1.30, 0.0559642 , 0.0559642  , 0.0155206
8.77, 0.104442  , 0.77, 1.23, 0.100614  , 0.100614   , 0.0698042

