0.10 0.15 2.471 0.195 0.363    0.0 
0.15 0.20 1.506 0.084 0.154    0.0 
0.20 0.30 0.802 0.028 0.047    0.0 
0.30 0.50 0.306 0.007 0.016    0.0 
0.50 1.00 0.029 0.001 0.002    0.0 
0.1  0.2         1.68                  0.22   0.0 
0.2  0.3         0.680                 0.064      0.0   
0.3  0.4         0.327                 0.034     0.0   
0.4  0.5         0.168                 0.022    0.0 
0.5  0.6         0.0813                0.0093     0.0   
0.6  0.7         0.0387                0.0076     0.0    
0.7  0.8         0.0124                0.0033       0.0 
0.8  0.9         0.00380               0.000285   0.0 
0.10 0.14 2.07 0.13 0.14 
0.14 0.18 1.379 0.068 0.074 
0.18 0.22 0.917 0.039 0.050 
0.22 0.26 0.704 0.028 0.025 
0.26 0.30 0.492 0.021 0.019 
0.30 0.34 0.379 0.016 0.012 
0.34 0.38 0.265 0.011 0.014 
0.38 0.42 0.205 0.008 0.010 
0.42 0.46 0.168 0.008 0.010 
0.46 0.50 0.120 0.006 0.007 
0.50 0.54 0.0946 0.0053 0.0056 
0.54 0.58 0.0747 0.0041 0.0036 
0.58 0.62 0.0519 0.0032 0.0039 
0.62 0.66 0.0371 0.0025 0.0017 
0.66 0.70 0.0296 0.0023 0.0018 
0.70 0.74 0.0211 0.0018 0.0020 
0.74 0.82 0.0104 0.0008 0.0010 
0.82 1.00 0.0015 0.0002 0.0001
    0.10      0.14          1.71             0.28     0.0 
    0.14      0.18          1.65             0.22     0.0 
    0.18      0.22          0.963            0.046    0.0 
    0.22      0.26          0.721            0.051    0.0 
    0.26      0.30          0.560            0.028    0.0 
    0.30      0.34          0.387            0.019    0.0  
    0.34      0.38          0.254            0.018    0.0   
    0.38      0.42          0.193            0.015    0.0   
    0.42      0.46          0.171            0.019    0.0   
    0.46      0.50          0.128            0.013    0.0   
    0.50      0.54          0.113            0.012    0.0  
    0.54      0.58          0.0616           0.0062   0.0  
    0.58      0.62          0.0388           0.0043   0.0 
    0.62      0.66          0.0316           0.0042   0.0
    0.66      0.70          0.0281           0.0036   0.0   
    0.70      0.74          0.0194           0.0036   0.0   
    0.74      0.82          0.0079           0.0011   0.0   
    0.82      1.00          0.0021           0.0005   0.0  
  0.035  0.045          9.19             1.38    1.10
  0.045  0.065          6.48             0.77    0.97
  0.065  0.095          5.20             0.58    0.83
  0.095  0.135          3.30             0.42    0.53
  0.135  0.175          2.61             0.38    0.42
  0.175  0.225          1.26             0.23    0.23
0.025 0.035 10.6 1.5 2.4 
0.035 0.050 7.63 0.78 1.27 
0.050 0.075 5.10 0.38 0.61 
0.075 0.100 3.81 0.21 0.44 
0.100 0.125 2.83 0.12 0.28 
0.125 0.150 2.21 0.10 0.22 
0.150 0.200 1.46 0.05 0.13 
0.200 0.300 0.733 0.026 0.062 
0.300 0.400 0.364 0.022 0.047 
0.400 0.500 0.220 0.019 0.031 
0.500 0.600 0.086 0.010 0.019 
0.600 0.800 0.033 0.004 0.008 
0.800 1.000 0.0013 0.0004 0.001
   0.00  0.02            7.67   3.90   4.77  
   0.02  0.04            6.72   0.51   1.39  
   0.04  0.06            5.19   0.27   0.61  
   0.06  0.08            4.28   0.23   0.59  
   0.08  0.10            4.01   0.21   0.52  
   0.10  0.12            2.96   0.18   0.36  
   0.12  0.14            2.70   0.16   0.26  
   0.14  0.16            2.57   0.19   0.61  
   0.16  0.18            1.76   0.13   0.26  
   0.18  0.20            1.70   0.15   0.36  
   0.20  0.22            1.52   0.14   0.45  
   0.22  0.26            0.74   0.16   0.73  
   0.26  0.30            0.44   0.13   0.19   
   0.00  0.02              9.75   3.90   4.77
   0.02  0.04              7.39   0.51   1.39
   0.04  0.06              5.88   0.27   0.61
   0.06  0.08              4.94   0.23   0.59
   0.08  0.10              4.31   0.21   0.52
   0.10  0.12              3.17   0.18   0.36
   0.12  0.14              2.53   0.16   0.26
   0.14  0.16              2.93   0.19   0.61
   0.16  0.18              1.75   0.13   0.26
   0.18  0.20              1.51   0.15   0.36
   0.20  0.22              1.18   0.14   0.45
   0.22  0.26              1.15   0.16   0.73
   0.26  0.30              0.53   0.13   0.19
