    0.10      0.14          1.71             0.28       0.0 
    0.14      0.18          1.65             0.22       0.0 
    0.18      0.22          0.963            0.046      0.0 
    0.22      0.26          0.721            0.051      0.0 
    0.26      0.30          0.560            0.028      0.0 
    0.30      0.34          0.387            0.019     0.0  
    0.34      0.38          0.254            0.018    0.0   
    0.38      0.42          0.193            0.015    0.0   
    0.42      0.46          0.171            0.019    0.0   
    0.46      0.50          0.128            0.013    0.0   
    0.50      0.54          0.113            0.012     0.0  
    0.54      0.58          0.0616           0.0062    0.0  
    0.58      0.62          0.0388           0.0043     0.0 
    0.62      0.66          0.0316           0.0042    0.0  
    0.66      0.70          0.0281           0.0036   0.0   
    0.70      0.74          0.0194           0.0036   0.0   
    0.74      0.82          0.0079           0.0011   0.0   
    0.82      1.00          0.0021           0.0005    0.0  


 EXPeriment = CERN-LEP-ALEPH
 Author     = Barate et al
 REFerence  = 1996 CERN-PPE-96-186
 REACtion   = E+ E- --> ETA X
 sqrt(s)    = 91.2 GeV


    xp        xp     (1/sig(h))*d(sig)dxp    error
    min       max                            stat

