   0.00  0.02            7.67   3.90   4.77  
   0.02  0.04            6.72   0.51   1.39  
   0.04  0.06            5.19   0.27   0.61  
   0.06  0.08            4.28   0.23   0.59  
   0.08  0.10            4.01   0.21   0.52  
   0.10  0.12            2.96   0.18   0.36  
   0.12  0.14            2.70   0.16   0.26  
   0.14  0.16            2.57   0.19   0.61  
   0.16  0.18            1.76   0.13   0.26  
   0.18  0.20            1.70   0.15   0.36  
   0.20  0.22            1.52   0.14   0.45  
   0.22  0.26            0.74   0.16   0.73  
   0.26  0.30            0.44   0.13   0.19   



   EXPeriment = CERN-LEP-L3
   sqrt(s)    = 91.2 GeV
   Author     = Acciarri et al
   REFerence  = Phys. Lett. 328B (1994) 223


   xp    xp    (1/sig(h)) dsig/dxp   errors  
   min   max                      stat.   sys.
               _______________________________
                          HERWIG

