    0.011    0.015        242.0        32.0        26.0
    0.015    0.020        165.0        16.0        18.0
    0.020    0.025        140.0        11.0        15.0
    0.025    0.030        116.0         7.0        12.0
    0.030    0.035         96.9         5.7        10.3
    0.035    0.045         68.7         2.9         7.3
    0.045    0.060         45.3         1.5         4.8
    0.060    0.080         29.9         1.4         3.2
    0.080    0.100         19.4         0.8         2.1
    0.100    0.120         14.5         0.7         1.5
    0.120    0.145          8.90        0.41        0.94
    0.145    0.160          7.23        0.06        0.85
    0.160    0.175          5.92        0.06        0.70
    0.175    0.200          4.49        0.04        0.53
    0.200    0.220          3.38        0.03        0.40
    0.220    0.240          2.66        0.03        0.31
    0.240    0.280          1.86        0.02        0.22
    0.280    0.330          1.18        0.01        0.14
    0.330    0.380          0.707       0.009       0.083
    0.380    0.440          0.444       0.007       0.052
    0.440    0.500          0.281       0.006       0.033
    0.500    0.570          0.155       0.004       0.018
    0.570    0.650          0.088       0.003       0.010
    0.650    0.750          0.050       0.002       0.006

     

    0.011    0.015    0.013       242.0        32.0        26.0
    0.015    0.020    0.018       165.0        16.0        18.0
    0.020    0.025    0.023       140.0        11.0        15.0
    0.025    0.030    0.027       116.0         7.0        12.0
    0.030    0.035    0.032        96.9         5.7        10.3
    0.035    0.045    0.040        68.7         2.9         7.3
    0.045    0.060    0.053        45.3         1.5         4.8
    0.060    0.080    0.070        29.9         1.4         3.2
    0.080    0.100    0.090        19.4         0.8         2.1
    0.100    0.120    0.110        14.5         0.7         1.5
    0.120    0.145    0.132         8.90        0.41        0.94
    0.145    0.160    0.153         7.23        0.06        0.85
    0.160    0.175    0.167         5.92        0.06        0.70
    0.175    0.200    0.188         4.49        0.04        0.53
    0.200    0.220    0.210         3.38        0.03        0.40
    0.220    0.240    0.230         2.66        0.03        0.31
    0.240    0.280    0.260         1.86        0.02        0.22
    0.280    0.330    0.305         1.18        0.01        0.14
    0.330    0.380    0.355         0.707       0.009       0.083
    0.380    0.440    0.410         0.444       0.007       0.052
    0.440    0.500    0.470         0.281       0.006       0.033
    0.500    0.570    0.535         0.155       0.004       0.018
    0.570    0.650    0.610         0.088       0.003       0.010
    0.650    0.750    0.700         0.050       0.002       0.006

    xp       xp       xp       (1/sig(h))*          errors
    min      max      mean      d(sig)dx       stat        sys

 EXPeriment = CERN-LEP-DELPHI
 Author     = Adam et al
 REFerence  = 1995   Zeit. Phys. C69, 561
 REACtion   = E+ E- --> PI0 X
 sqrt(s)    = 91.2 GeV
