 0.000  0.005        126.81     11.97   51.31  
 0.005  0.010        274.30      5.85   46.87  
 0.010  0.015        222.92      2.24   13.92  
 0.015  0.020        162.53      1.29    9.41  
 0.020  0.025        125.84      0.96    6.03  
 0.025  0.030        103.12      0.79    5.09  
 0.030  0.035         84.57      0.68    4.16  
 0.035  0.040         71.18      0.59    3.60  
 0.040  0.045         59.77      0.52    3.23  
 0.045  0.050         48.35      0.50    2.86  
 0.050  0.055         39.98      0.53    3.21  
 0.055  0.060         33.95      0.61    2.40  
 0.060  0.065         28.14      0.66    1.87  
 0.065  0.070         24.61      0.79    2.01  
 0.070  0.075         21.71      1.06    3.72  
 0.075  0.080         21.28      1.31    2.01  
 0.080  0.085         15.52      1.43    7.45  
 0.085  0.090         15.28      2.03    5.18  
 0.090  0.105         12.70      3.02    3.61  
 0.105  0.120         12.72      4.20    4.86  
 0.120  0.135          9.94      4.46    5.25  
 0.135  0.150          5.64      4.23    5.10   



EXPeriment = CERN-LEP-L3                                               
sqrt(s)    = 91.2 GeV
Author     = Acciarri et el 
REFerence  = 1994 Phys. Lett. 328B, 223

Data are given for two analyses using the HERWIG monte-carlo
programme

                        
                         HERWIG
     xp
  min    max    1/sig(h) dsig/dxp    errors
                                  stat.   sys.


