    0.025    0.035     0.031      105.1        5.9        8.1 
    0.035    0.045     0.040       70.13       2.10       5.4  
    0.045    0.055     0.050       55.04       1.33       4.24 
    0.055    0.070     0.062       39.63       0.72       3.05 
    0.070    0.085     0.077       26.67       0.47       2.05 
    0.085    0.100     0.092       19.88       0.36       1.47 
    0.100    0.120     0.110       14.15       0.22       1.05 
    0.120    0.140     0.130       10.51       0.18       0.78 
    0.140    0.160     0.150        7.64       0.14       0.68 
    0.160    0.180     0.170        5.79       0.12       0.51 
    0.180    0.200     0.190        4.47       0.10       0.40 
    0.200    0.225     0.212        3.44       0.08       0.36 
    0.225    0.250     0.237        2.44       0.06       0.26 
    0.250    0.275     0.262        1.88       0.05       0.20 
    0.275    0.300     0.287        1.37       0.04       0.14 
    0.300    0.350     0.323        0.917      0.025      0.080 
    0.350    0.400     0.373        0.620      0.021      0.052 
    0.400    0.450     0.423        0.347      0.016      0.028 
    0.450    0.500     0.474        0.245      0.019      0.019 
    0.500    0.550     0.523        0.153      0.013      0.011 
    0.550    0.600     0.573        0.102      0.009      0.007 
    0.600    0.700     0.643        0.050      0.005      0.003 
    0.700    1.000     0.770        0.008      0.002      0.001
    0.025    0.085     0.061      54.80       2.84       3.18
    0.085    0.140     0.110      14.06       0.75       0.66
    0.140    0.200     0.167       6.00       0.43       0.31
    0.200    1.000     0.301       0.420      0.027      0.025


 EXPeriment = CERN-LEP-ALEPH
 Author     = Barate et al
 REFerence  = 1996 CERN-PPE-96-168
 REACtion   = RE(Q=PI0)   E+ E- --> PI0 X
 REACtion   = RE(Q=HAD)   E+ E- --> HADRONS
 sqrt(s)    = 91.2 GeV

 PI0 multiplicity and cross section for events with two converted photons

     xp       xp       xp       (1/sig(h))*       errors
     min      max      mean      d(sig)dx     stat       sys

    0.025    0.085     0.061      54.80       2.84       3.18
    0.085    0.140     0.110      14.06       0.75       0.66
    0.140    0.200     0.167       6.00       0.43       0.31
    0.200    1.000     0.301       0.420      0.027      0.025


 PI0 multiplicity and cross section for events with only one converted photon.
 Final data point for full x range uses jetset 7.4 monte carlo extrapolation
 prediction

     xp       xp       xp       (1/sig(h))*        errors
     min      max      mean      d(sig)dx      stat       sys

    0.025    0.035     0.031      105.1        5.9        8.1 
    0.035    0.045     0.040       70.13       2.10       5.4  
    0.045    0.055     0.050       55.04       1.33       4.24 
    0.055    0.070     0.062       39.63       0.72       3.05 
    0.070    0.085     0.077       26.67       0.47       2.05 
    0.085    0.100     0.092       19.88       0.36       1.47 
    0.100    0.120     0.110       14.15       0.22       1.05 
    0.120    0.140     0.130       10.51       0.18       0.78 
    0.140    0.160     0.150        7.64       0.14       0.68 
    0.160    0.180     0.170        5.79       0.12       0.51 
    0.180    0.200     0.190        4.47       0.10       0.40 
    0.200    0.225     0.212        3.44       0.08       0.36 
    0.225    0.250     0.237        2.44       0.06       0.26 
    0.250    0.275     0.262        1.88       0.05       0.20 
    0.275    0.300     0.287        1.37       0.04       0.14 
    0.300    0.350     0.323        0.917      0.025      0.080 
    0.350    0.400     0.373        0.620      0.021      0.052 
    0.400    0.450     0.423        0.347      0.016      0.028 
    0.450    0.500     0.474        0.245      0.019      0.019 
    0.500    0.550     0.523        0.153      0.013      0.011 
    0.550    0.600     0.573        0.102      0.009      0.007 
    0.600    0.700     0.643        0.050      0.005      0.003 
    0.700    1.000     0.770        0.008      0.002      0.001 
                                                  
