 0.000  0.005        119.66      11.97   51.31
 0.005  0.010        280.23       5.85   46.87
 0.010  0.015        242.86       2.24   13.92
 0.015  0.020        185.33       1.29    9.41
 0.020  0.025        143.70       0.96    6.03
 0.025  0.030        118.20       0.79    5.09
 0.030  0.035        100.91       0.68    4.16
 0.035  0.040         81.32       0.59    3.60
 0.040  0.045         68.71       0.52    3.23
 0.045  0.050         56.66       0.50    2.86
 0.050  0.055         47.67       0.53    3.21
 0.055  0.060         41.61       0.61    2.40
 0.060  0.065         34.10       0.66    1.87
 0.065  0.070         28.06       0.79    2.01
 0.070  0.075         27.25       1.06    3.72
 0.075  0.080         21.91       1.31    2.01
 0.080  0.085         16.32       1.43    7.45
 0.085  0.090         17.12       2.03    5.18
 0.090  0.105         15.11       3.02    3.61
 0.105  0.120         14.01       4.20    4.86
 0.120  0.135         11.16       4.46    5.25
 0.135  0.150          8.46       4.23    5.10


EXPeriment = CERN-LEP-L3                                               
sqrt(s)    = 91.2 GeV
Author     = Acciarri et el 
REFerence  = 1994 Phys. Lett. 328B, 223

Data are given for two analyses using the JETSET  monte-carlo
programme.

                        
                        JETSET  
     xp
  min    max    1/sig(h) dsig/dxp    errors
                                  stat.   sys.


