      0.0075   0.010              304           35       20  
      0.010    0.015              283           16       30  
      0.015    0.020              207           10       20  
      0.020    0.025              153            7       15  
      0.025    0.030              121            6       10  
      0.030    0.035               94            5       10  
      0.035    0.040               74            4       10  
      0.040    0.045               54            3       10  
      0.045    0.050               46            3       10  
      0.050    0.055               39            3       10  
      0.055    0.060               31            3        9  
      0.060    0.065               24            4        7   



EXPeriment = CERN-LEP-L3                                               
sqrt(s)    = 91.2 GeV
Author     = Adeva et el 
REFerence  = 1991 Phys. Lett. 259B, 199


            xp
       min      max         1/sig(h) dsig/dxp      errors
                                                stat.   sys.

