    0.025    0.085     0.061      54.80       2.84       3.18
    0.085    0.140     0.110      14.06       0.75       0.66
    0.140    0.200     0.167       6.00       0.43       0.31
    0.200    1.000     0.301       0.420      0.027      0.025
    0.025    0.035     0.031      105.132      5.912      8.095
    0.035    0.045     0.040       70.133      2.102      5.400
    0.045    0.055     0.050       55.040      1.329      4.238
    0.055    0.070     0.062       39.626      0.723      3.051
    0.070    0.085     0.077       26.674      0.470      2.054
    0.085    0.100     0.092       19.884      0.356      1.471
    0.100    0.120     0.110       14.153      0.225      1.047
    0.120    0.140     0.130       10.505      0.181      0.777
    0.140    0.160     0.150        7.644      0.143      0.680
    0.160    0.180     0.170        5.788      0.118      0.515
    0.180    0.200     0.190        4.474      0.100      0.398
    0.200    0.225     0.212        3.439      0.077      0.361
    0.225    0.250     0.237        2.435      0.061      0.256
    0.250    0.275     0.262        1.877      0.054      0.197
    0.275    0.300     0.287        1.370      0.043      0.144
    0.300    0.350     0.323        0.917      0.025      0.080
    0.350    0.400     0.373        0.620      0.021      0.052
    0.400    0.450     0.423        0.347      0.016      0.028
    0.450    0.500     0.474        0.245      0.019      0.019
    0.500    0.550     0.523        0.153      0.013      0.011
    0.550    0.600     0.573        0.102      0.009      0.007
    0.600    0.700     0.643        0.050      0.005      0.003
    0.700    1.000     0.770        0.008      0.002      0.001
0.06 0.08 30.82 0.25 0.99 
0.08 0.10 20.02 0.13 0.66 
0.10 0.14 11.65 0.05 0.42 
0.14 0.18 6.247 0.029 0.256 
0.18 0.22 3.613 0.018 0.160 
0.22 0.26 2.243 0.013 0.085 
0.26 0.30 1.395 0.013 0.047 
0.30 0.34 0.928 0.012 0.027 
0.34 0.38 0.620 0.011 0.033 
0.38 0.42 0.411 0.011 0.030 
0.42 0.46 0.281 0.013 0.035 
0.46 0.52 0.181 0.015 0.027 
0.52 0.62 0.082 0.015 0.019
    0.011    0.015        242.0        32.0        26.0
    0.015    0.020        165.0        16.0        18.0
    0.020    0.025        140.0        11.0        15.0
    0.025    0.030        116.0         7.0        12.0
    0.030    0.035         96.9         5.7        10.3
    0.035    0.045         68.7         2.9         7.3
    0.045    0.060         45.3         1.5         4.8
    0.060    0.080         29.9         1.4         3.2
    0.080    0.100         19.4         0.8         2.1
    0.100    0.120         14.5         0.7         1.5
    0.120    0.145          8.90        0.41        0.94
    0.145    0.160          7.23        0.06        0.85
    0.160    0.175          5.92        0.06        0.70
    0.175    0.200          4.49        0.04        0.53
    0.200    0.220          3.38        0.03        0.40
    0.220    0.240          2.66        0.03        0.31
    0.240    0.280          1.86        0.02        0.22
    0.280    0.330          1.18        0.01        0.14
    0.330    0.380          0.707       0.009       0.083
    0.380    0.440          0.444       0.007       0.052
    0.440    0.500          0.281       0.006       0.033
    0.500    0.570          0.155       0.004       0.018
    0.570    0.650          0.088       0.003       0.010
    0.650    0.750          0.050       0.002       0.006
      0.0075   0.010              304           35       20  
      0.010    0.015              283           16       30  
      0.015    0.020              207           10       20  
      0.020    0.025              153            7       15  
      0.025    0.030              121            6       10  
      0.030    0.035               94            5       10  
      0.035    0.040               74            4       10  
      0.040    0.045               54            3       10  
      0.045    0.050               46            3       10  
      0.050    0.055               39            3       10  
      0.055    0.060               31            3        9  
      0.060    0.065               24            4        7   
0.007 0.009 254. 18. 48 
0.009 0.011 266. 12. 38 
0.011 0.013 248. 6. 28 
0.013 0.016 211. 3. 18 
0.016 0.020 178. 2. 14 
0.020 0.025 139. 2. 6 
0.025 0.030 113. 1. 5 
0.030 0.035 94.1 0.9 4.0 
0.035 0.040 77.7 0.8 4.3 
0.040 0.050 62.5 0.4 3.9 
0.050 0.060 45.7 0.4 3.0 
0.060 0.070 34.7 0.3 3.0 
0.070 0.085 26.2 0.2 1.8 
0.085 0.100 19.4 0.2 1.4 
0.100 0.125 13.2 0.1 2.9 
0.125 0.150 9.05 0.13 0.76 
0.150 0.200 5.36 0.10 0.69 
0.200 0.300 2.26 0.13 0.38 
0.300 0.400 0.764 0.085 0.309 
0.400 0.500 0.455 0.095 0.244
 0.000  0.005        119.66      11.97   51.31
 0.005  0.010        280.23       5.85   46.87
 0.010  0.015        242.86       2.24   13.92
 0.015  0.020        185.33       1.29    9.41
 0.020  0.025        143.70       0.96    6.03
 0.025  0.030        118.20       0.79    5.09
 0.030  0.035        100.91       0.68    4.16
 0.035  0.040         81.32       0.59    3.60
 0.040  0.045         68.71       0.52    3.23
 0.045  0.050         56.66       0.50    2.86
 0.050  0.055         47.67       0.53    3.21
 0.055  0.060         41.61       0.61    2.40
 0.060  0.065         34.10       0.66    1.87
 0.065  0.070         28.06       0.79    2.01
 0.070  0.075         27.25       1.06    3.72
 0.075  0.080         21.91       1.31    2.01
 0.080  0.085         16.32       1.43    7.45
 0.085  0.090         17.12       2.03    5.18
 0.090  0.105         15.11       3.02    3.61
 0.105  0.120         14.01       4.20    4.86
 0.120  0.135         11.16       4.46    5.25
 0.135  0.150          8.46       4.23    5.10
 0.000  0.005        126.81     11.97   51.31  
 0.005  0.010        274.30      5.85   46.87  
 0.010  0.015        222.92      2.24   13.92  
 0.015  0.020        162.53      1.29    9.41  
 0.020  0.025        125.84      0.96    6.03  
 0.025  0.030        103.12      0.79    5.09  
 0.030  0.035         84.57      0.68    4.16  
 0.035  0.040         71.18      0.59    3.60  
 0.040  0.045         59.77      0.52    3.23  
 0.045  0.050         48.35      0.50    2.86  
 0.050  0.055         39.98      0.53    3.21  
 0.055  0.060         33.95      0.61    2.40  
 0.060  0.065         28.14      0.66    1.87  
 0.065  0.070         24.61      0.79    2.01  
 0.070  0.075         21.71      1.06    3.72  
 0.075  0.080         21.28      1.31    2.01  
 0.080  0.085         15.52      1.43    7.45  
 0.085  0.090         15.28      2.03    5.18  
 0.090  0.105         12.70      3.02    3.61  
 0.105  0.120         12.72      4.20    4.86  
 0.120  0.135          9.94      4.46    5.25  
 0.135  0.150          5.64      4.23    5.10   
