         0.017     0.0         37.8           3.4        8.9   
         0.029    0.0          24.6           1.2        2.1   
         0.041    0.0          16.5           1.0        1.2   
         0.052    0.0          13.4           0.8        0.6   
         0.064     0.0         10.4           0.7        0.5   
         0.075     0.0          8.1           0.6        0.34  
         0.087     0.0          6.56          0.57       0.39  
         0.099    0.0           5.77          0.66       0.26  
         0.110    0.0           5.16          0.73       0.18  
         0.128    0.0           4.35          0.65       0.32  
         0.151     0.0          3.51          1.06       0.15  
         0.174     0.0          2.66          1.42       0.30  
         0.209     0.0          1.67          1.25       0.30  


EXPeriment = DESY-PETRA-JADE                                                 
sqrt(s)    = 34.4 GeV
Author     = Bartel et al 
REFerence  = 1985 Zeit. Phys. C28, 343


          xE       (s/beta) dsig/dxE       errors
                     (mub GeV**2)      stat.      sys.


