         0.0171     0.0          42.3          1.9       3.1   
         0.0286     0.0          31.3          1.3       1.7   
         0.0400     0.0          22.6          0.62      1.0   
         0.0514     0.0          17.4          0.45      0.61  
         0.0629     0.0          12.5          0.35      0.45  
         0.0743     0.0           8.76         0.30      0.30  
         0.0857     0.0           7.39         0.24      0.27  
         0.0971     0.0           5.26         0.22      0.23  
         0.109      0.0           4.77         0.24      0.22  
         0.126      0.0           3.99         0.18      0.21  
         0.149      0.0           2.90         0.27      0.24  
         0.171      0.0           1.83         0.24      0.25  
         0.206      0.0           1.47         0.27      0.28  


sqrt(s)    = 35 GeV
Author     = Pitzl et al 
REFerence  = 1990 Zeit. Phys. C46, 1


          xE       (s/beta) dsig/dxE       errors
                     (mub GeV**2)      stat.     sys.

