    0.025    0.035     0.031      105.132      5.912      8.095
    0.035    0.045     0.040       70.133      2.102      5.400
    0.045    0.055     0.050       55.040      1.329      4.238
    0.055    0.070     0.062       39.626      0.723      3.051
    0.070    0.085     0.077       26.674      0.470      2.054
    0.085    0.100     0.092       19.884      0.356      1.471
    0.100    0.120     0.110       14.153      0.225      1.047
    0.120    0.140     0.130       10.505      0.181      0.777
    0.140    0.160     0.150        7.644      0.143      0.680
    0.160    0.180     0.170        5.788      0.118      0.515
    0.180    0.200     0.190        4.474      0.100      0.398
    0.200    0.225     0.212        3.439      0.077      0.361
    0.225    0.250     0.237        2.435      0.061      0.256
    0.250    0.275     0.262        1.877      0.054      0.197
    0.275    0.300     0.287        1.370      0.043      0.144
    0.300    0.350     0.323        0.917      0.025      0.080
    0.350    0.400     0.373        0.620      0.021      0.052
    0.400    0.450     0.423        0.347      0.016      0.028
    0.450    0.500     0.474        0.245      0.019      0.019
    0.500    0.550     0.523        0.153      0.013      0.011
    0.550    0.600     0.573        0.102      0.009      0.007
    0.600    0.700     0.643        0.050      0.005      0.003
    0.700    1.000     0.770        0.008      0.002      0.001



                                                                                                    



 EXPeriment = CERN-LEP-ALEPH
 REACtion   = E+ E- --> PI0 X
 sqrt(s)    = 91.2 GeV
 Author     = Barate et al
 REFerence  = 1996 CERN-PPE-96-186

 Measured differential cross section for pi0 production

     xp       xp       xp       (1/sig(h))*        errors
     min      max      mean      dsig/dxp      stat       sys

